7 2 2 6 7 2 2 2 2 2 2 2 2 2 
2 2 2 2 2 2 2 2 2 2 2 2 
7 2 2 2 2 2 2 2 2 2 2 
7 2 7 2 2 2 2 2 2 2 2 2 2 2 2 
7 2 2 2 2 7 2 2 2 2 2 2 2 2 
2 2 2 2 7 2 2 2 2 2 2 2 2 2 2 
2 2 2 2 2 2 2 2 2 2 2 2 
7 2 2 2 7 2 2 2 2 2 2 2 2 2 2 
2 7 2 2 2 2 2 2 2 2 2 2 2 2 
7 2 2 2 2 2 2 2 2 2 2 2 2 
7 2 2 2 2 2 2 2 2 2 2 2 2 
2 2 2 2 2 2 2 2 2 2 2 2 2 2 
2 2 2 2 2 2 2 2 2 2 2 2 2 2 
2 2 2 2 2 2 2 2 2 2 2 2 2 2 
2 2 2 2 2 2 2 2 2 2 2 2 2 2 
2 2 2 2 2 2 2 7 2 2 2 2 2 2 
2 2 2 2 2 2 7 2 2 2 2 2 2 2 2 2 2 
2 2 7 2 2 2 2 2 2 2 2 2 2 
2 2 2 7 2 2 2 2 2 2 2 2 2 2 
2 7 2 2 2 2 2 2 2 2 2 
2 7 2 2 2 2 2 2 2 2 2 2 
2 2 2 2 2 2 2 2 2 2 2 2 
2 7 2 2 2 2 2 2 2 2 2 2 
7 2 2 2 2 2 2 2 2 2 2 2 2 
2 2 2 2 2 2 2 2 2 2 2 2 2 
2 2 2 2 2 2 2 2 2 2 2 2 2 2 
2 2 2 2 2 2 2 2 2 2 2 2 2 
2 2 2 2 2 2 2 2 2 2 2 2 
2 2 2 2 2 2 2 2 2 2 2 
2 2 2 2 2 2 2 2 2 2 2 
7 2 2 2 2 2 2 2 2 2 2 2 
2 7 2 2 2 2 2 2 2 2 2 2 2 2 
2 2 2 2 2 2 2 2 2 2 2 2 
2 2 2 2 2 2 2 2 2 2 2 
2 2 2 2 2 2 2 2 2 
2 2 2 2 2 2 2 2 2 
2 0 2 2 2 2 2 2 2 
2 2 2 2 2 0 2 2 2 2 
2 2 2 2 2 0 2 2 2 
2 2 2 2 0 2 2 2 2 
2 2 2 2 2 0 2 2 2 
2 2 2 2 2 2 0 2 2 2 
2 2 2 2 2 2 2 2 0 2 2 
2 2 2 2 2 2 2 2 2 0 2 2 
2 2 2 2 2 2 2 2 0 2 2 2 
2 2 2 2 2 2 2 2 2 0 2 2 
2 2 2 2 2 2 2 2 2 2 2 0 2 2 2 2 
2 2 2 2 2 2 2 2 2 2 2 0 2 2 2 
2 2 2 2 2 2 2 2 2 2 2 0 2 2 2 2 
2 2 2 2 2 2 2 2 2 0 2 2 2 2 
2 2 2 2 2 2 2 2 0 2 2 2 2 2 
2 2 2 2 2 2 2 2 2 0 2 2 2 
2 2 2 2 2 2 2 2 0 2 2 2 2 
2 2 2 2 2 2 2 0 2 2 2 2 2 2 
2 2 2 2 2 2 2 2 2 2 0 2 2 2 2 2 
2 2 2 2 2 2 1 2 2 2 0 2 2 2 2 
2 2 2 2 2 1 2 2 0 2 2 2 2 2 
2 2 2 2 2 1 2 0 2 2 2 2 2 
2 2 2 2 2 1 2 2 0 2 2 2 
2 2 2 2 1 2 2 2 2 0 2 2 2 
2 2 2 2 2 2 7 2 2 2 1 2 2 0 2 2 2 2 2 
7 2 2 2 2 2 2 2 2 1 2 2 0 2 2 2 
2 2 2 2 7 2 2 2 2 2 2 2 1 2 0 2 2 2 
2 2 2 7 2 2 2 2 2 2 2 2 1 2 2 0 2 2 2 
2 2 2 7 2 2 1 2 2 2 2 2 2 0 2 2 2 
3 2 0 2 7 2 2 2 2 2 2 2 2 2 2 2 
2 7 1 2 2 2 2 2 2 0 2 2 2 2 2 
2 7 2 3 2 2 2 2 2 0 2 2 2 2 2 2 2 2 
2 2 7 2 3 2 2 2 2 2 2 2 2 2 2 2 2 
2 2 2 7 2 2 2 2 2 2 2 2 2 2 2 2 
2 2 2 2 7 2 2 2 2 2 2 2 2 2 
2 2 2 7 2 2 2 2 0 2 2 2 2 
2 2 2 2 2 2 7 2 2 2 2 2 2 2 2 
2 2 7 2 2 2 0 2 2 2 2 
2 2 7 2 2 2 2 2 2 2 2 2 
2 2 2 2 2 2 2 2 2 7 2 2 2 2 2 2 2 
2 2 2 7 2 2 2 2 2 2 2 2 2 2 2 2 2 
2 2 2 2 2 2 7 2 2 2 2 2 2 2 2 2 2 2 2 
2 2 2 2 2 2 2 7 2 2 2 2 2 2 2 2 2 2 2 
2 2 2 2 2 2 2 7 2 2 2 2 2 2 2 2 2 2 2 2 2 
2 2 2 2 2 2 7 2 2 2 2 2 2 2 2 2 2 2 2 2 
2 2 2 2 2 2 7 2 2 2 2 2 2 2 2 2 2 2 
2 2 2 7 2 2 2 2 2 2 2 2 2 2 2 2 2 
2 2 2 2 2 2 2 2 7 2 2 2 2 2 2 2 2 2 
2 2 2 2 2 2 2 7 2 2 2 2 2 2 2 2 2 2 
2 2 2 2 2 2 2 7 2 2 2 2 2 2 2 2 2 2 
2 2 2 2 2 2 2 7 2 2 2 2 2 2 2 2 2 2 2 2 2 
2 2 2 2 7 2 2 2 2 2 2 2 2 2 2 2 2 2 2 
2 2 2 2 2 2 7 2 2 2 2 2 2 2 2 2 2 2 2 
2 2 2 2 2 2 2 2 2 2 2 2 2 2 2 2 
2 2 2 2 2 2 2 2 2 2 2 2 2 2 2 
2 2 2 2 2 2 2 7 2 2 2 2 2 2 2 2 2 2 
2 2 7 2 2 2 2 2 2 2 2 2 2 2 2 2 2 
2 2 2 2 7 2 2 2 2 2 2 2 2 2 2 2 2 2 
2 2 2 2 2 2 2 2 7 2 2 2 2 2 2 2 2 2 2 2 
2 2 2 7 2 2 2 2 2 2 2 2 2 2 2 2 2 
2 2 7 2 2 2 2 2 2 2 2 2 2 2 2 2 2 
2 2 7 2 2 2 2 2 2 2 2 2 2 2 2 
2 2 2 2 2 2 7 2 2 2 2 2 2 2 2 2 2 2 
2 2 2 2 2 2 7 2 2 2 2 2 2 2 2 2 2 
2 2 2 7 2 2 2 2 2 2 2 2 2 2 
2 2 2 2 7 2 2 2 2 2 2 2 2 2 2 
2 2 2 7 2 2 2 2 2 2 2 2 2 2 2 2 2 
2 7 2 2 2 2 2 2 2 2 2 2 2 2 2 2 2 
2 2 7 2 2 2 2 2 2 2 2 2 2 2 2 2 2 
2 2 2 2 2 2 2 2 2 2 2 2 2 2 2 2 2 2 2 
2 7 2 2 2 2 2 2 2 2 2 2 2 
2 2 7 2 2 2 2 2 2 2 2 2 2 
2 2 2 2 2 2 2 2 2 2 2 2 2 2 2 2 2 
2 2 2 2 2 2 2 2 2 2 2 2 2 2 2 
2 2 2 2 2 2 2 2 2 2 2 2 2 2 2 2 
2 2 2 2 2 2 2 2 2 2 2 2 2 2 2 2 2 2 2 2 
2 2 2 2 2 2 2 2 2 2 2 2 2 2 2 2 2 2 2 2 
2 2 2 2 2 2 2 2 2 2 2 2 2 2 2 2 2 2 2 2 
2 2 2 2 2 2 2 2 2 2 2 2 2 2 2 2 2 2 2 
2 2 2 2 2 2 2 2 2 2 2 2 2 2 2 2 2 2 2 2 2 
2 2 2 2 2 2 2 2 2 2 2 2 2 2 2 2 2 2 2 2 2 2 2 
2 2 7 2 2 2 2 2 2 2 2 2 2 2 2 2 2 2 2 2 2 
2 2 2 2 2 2 2 2 2 2 2 2 2 2 2 2 2 2 2 2 
2 2 2 2 2 2 2 2 2 2 2 2 2 2 2 2 2 2 
2 2 2 7 2 2 2 2 2 2 2 2 2 2 2 2 2 
2 2 2 2 7 2 2 2 2 2 2 2 2 2 2 2 2 2 
2 2 2 2 2 2 7 2 2 2 2 2 2 2 2 2 2 
2 2 2 2 2 2 7 2 2 2 2 2 2 2 2 2 
2 2 2 7 2 2 2 2 2 2 2 2 2 2 2 2 
2 2 2 7 2 2 2 2 2 2 2 2 2 2 2 2 2 2 
2 2 2 7 2 2 2 2 2 2 2 2 2 2 2 2 
2 2 2 2 7 2 2 2 2 2 2 2 2 2 2 2 2 2 
2 2 2 2 2 2 7 2 2 2 2 2 2 2 2 2 2 2 
2 2 2 7 2 2 2 2 2 2 2 2 2 2 2 2 
2 2 2 2 2 2 2 7 2 2 2 2 2 2 2 2 2 2 
2 2 2 2 2 2 2 2 7 2 2 2 2 2 2 2 2 2 2 2 2 
2 2 2 2 7 2 2 2 2 2 2 2 2 2 2 2 2 2 2 2 
2 2 2 2 2 7 2 2 7 2 2 2 2 2 2 2 2 2 2 2 2 
2 2 2 2 2 2 7 2 2 2 2 2 2 2 2 2 2 2 2 2 2 2 
2 2 2 2 2 2 2 2 2 2 2 2 2 2 2 2 2 
2 2 7 2 2 2 2 2 2 2 2 2 2 2 2 2 2 2 
2 2 2 2 2 2 2 2 2 2 2 2 2 2 2 2 
2 2 2 2 2 2 2 2 2 2 2 2 2 2 2 2 
2 2 2 2 2 2 2 2 2 2 2 2 2 2 2 2 
2 2 2 2 2 2 2 2 2 2 2 2 2 2 
2 2 2 2 2 2 2 2 2 2 2 2 2 
2 2 2 2 2 2 2 2 2 2 2 2 2 
2 2 2 2 2 2 2 2 2 2 2 
2 2 2 2 2 2 2 2 2 2 2 2 2 2 
2 2 2 2 2 2 2 2 2 2 2 
2 2 2 2 2 2 2 2 2 2 2 2 2 2 2 2 
2 2 2 2 2 2 2 2 2 2 2 2 2 2 2 2 
2 2 2 2 2 2 2 2 2 2 2 2 2 2 2 2 
2 2 2 2 2 2 2 2 2 2 2 2 2 2 2 2 2 2 2 2 
2 2 7 2 2 2 2 2 2 2 2 2 2 2 2 2 2 2 2 
2 2 2 2 2 2 2 2 2 2 2 2 2 2 2 
2 2 2 2 2 2 2 2 2 2 2 2 2 2 2 2 
2 2 2 2 2 2 2 2 2 2 2 2 2 2 2 2 2 2 2 
2 2 2 2 2 2 2 2 2 2 2 2 2 2 2 
2 2 2 2 2 2 2 2 2 2 2 2 2 2 2 2 2 2 2 2 
2 2 2 2 2 2 2 2 2 2 2 2 2 2 2 2 2 2 2 2 2 
2 2 2 2 2 2 2 2 2 2 2 2 2 2 2 2 2 2 2 
2 2 2 2 2 2 2 2 2 2 2 2 2 2 2 2 2 2 2 2 
2 2 2 2 2 2 2 2 2 2 2 2 2 2 2 2 2 2 2 
2 2 2 2 2 2 2 2 2 2 2 2 2 2 2 2 2 2 2 2 
2 2 2 2 2 2 2 2 2 2 2 2 2 2 2 2 2 2 2 
2 2 2 2 2 2 2 2 2 2 2 2 2 2 2 2 2 2 2 2 2 
2 2 2 2 2 2 2 2 2 2 2 2 2 2 2 2 2 2 2 2 2 2 
2 2 2 2 2 2 2 2 2 2 2 2 2 2 2 2 2 2 
2 2 2 2 2 7 2 2 2 2 2 2 2 2 2 2 2 2 2 2 2 2 2 2 2 2 2 
7 2 2 2 2 2 2 2 2 2 2 2 2 2 2 2 2 2 2 2 2 2 2 2 
2 2 2 7 2 2 2 2 2 2 2 2 2 2 2 2 2 2 2 2 2 2 
2 2 2 2 2 2 2 7 2 2 2 2 2 2 2 2 2 2 2 2 2 2 2 
2 2 2 2 2 2 2 2 7 2 2 2 2 2 2 2 2 2 2 2 2 2 
2 2 2 2 2 2 2 2 7 2 2 2 2 2 2 2 2 2 2 2 2 2 2 
2 2 2 2 2 7 2 2 2 2 2 2 2 2 2 2 2 2 2 2 2 2 2 2 
2 2 7 2 2 2 2 2 2 2 2 2 2 2 2 2 2 2 2 2 
2 2 2 7 2 2 2 2 2 2 2 2 2 2 2 2 2 2 2 2 2 2 
2 2 2 7 2 2 2 2 2 2 2 2 2 2 2 2 2 2 2 2 
2 2 2 7 2 2 2 2 2 2 2 2 2 2 2 2 2 2 2 
2 7 2 2 2 2 2 2 2 2 2 2 2 2 2 2 2 2 2 2 2 
2 7 2 2 2 2 2 2 2 2 2 2 2 2 2 2 2 2 2 2 
2 2 2 2 2 2 2 2 2 2 2 2 2 2 2 2 2 2 2 2 2 
2 2 2 2 2 2 2 2 2 2 2 2 2 2 2 2 2 2 2 2 
7 2 2 2 2 2 2 2 2 2 2 2 2 2 2 2 2 
2 2 2 2 2 2 2 2 2 2 2 2 2 2 2 2 2 2 
2 2 2 2 2 2 2 2 2 2 2 2 2 2 2 2 2 2 
2 2 2 2 2 2 2 2 2 2 2 2 2 2 2 2 2 2 2 
2 2 2 2 2 2 2 2 2 2 2 2 2 2 2 2 2 2 2 
2 2 2 2 2 2 2 2 2 2 2 2 2 2 2 2 
2 2 2 2 2 2 2 2 2 2 2 2 2 2 
2 2 2 2 2 2 2 2 2 2 2 2 2 2 
2 2 2 2 2 2 2 2 2 2 2 2 2 
2 2 2 2 2 2 2 2 2 2 2 2 2 2 
2 2 2 2 2 2 2 2 2 2 2 2 2 2 2 
2 2 2 2 2 2 2 2 2 2 2 2 2 
2 2 2 2 2 2 2 2 2 2 2 2 2 
2 2 2 2 2 2 2 2 2 2 2 2 2 2 
2 2 2 2 2 2 2 2 2 2 2 
2 2 2 2 2 2 2 2 2 2 2 2 2 2 2 
2 2 2 2 2 2 2 2 2 2 2 2 2 
2 2 2 2 2 2 2 2 2 2 2 2 2 2 
2 2 2 2 2 2 2 2 2 2 2 2 2 
2 2 2 2 2 2 2 2 2 2 2 2 2 2 
2 2 2 2 2 2 2 2 2 2 2 2 2 2 
2 2 2 2 2 2 2 2 2 2 2 2 2 2 2 2 
2 2 2 2 2 2 2 2 2 2 2 2 2 2 2 2 
2 2 2 2 2 2 2 2 2 2 2 2 2 
2 2 2 2 2 2 2 2 2 2 2 2 2 2 
2 2 2 2 2 2 2 2 2 2 2 2 2 
2 2 2 2 2 2 2 2 2 2 2 2 2 2 
2 2 2 2 2 2 2 2 2 2 2 2 2 2 2 2 2 2 
2 2 2 2 2 2 2 2 2 2 2 2 2 2 
2 2 2 2 2 2 2 2 2 2 2 2 2 2 
2 2 2 2 2 2 7 2 2 2 2 2 2 2 2 2 2 2 2 
2 2 2 2 2 2 2 2 2 2 2 2 2 2 2 2 2 2 
7 2 2 2 2 2 2 2 2 2 2 2 2 2 2 2 2 2 2 2 2 2 2 2 2 
2 2 2 2 2 2 2 2 2 2 2 2 2 2 2 2 2 2 2 2 
2 2 2 2 2 2 2 2 2 2 2 2 2 2 2 2 2 2 
2 2 2 2 2 2 2 2 2 2 2 2 2 2 2 2 2 2 2 2 2 
2 2 2 2 2 2 2 2 2 2 2 2 2 2 2 2 2 2 2 2 
2 2 2 2 2 2 2 2 2 2 2 2 2 2 2 2 2 2 2 2 
2 2 2 2 2 2 2 2 2 2 2 2 2 2 2 2 2 2 2 2 2 2 
2 2 2 2 2 2 2 2 2 2 2 2 2 2 2 2 2 2 2 2 2 2 
2 2 2 2 2 2 2 2 2 2 2 2 2 2 2 2 2 2 
2 2 2 2 2 2 7 2 2 2 2 2 2 2 2 2 2 2 2 2 
2 2 2 2 2 2 2 2 2 2 2 2 2 2 2 2 2 2 2 2 2 2 2 2 2 2 
2 2 2 2 2 2 2 2 2 2 2 2 2 2 2 2 2 2 2 2 2 2 2 2 
2 2 2 2 2 2 2 2 2 2 2 2 2 2 2 2 2 2 2 2 2 2 2 
2 2 2 2 2 2 2 2 2 2 2 2 2 2 2 
2 2 2 7 2 2 2 2 2 2 2 2 2 2 2 
2 2 7 2 2 2 5 2 2 2 2 2 2 2 2 
2 2 2 2 7 2 2 2 2 2 2 2 2 2 2 
2 2 2 7 2 2 2 2 2 2 2 2 2 2 2 2 
7 2 2 2 2 2 2 2 2 2 2 2 2 2 2 2 
2 2 2 2 2 2 2 2 2 2 2 
2 7 2 2 2 2 2 2 2 2 2 2 2 2 2 
2 2 2 2 2 2 2 2 2 2 2 2 2 2 
2 2 2 2 2 2 2 2 2 2 2 
2 2 2 2 2 2 2 2 2 2 2 2 2 
2 2 2 2 7 2 2 2 2 2 2 2 2 2 2 2 
2 2 2 2 2 2 2 2 2 2 2 2 2 2 2 2 
2 2 2 2 2 2 2 2 2 2 2 2 2 2 2 2 2 2 
2 2 2 2 2 2 2 2 2 2 2 2 2 2 2 2 2 
2 2 2 2 2 2 2 2 2 2 2 2 2 2 
2 2 2 7 2 2 2 2 2 2 2 2 2 2 2 2 
2 2 7 2 2 2 2 2 2 5 2 2 2 2 2 2 2 
2 2 2 2 2 7 2 2 2 2 2 2 2 7 2 2 2 2 2 2 2 
2 7 2 2 2 2 2 2 2 7 2 2 2 
7 2 2 2 2 2 2 2 2 7 2 2 2 2 
7 2 2 2 2 2 2 2 2 2 2 2 2 2 
2 2 2 7 2 2 2 2 2 2 2 2 2 2 2 2 2 
2 7 2 2 2 2 2 2 2 2 7 2 2 2 2 2 2 
2 2 2 2 2 2 2 2 2 2 2 2 2 2 2 2 
2 2 2 2 2 2 2 2 2 2 2 2 2 2 2 2 2 
2 2 2 2 2 2 2 2 2 2 2 2 2 2 2 2 2 
2 2 2 2 2 2 2 2 2 2 2 2 2 
2 2 2 2 2 2 2 2 2 2 2 2 2 2 2 2 
2 2 2 2 2 2 2 2 2 2 2 2 2 2 2 
2 2 7 2 2 2 2 2 2 2 2 2 2 
2 7 2 2 2 2 2 2 2 2 
2 2 2 2 2 2 2 2 2 2 2 
2 2 2 2 2 2 2 
2 2 2 2 2 2 2 
2 2 2 2 2 2 2 
2 2 7 2 2 2 2 2 2 
2 2 7 2 2 2 2 2 2 2 
7 2 2 2 2 2 2 2 
2 2 2 2 2 2 2 2 
2 2 2 2 2 2 2 2 2 
2 2 2 7 2 2 2 2 2 2 
2 2 2 2 2 2 2 2 
2 2 2 2 2 2 2 
2 2 2 2 2 2 2 
2 2 2 2 2 2 2 2 2 2 2 2 2 2 2 
2 2 2 2 2 2 2 2 2 2 
2 2 2 2 2 2 2 2 2 2 
2 2 2 2 2 2 2 2 2 2 2 2 2 2 2 
2 2 2 2 2 2 2 2 2 2 2 2 2 
2 2 2 7 2 2 2 2 2 2 2 2 
2 2 2 2 2 2 2 7 2 2 2 2 2 2 
2 2 7 2 2 2 2 2 2 2 2 2 
2 2 2 2 2 2 2 2 2 2 2 2 
2 2 2 2 2 2 2 2 2 2 2 2 2 2 
2 2 2 2 2 2 2 2 2 2 2 2 2 2 2 2 2 
2 2 2 2 2 2 2 2 2 2 2 2 2 2 2 
2 2 2 2 2 2 2 2 2 2 2 2 
2 2 2 2 2 2 2 2 2 2 2 2 2 2 2 
2 2 2 2 2 2 2 2 2 2 2 2 2 2 2 2 2 
2 2 2 2 2 2 2 2 2 2 2 2 2 2 2 
2 2 2 2 2 2 2 2 2 2 2 2 2 2 2 
2 2 2 2 2 2 2 2 2 2 2 2 2 2 2 
2 2 2 2 2 2 2 2 2 2 2 2 2 2 
2 2 2 2 2 2 2 2 2 2 2 2 2 2 2 
2 2 2 2 2 2 2 2 2 2 2 2 2 2 2 2 
2 2 2 2 2 2 2 2 2 2 2 2 2 2 2 2 
2 2 2 2 2 2 2 2 2 2 2 2 2 2 2 2 2 
2 2 2 2 2 2 2 2 2 2 2 2 2 2 2 2 2 
2 2 2 2 2 2 2 2 2 2 2 2 2 2 2 2 2 
2 2 2 2 7 2 2 2 2 2 2 2 2 2 2 2 2 2 2 2 
2 2 2 2 2 2 2 2 2 2 2 2 2 2 2 2 2 2 2 
2 2 2 2 2 2 2 2 2 2 2 2 2 2 2 2 2 
2 2 7 2 2 2 2 2 2 2 2 2 2 2 2 2 2 2 2 
2 2 2 2 2 2 2 2 2 2 2 2 2 2 2 2 2 
2 2 2 2 2 2 2 2 2 2 2 2 2 2 2 2 2 2 
2 2 2 2 2 2 2 2 2 2 2 2 2 2 2 2 2 2 2 2 2 2 2 2 2 2 
2 2 2 2 2 2 2 2 2 2 2 2 2 2 2 2 2 2 2 2 2 2 2 2 2 
2 2 2 2 2 2 2 2 2 2 2 2 2 2 2 2 2 2 2 2 2 2 2 2 2 2 2 
2 2 2 2 2 2 2 2 2 2 2 2 2 2 2 2 2 2 2 2 2 2 2 2 
2 2 2 2 2 2 2 2 2 2 2 2 2 2 2 2 2 2 2 2 2 2 2 2 2 2 
2 2 2 2 2 2 2 2 2 2 2 2 2 2 2 2 2 2 2 2 2 
2 2 2 2 2 2 2 2 2 2 2 2 2 2 2 2 2 2 2 2 
2 2 2 2 2 2 2 2 2 2 2 2 2 2 2 2 2 2 2 2 
2 2 2 2 2 2 2 2 2 2 2 2 2 2 2 2 2 2 2 2 
2 2 2 2 2 2 2 2 2 7 2 2 2 2 2 2 2 2 2 2 
2 2 2 2 2 2 2 2 7 2 2 2 2 2 2 2 2 2 2 2 2 2 
2 2 2 2 2 2 2 2 2 2 2 2 2 2 2 2 2 2 2 2 
2 2 2 2 2 2 2 2 2 2 2 2 2 2 2 2 2 2 2 2 
2 2 2 2 2 2 2 2 2 2 2 2 2 2 2 2 2 
2 2 2 2 2 2 2 2 2 2 2 2 2 2 2 2 2 2 2 2 2 2 2 
2 2 2 2 2 2 2 2 2 2 2 2 2 2 2 2 2 2 2 2 2 2 2 2 2 
2 2 2 7 2 2 2 2 2 2 2 2 2 2 2 2 2 2 2 2 2 
2 2 2 2 2 2 2 2 2 2 2 2 2 2 2 2 2 2 2 2 
2 2 2 2 2 2 2 2 2 2 2 2 2 2 2 2 2 2 2 2 
2 2 2 2 2 2 2 2 2 2 2 2 2 2 2 2 2 2 2 2 2 
2 2 2 2 2 2 2 2 2 2 2 2 2 2 2 2 2 2 2 2 2 
2 2 2 2 2 2 2 2 2 2 2 2 2 2 2 2 2 2 2 2 2 
2 2 2 2 2 2 2 2 2 2 2 2 2 2 2 2 2 2 2 2 
2 2 2 2 2 2 2 2 2 2 2 2 7 2 2 2 2 2 2 2 2 2 2 2 2 
2 2 2 2 2 2 2 2 2 2 2 2 2 2 2 2 2 2 2 2 2 
2 2 2 2 2 2 2 2 2 2 2 2 2 2 2 2 2 2 2 
2 2 2 2 2 2 2 2 2 2 2 2 2 2 2 2 2 2 2 
2 2 2 2 2 2 2 2 2 2 2 2 2 2 2 2 2 2 2 2 
2 2 2 2 2 7 2 2 2 2 2 2 2 2 2 2 2 2 
2 2 2 2 2 2 2 2 2 2 2 2 2 2 2 2 2 2 2 
2 2 2 2 2 2 2 2 2 2 2 2 2 2 2 2 2 2 
2 2 2 2 2 2 2 2 2 2 2 2 2 2 2 2 2 2 2 
2 2 2 2 2 2 2 2 2 2 2 2 2 2 2 2 
2 2 2 2 2 2 2 2 2 2 2 2 2 2 2 2 2 2 2 2 
2 2 2 2 2 2 2 2 7 2 2 2 2 2 2 2 2 2 2 2 
2 2 2 2 2 2 2 2 2 2 2 2 2 2 2 2 
2 2 7 2 2 2 2 2 2 2 2 2 2 2 2 2 
2 2 2 7 2 2 2 2 2 2 2 2 2 2 2 2 2 2 
2 2 2 2 2 2 2 2 2 2 2 2 2 2 2 
2 2 2 2 2 2 7 2 2 2 2 2 2 2 2 2 2 2 
2 2 2 2 2 2 2 2 2 2 2 2 2 2 2 
2 2 2 2 2 2 2 2 2 2 2 2 2 2 2 2 
2 2 2 2 2 5 2 2 2 2 2 2 2 2 2 2 2 
2 2 2 2 2 2 2 2 2 2 2 2 2 2 2 2 
2 2 2 2 2 2 2 2 2 2 2 2 2 2 2 2 2 2 2 2 
2 2 2 2 2 2 2 2 2 2 2 2 2 2 2 2 2 2 
2 2 2 2 2 2 2 2 2 2 2 2 2 2 2 2 2 
2 2 2 2 2 2 2 2 2 2 2 2 2 2 
2 2 2 2 2 2 2 7 2 2 2 2 2 2 2 2 2 
2 2 2 2 2 2 2 2 2 2 2 2 2 2 2 
2 2 2 2 2 2 2 2 2 2 2 2 2 2 2 2 2 2 
2 2 2 2 2 2 2 2 2 2 2 2 2 2 2 2 2 2 2 
2 2 2 2 2 2 2 2 2 2 2 2 2 2 2 2 2 2 2 2 2 
2 2 2 2 2 2 2 2 2 2 2 2 2 2 2 2 2 2 2 2 
2 2 2 2 2 2 2 2 2 2 2 2 2 2 2 2 2 2 2 
2 2 2 2 2 2 2 2 2 2 2 2 2 2 2 2 
2 2 2 2 2 2 2 2 2 2 2 2 2 2 2 2 2 2 2 
2 2 2 2 2 2 2 2 2 2 2 2 2 2 2 2 2 2 
2 2 2 2 2 2 2 2 2 2 2 2 2 2 2 2 2 2 
2 2 2 2 2 2 2 2 2 2 2 2 2 2 2 2 2 2 2 2 
2 2 2 2 2 2 2 2 2 2 2 2 2 2 2 2 2 2 2 2 
2 2 2 2 2 2 2 2 2 2 2 2 2 2 2 2 2 2 2 2 2 
2 2 2 2 2 2 2 2 2 2 2 2 2 2 2 2 2 2 2 2 2 2 
2 2 2 2 2 2 2 2 2 2 2 2 2 2 2 2 2 2 2 2 2 2 2 2 
2 2 2 2 2 2 2 2 2 2 2 2 2 2 2 2 2 2 2 2 2 2 2 
2 2 2 2 2 2 2 2 2 2 2 2 2 2 2 2 2 2 2 
2 2 2 2 2 2 2 2 2 2 2 2 2 2 2 2 2 2 2 2 
2 2 2 2 2 2 2 2 2 2 2 2 2 2 2 2 2 
2 2 2 2 2 2 2 2 2 2 2 2 2 2 2 2 2 
2 2 2 2 2 2 2 2 2 2 2 2 2 2 
2 2 2 2 2 2 2 2 2 2 2 2 
2 2 2 2 2 2 2 2 2 2 2 
2 2 2 2 2 2 2 2 2 2 2 
2 2 2 2 2 2 2 2 2 2 2 2 
2 2 2 2 2 2 2 2 2 2 2 2 2 
2 2 2 2 2 2 2 2 2 2 2 
2 2 2 2 2 2 2 2 2 2 2 2 2 
2 2 2 2 2 2 2 2 2 2 2 2 
7 2 2 2 2 2 2 2 2 2 2 2 2 2 2 2 
7 2 2 2 2 2 2 2 2 2 2 2 2 2 2 2 
2 2 2 2 2 2 2 2 2 2 2 2 2 
2 2 2 2 2 2 2 2 2 2 2 2 2 
2 2 2 2 2 2 2 2 2 2 2 2 2 
2 2 7 2 2 2 2 2 2 2 2 2 2 2 
2 2 7 2 2 2 2 2 2 2 2 2 2 2 
2 2 2 2 2 2 2 2 2 2 2 2 2 2 2 2 2 
2 2 7 2 2 2 2 2 2 2 2 2 2 2 2 2 2 
2 2 2 2 2 2 7 2 2 2 2 2 2 2 2 2 
2 2 2 2 7 2 2 2 2 2 2 
2 2 2 2 2 2 7 2 2 2 2 2 2 2 2 
2 2 2 2 2 2 7 2 2 2 2 2 2 2 2 2 
2 2 2 2 2 2 2 2 2 2 7 2 2 2 2 2 2 2 
2 2 2 2 2 2 2 2 7 2 2 2 2 2 2 2 
2 2 2 2 2 2 2 2 7 2 2 2 2 2 2 2 
2 2 2 2 2 7 2 2 2 2 2 2 2 
2 2 2 2 2 2 2 7 2 2 2 2 2 2 2 
2 2 2 2 2 2 5 2 2 7 2 2 2 2 2 2 2 
2 2 2 2 2 2 2 2 2 7 2 2 2 2 2 2 2 2 
2 2 2 2 7 2 2 2 2 5 2 2 2 2 
2 2 2 2 2 2 7 2 2 2 2 2 2 2 
2 2 2 2 2 2 2 2 2 2 2 2 2 2 
2 2 2 2 2 2 7 2 2 2 2 2 2 2 2 2 2 
2 2 2 2 2 2 2 2 7 2 2 2 2 2 
2 2 2 2 2 2 2 5 2 2 2 7 2 2 2 2 
2 2 2 2 2 2 2 2 7 2 2 2 2 2 2 2 2 2 2 2 2 
2 2 2 7 2 2 7 2 2 2 2 2 2 2 2 2 2 2 2 
7 2 2 2 7 2 2 2 2 2 2 2 2 2 2 2 2 2 
2 2 7 2 2 2 2 7 2 2 2 2 2 2 2 2 2 2 2 
2 2 7 5 2 2 2 2 2 2 2 2 2 2 2 2 2 2 2 
2 2 7 2 2 2 2 2 2 2 2 2 2 2 2 2 2 2 2 2 2 
2 2 2 2 2 2 7 2 2 2 2 2 2 2 2 2 2 2 
2 2 2 2 2 2 2 7 2 2 2 2 7 2 2 2 2 2 2 
2 2 2 2 2 2 2 2 2 2 2 7 2 7 2 2 2 2 2 
2 2 2 2 2 2 7 2 2 2 2 7 2 2 2 2 2 2 
2 2 2 2 2 2 2 2 2 2 7 2 2 2 2 2 2 2 
2 2 2 2 2 2 2 2 2 7 2 2 2 2 2 7 2 2 2 2 
2 2 2 2 2 2 2 2 2 2 2 7 2 2 2 2 2 2 2 
2 2 2 2 2 2 2 2 2 2 2 2 2 7 2 2 2 2 2 
2 2 2 2 2 2 2 2 2 2 2 2 2 2 2 7 2 2 2 2 2 
2 2 2 2 2 2 2 2 7 2 2 2 2 2 2 2 
2 2 2 2 2 2 2 2 2 7 2 2 2 2 2 2 
2 2 2 2 2 2 2 2 7 2 2 2 2 2 2 2 
2 2 2 2 2 2 2 2 7 2 2 2 2 2 2 
2 2 2 2 2 2 7 2 7 2 2 2 2 2 2 2 
2 2 2 2 2 2 2 2 2 7 7 2 2 2 2 2 2 2 2 
2 5 2 2 2 2 2 2 7 2 2 2 2 2 2 2 2 2 2 
2 2 2 2 2 2 2 2 2 2 2 2 7 2 7 2 2 2 2 2 2 
2 2 2 2 2 2 2 2 7 2 2 2 2 2 2 7 2 2 2 2 2 2 
2 2 2 2 2 2 2 2 2 2 2 2 7 2 2 7 2 2 2 2 2 2 
2 2 2 2 2 2 2 7 2 2 2 2 2 2 2 2 2 
2 2 2 2 2 2 2 2 2 2 2 2 7 2 2 2 2 2 2 2 2 2 
2 2 2 2 2 2 2 2 2 2 7 2 2 7 2 2 2 2 2 2 2 
2 2 2 2 2 2 2 2 2 2 7 2 7 2 2 2 2 2 2 2 2 
2 2 2 2 2 2 2 2 7 2 2 7 2 2 2 2 2 2 2 2 2 
2 2 2 2 2 2 2 7 2 7 2 2 2 2 2 2 
2 2 2 2 2 7 2 2 7 2 2 2 2 2 2 2 
2 2 2 2 2 2 2 2 7 2 2 7 2 2 2 2 2 2 
2 2 2 2 2 7 2 2 7 2 2 2 2 2 2 2 2 
2 2 2 2 2 2 2 2 7 7 2 2 2 2 2 2 
2 2 2 2 2 2 7 2 2 2 7 2 2 2 2 2 
2 2 2 2 7 2 2 2 7 2 2 2 2 2 2 
2 2 2 2 2 2 2 2 2 7 7 2 2 2 2 2 2 2 
2 2 2 2 2 2 2 2 2 2 2 7 7 2 2 2 2 2 2 2 
2 2 2 2 2 2 2 2 2 2 2 7 2 7 2 2 2 2 2 2 
2 2 2 2 2 2 2 2 7 2 2 2 7 2 2 2 2 2 2 2 
2 2 2 2 2 2 2 2 2 7 2 2 2 2 2 2 7 2 2 2 2 
2 2 2 2 2 2 2 2 7 2 2 2 2 7 2 2 2 2 2 
2 2 2 2 2 2 2 2 2 2 7 2 7 2 2 2 
2 2 2 2 2 2 2 2 7 2 2 2 2 2 7 2 2 2 
2 2 2 2 2 2 2 2 2 2 2 2 2 2 7 2 7 2 2 2 
2 2 2 2 2 2 2 2 2 2 2 2 2 2 2 7 2 2 2 2 2 
2 2 2 2 2 2 2 2 2 2 2 2 7 2 2 2 7 2 2 2 2 2 
2 2 2 2 2 2 2 2 2 2 2 7 7 2 2 2 2 2 
2 2 2 2 2 2 2 2 7 2 2 2 7 2 2 2 2 2 
2 2 2 2 2 2 2 2 2 2 2 2 2 2 7 2 2 2 
2 2 2 2 2 7 2 2 2 2 2 2 2 7 2 2 2 2 
2 2 2 2 2 2 2 2 7 2 2 2 7 2 2 2 2 2 
2 2 2 2 2 2 2 2 2 2 2 7 2 2 7 2 2 2 2 2 
2 2 2 2 2 2 2 2 2 2 7 2 2 2 2 2 2 
2 2 2 2 2 2 2 2 2 2 7 2 2 2 2 2 
2 2 2 2 2 2 2 2 2 7 2 2 2 2 
2 2 2 2 2 2 2 2 2 2 7 2 2 2 2 
2 2 2 2 2 2 2 2 2 7 2 2 2 2 
2 2 2 2 2 2 2 2 2 2 7 2 2 2 2 2 
2 2 2 2 2 2 2 7 2 2 2 2 2 2 2 2 2 
2 2 2 7 2 7 2 2 2 2 2 2 2 2 2 2 2 2 
2 2 2 2 2 2 2 7 7 2 2 2 2 2 2 2 2 2 
2 2 2 2 2 7 2 2 2 2 7 2 2 2 2 2 2 2 
2 2 2 2 2 7 2 2 2 2 2 2 2 2 2 2 
2 2 7 2 2 2 5 2 7 2 2 2 2 2 2 2 2 
2 2 5 2 2 2 7 2 2 2 2 2 2 2 2 2 2 
2 2 2 2 2 2 2 2 2 2 7 2 2 2 2 2 2 2 
2 2 2 2 2 2 2 2 2 7 2 2 2 2 2 2 2 2 2 
7 2 2 2 2 2 2 2 7 2 2 2 7 2 2 2 2 2 2 2 2 2 
2 2 2 2 2 2 2 2 2 2 2 2 2 2 7 7 2 2 2 2 2 2 2 
2 2 2 2 2 7 2 2 2 2 2 2 2 2 7 2 2 2 2 2 2 2 
2 2 2 2 2 2 2 2 7 2 2 2 2 2 2 7 2 2 2 2 2 2 2 
2 2 2 2 2 2 2 2 2 2 2 2 2 7 2 2 2 2 2 2 2 
2 2 2 2 2 2 2 2 2 2 2 2 7 2 2 2 2 2 2 2 2 
2 2 7 2 2 2 2 2 2 2 2 2 2 2 2 2 2 2 2 2 
2 7 2 2 2 2 5 2 2 2 2 2 2 2 2 2 2 
2 2 2 2 2 2 2 2 5 2 2 2 2 2 2 2 2 2 
2 7 2 7 2 2 2 2 2 5 2 2 2 2 2 2 2 2 
2 2 7 2 2 2 2 2 2 5 2 2 2 2 2 2 2 2 
2 5 2 7 2 2 5 2 7 2 2 2 2 2 2 2 2 2 2 2 2 2 2 
2 2 2 5 2 2 2 2 7 2 2 2 2 2 2 2 2 2 2 
2 2 2 2 2 2 2 7 2 2 2 2 2 2 2 2 2 2 
2 2 2 2 2 2 2 2 2 2 2 2 2 2 2 2 2 2 2 2 2 
2 2 2 2 2 2 2 2 7 2 2 2 2 2 2 2 2 2 2 
2 2 2 2 2 2 2 2 2 2 2 2 7 2 2 2 2 2 2 2 2 2 2 
2 2 2 7 2 2 2 2 2 2 2 2 2 2 2 2 2 2 2 2 
2 2 2 2 2 2 2 2 2 2 2 2 2 2 2 2 2 2 2 2 2 
2 2 2 2 2 2 2 2 2 2 2 2 2 2 2 2 2 2 2 2 2 
2 2 2 2 2 2 2 2 2 2 2 2 2 2 2 2 2 2 2 2 2 
2 2 2 2 2 2 2 2 2 2 2 2 2 2 2 2 2 2 2 2 2 2 
2 2 2 2 2 2 2 2 2 2 2 2 2 2 2 2 2 2 2 2 2 
2 2 2 2 2 2 2 2 2 2 2 2 2 2 2 2 2 2 2 2 2 
2 2 2 2 2 2 2 2 2 2 2 2 2 2 2 2 2 2 2 2 2 
2 2 2 2 2 2 2 2 2 2 2 2 2 2 2 2 2 2 2 2 2 2 
7 2 2 2 2 2 2 2 2 2 2 2 2 2 2 2 2 2 2 2 
2 2 7 2 2 2 2 2 2 2 2 2 2 2 2 2 2 2 2 2 2 
2 2 2 2 2 2 2 2 2 2 2 2 2 2 2 2 2 2 2 2 
2 2 2 2 2 2 2 2 2 2 2 2 2 2 2 2 2 2 2 2 2 2 2 
2 2 2 2 2 2 2 2 2 2 2 2 2 2 2 2 2 2 2 2 2 2 
2 2 2 5 2 2 2 2 2 2 2 2 2 2 2 2 2 2 2 2 2 2 2 
2 2 2 2 2 5 2 2 2 2 2 2 2 2 2 2 2 2 2 2 2 2 
2 2 2 2 2 2 2 2 2 2 2 2 2 2 2 2 2 2 2 2 2 
2 2 2 2 2 2 2 2 2 2 2 2 2 2 2 2 2 2 2 2 2 
2 2 2 5 2 2 2 2 2 2 2 2 2 2 2 2 2 2 2 2 2 2 
2 2 2 2 2 2 2 2 5 2 2 2 2 2 2 2 2 2 2 2 2 2 2 
2 2 2 2 2 2 5 2 2 2 2 2 2 2 2 2 2 2 2 2 2 2 
2 2 2 2 2 2 2 2 2 2 2 2 2 2 2 2 2 2 2 
2 2 2 2 2 2 2 2 2 2 2 2 2 2 2 2 2 2 2 2 2 2 2 2 2 
2 2 2 2 2 2 2 2 2 2 2 2 2 2 2 2 2 2 2 2 2 2 2 
2 2 2 2 2 2 2 2 2 2 2 2 2 2 2 2 2 2 2 2 2 
2 2 2 2 2 2 2 2 2 2 2 2 2 2 2 2 2 2 2 2 2 2 
2 2 2 2 2 2 2 2 2 2 2 2 2 2 2 2 2 2 2 2 
2 2 2 2 2 2 2 2 2 2 2 2 2 2 2 2 2 2 
2 2 2 2 2 2 2 2 2 2 2 2 2 2 2 2 2 
2 2 2 2 2 2 2 2 2 2 2 2 2 2 2 2 2 2 
2 2 2 2 2 2 2 2 2 2 2 2 2 2 2 2 2 2 2 
2 2 2 2 2 2 2 2 2 2 2 2 2 2 2 2 2 2 
2 2 2 2 2 2 2 2 2 2 2 2 2 2 2 2 2 2 2 
2 2 2 2 2 2 2 2 2 7 2 2 2 2 2 2 2 2 2 
2 2 2 2 2 2 2 2 2 2 2 2 2 2 2 
2 2 2 2 2 2 2 2 2 2 2 
2 2 2 2 2 2 2 2 2 2 2 2 
2 2 2 2 2 2 2 2 2 2 2 
2 2 2 2 2 2 2 2 2 2 2 
2 2 2 2 2 2 2 2 2 2 
2 2 2 2 2 2 2 2 2 2 
2 2 2 2 2 2 2 2 2 
2 2 2 2 2 2 2 2 2 2 2 
2 2 2 2 2 2 2 2 2 2 2 2 2 2 
2 2 2 2 2 2 2 2 2 2 2 
2 2 2 2 2 2 2 2 2 2 2 2 
2 2 2 2 2 2 2 2 2 2 
2 2 2 2 2 2 2 2 2 2 2 
2 2 2 2 2 2 2 2 2 2 2 2 2 2 2 2 
2 2 2 2 2 2 2 2 2 2 2 2 2 
2 2 2 2 2 2 2 2 2 2 2 2 2 2 
2 2 2 2 2 2 2 2 2 2 2 
2 2 2 2 2 2 2 2 2 2 2 2 
2 2 2 2 2 2 2 2 2 2 2 2 2 
2 2 2 2 2 2 2 2 2 2 2 2 2 
2 2 2 2 2 2 2 2 2 2 2 2 2 2 
2 2 2 2 2 2 2 2 2 2 2 2 2 2 2 2 2 2 2 
2 2 2 2 2 2 2 2 2 2 2 2 2 2 2 2 2 
2 2 2 2 2 2 2 2 2 2 2 2 2 
2 2 2 2 2 2 2 2 2 2 2 2 2 2 
5 2 2 2 2 2 2 2 2 2 2 2 2 2 2 
2 2 2 2 2 2 2 2 2 2 2 2 
2 2 2 2 2 2 2 2 2 2 
2 2 2 2 2 2 2 2 2 2 2 
2 2 2 2 2 2 5 2 2 2 2 2 2 2 
2 2 2 5 2 2 2 2 2 2 
2 2 5 2 2 2 2 2 2 2 2 2 
2 2 2 5 2 2 2 2 2 2 2 2 
2 2 2 2 2 2 2 2 2 7 2 2 5 2 2 2 2 
2 2 5 2 2 2 2 2 2 2 2 2 
2 2 2 7 2 5 2 2 2 2 2 2 2 
2 2 2 2 5 2 2 2 2 2 2 2 2 
2 2 2 2 2 2 2 2 2 2 2 
2 2 2 2 2 2 2 2 2 5 2 2 2 
2 2 2 2 2 2 2 2 2 5 2 2 2 
2 2 2 2 2 2 2 5 2 2 2 
2 2 2 2 2 2 2 2 2 5 2 2 2 
2 2 2 2 2 5 2 2 2 2 2 
2 2 2 2 2 5 2 2 2 2 2 
2 2 2 2 2 2 2 2 2 2 2 2 
2 2 2 5 2 2 2 5 2 2 2 2 2 2 
2 2 2 2 2 2 2 2 2 2 5 2 2 2 2 2 2 2 
2 2 2 2 2 5 2 2 2 2 2 2 2 2 2 
2 2 2 2 2 2 2 2 2 5 2 2 2 2 2 2 
2 2 2 2 2 2 2 2 5 2 2 2 2 2 2 2 2 
2 2 2 2 2 2 2 2 2 2 5 2 2 2 2 2 2 2 2 2 
2 2 2 2 2 2 2 2 2 2 2 5 2 2 2 2 2 2 2 2 2 
2 2 2 2 2 2 2 2 2 5 2 2 2 2 2 2 2 2 
2 2 2 2 5 2 2 2 2 2 2 2 2 
2 2 2 2 2 2 2 2 2 5 2 2 2 2 2 2 2 2 
2 2 2 2 2 2 2 2 2 2 2 5 2 2 2 2 2 2 2 
2 2 2 2 2 2 2 2 2 2 5 2 2 2 2 2 
2 2 2 2 2 2 2 5 2 2 2 2 2 2 
2 2 2 2 2 2 2 2 2 2 2 5 2 2 2 2 2 
2 2 2 2 2 2 2 2 2 5 2 2 2 2 2 2 2 2 
2 2 2 2 2 2 2 2 2 2 5 2 2 2 2 2 
2 2 2 2 2 2 2 2 5 2 2 2 2 2 2 
2 2 2 2 2 2 2 2 5 2 2 2 2 2 2 2 
2 2 2 2 2 2 2 2 2 2 2 5 2 2 2 2 2 2 
2 2 2 2 2 2 2 2 2 2 2 2 2 2 5 2 2 2 2 
2 2 2 2 2 2 2 2 2 2 2 2 2 2 2 5 2 2 2 2 
2 2 2 2 2 2 2 2 2 2 2 2 2 2 5 2 2 2 
2 2 2 2 2 2 2 2 2 2 2 2 2 2 2 5 2 2 2 
2 2 2 2 2 2 2 2 2 2 2 2 2 2 2 5 2 2 2 
2 2 2 2 2 2 2 5 2 2 2 5 2 2 2 
2 2 2 2 2 2 2 2 2 2 2 2 2 2 5 2 2 2 
2 2 2 2 2 2 2 0 2 2 2 2 2 2 2 2 2 5 2 2 
2 2 2 2 2 2 2 2 2 2 2 2 2 2 2 2 5 2 2 2 2 
2 2 2 2 2 2 2 2 5 2 2 2 2 2 2 2 2 2 2 5 2 2 2 
2 2 2 2 2 2 2 2 2 2 2 2 2 2 5 2 2 2 2 
2 2 2 2 2 2 2 2 2 2 2 5 2 2 2 2 2 2 
2 2 2 2 2 2 2 2 2 2 2 2 2 2 2 2 2 2 5 2 
2 2 2 2 2 2 2 2 2 2 2 2 2 2 2 2 2 5 2 2 2 2 
2 2 2 2 2 2 2 2 2 2 2 2 2 2 2 5 2 2 2 2 
2 2 2 2 2 2 2 2 2 2 2 2 2 2 2 2 2 2 2 5 2 2 2 2 
2 2 2 2 2 2 2 2 2 2 2 2 2 2 2 2 2 2 2 2 2 5 
2 2 2 2 2 2 2 2 2 2 2 2 2 2 2 2 2 2 2 2 2 2 2 2 2 5 
2 2 2 2 2 2 2 2 2 2 2 2 2 2 2 2 2 2 2 2 2 2 5 
2 2 2 2 2 2 2 2 2 2 2 2 2 2 2 2 2 2 2 2 2 2 5 
2 2 2 2 2 2 2 2 2 2 2 2 2 2 2 2 2 2 2 2 2 2 2 5 
2 2 2 2 2 2 2 2 2 2 2 2 2 2 2 2 2 2 2 2 2 2 2 5 
2 2 2 0 2 2 2 2 2 2 2 2 2 2 2 2 2 2 2 2 2 5 
2 2 2 2 0 2 2 2 2 2 2 2 2 2 2 2 2 2 2 2 5 
2 0 2 2 2 2 2 2 2 2 2 2 2 2 2 2 2 5 
2 2 2 2 2 2 2 2 2 2 2 2 2 2 2 2 5 
2 2 2 2 2 2 2 2 2 2 2 2 2 2 5 
2 2 2 2 2 2 2 2 2 2 2 2 2 2 2 2 5 
2 2 2 2 2 2 2 2 2 2 2 2 2 2 2 2 5 2 2 2 
2 2 2 2 2 2 2 2 2 2 2 2 2 2 2 2 2 2 5 
2 2 2 2 2 2 2 2 2 2 2 2 2 2 2 5 
2 2 2 2 2 2 2 2 2 2 2 2 2 2 2 2 2 2 5 
2 2 2 2 2 2 2 2 2 2 2 2 2 5 
2 2 2 2 2 2 2 2 2 2 2 2 2 2 2 2 2 5 
2 2 2 2 2 2 2 2 2 2 2 2 2 2 2 2 2 5 
2 2 2 2 2 2 2 2 2 2 2 2 2 2 2 2 2 5 
2 2 2 2 2 2 2 2 2 2 2 2 2 2 2 5 
2 2 2 2 2 2 2 2 2 2 2 2 2 2 5 2 
2 2 2 2 2 2 2 2 2 2 2 2 2 2 2 2 5 
2 2 2 2 2 2 2 2 2 2 2 2 2 2 5 
2 2 2 2 2 2 2 2 2 2 2 2 2 2 5 
2 2 2 2 2 2 2 2 2 2 2 2 2 2 2 5 
2 2 2 2 2 2 2 2 2 2 2 2 2 2 2 5 
2 2 2 2 2 2 2 2 2 2 2 2 2 2 5 
2 2 2 2 2 2 2 2 2 2 2 2 2 5 
2 2 2 2 2 2 2 2 2 2 2 2 2 5 
2 2 2 2 2 2 2 2 2 2 2 2 2 2 5 
2 2 2 2 2 2 2 2 2 2 2 2 2 5 
2 2 2 2 2 2 2 2 2 2 2 2 2 5 
2 2 2 2 2 2 2 2 2 2 2 2 2 2 2 2 2 5 
2 2 2 2 2 2 2 2 2 2 2 2 2 2 2 5 
5 2 2 2 2 2 2 2 2 2 2 2 2 5 
2 2 2 2 2 2 2 2 2 5 
2 2 2 2 2 2 2 2 2 2 5 
5 2 2 2 2 2 2 2 2 2 2 2 5 
2 2 2 2 2 2 2 2 2 2 2 2 2 5 
2 2 2 2 2 2 2 2 2 2 2 2 2 2 2 2 5 
2 2 2 2 2 2 2 2 2 2 2 2 2 2 2 2 5 
2 2 2 2 2 2 2 2 2 2 2 2 2 2 2 2 2 5 
2 2 2 2 2 2 2 2 2 2 2 2 2 2 2 2 2 2 5 
2 2 2 2 2 2 2 2 2 2 2 2 2 2 2 2 2 2 2 5 
2 2 2 2 2 2 2 7 2 2 2 2 2 2 2 2 2 5 
2 2 2 2 2 2 2 2 2 2 2 2 2 2 2 5 
2 2 2 2 2 2 2 2 2 2 2 2 2 2 2 2 2 5 
2 2 2 2 2 2 2 2 2 2 2 2 2 2 2 2 2 5 
2 2 2 2 2 2 2 2 2 2 2 2 2 2 2 2 2 5 
2 2 5 2 2 2 2 2 2 2 2 2 2 2 2 2 2 2 2 5 
2 2 2 2 6 2 2 2 2 2 2 2 2 2 2 2 2 2 2 2 5 
2 2 2 2 2 2 2 5 2 2 2 2 2 2 2 2 2 2 5 
5 2 2 2 2 2 2 2 2 2 5 2 2 2 5 
2 2 5 2 2 5 2 2 2 2 2 2 2 5 
2 2 2 2 2 2 2 5 2 2 2 0 2 2 2 2 2 5 2 2 2 5 
0 2 2 2 2 2 2 2 0 2 2 2 2 2 2 2 5 2 2 5 
5 2 2 2 0 2 2 2 2 2 2 5 2 2 2 5 
2 2 2 0 5 2 2 2 2 2 2 5 2 2 2 5 2 
2 2 5 2 2 2 2 2 2 0 2 2 2 2 5 2 2 5 
2 2 2 5 2 2 2 2 2 2 2 2 2 5 2 2 2 5 
2 0 2 6 2 2 2 2 2 2 2 2 2 2 5 2 2 5 
2 2 2 2 6 2 2 2 2 2 2 2 2 2 5 2 5 
2 2 2 2 2 6 2 5 2 2 2 2 2 2 2 2 2 2 5 2 5 
5 2 2 2 2 6 2 2 2 2 2 2 5 2 2 2 2 5 
2 0 2 2 2 2 6 2 2 2 5 2 2 2 2 5 
2 2 2 0 2 5 2 6 2 2 2 2 2 2 2 2 2 5 
2 2 2 6 0 2 2 5 2 2 2 2 2 2 5 
2 2 2 0 6 2 2 2 5 2 2 2 2 0 2 2 5 
2 2 2 2 2 2 2 0 0 2 5 2 2 2 5 
2 2 2 2 2 0 0 2 0 2 2 5 2 2 2 2 5 
2 2 0 2 2 5 2 2 0 2 0 2 2 2 5 2 
2 2 2 2 2 0 2 2 5 2 2 0 2 2 2 5 
0 2 2 2 2 2 2 2 2 2 5 2 2 2 2 0 2 5 
2 0 2 2 2 2 2 5 2 2 2 2 2 2 0 2 2 5 
2 2 2 2 2 2 2 2 2 2 5 2 2 2 0 5 2 2 
2 2 2 2 2 2 2 2 2 2 2 2 5 5 2 0 2 
2 2 2 2 2 2 2 2 2 2 2 0 5 2 2 5 
2 2 2 2 0 2 2 2 2 2 2 2 2 2 0 5 2 2 2 5 
2 2 0 2 2 2 2 2 5 2 2 2 0 5 
3 2 2 0 1 2 2 5 2 2 2 2 2 0 5 2 
2 0 2 2 2 2 2 2 2 2 2 5 1 2 2 2 2 0 5 
1 2 2 2 2 2 2 2 2 5 2 1 2 2 0 5 
2 2 2 2 2 1 2 2 5 2 2 2 2 0 5 
2 2 2 2 2 2 2 2 2 2 2 5 0 5 2 
2 2 2 2 2 2 0 2 2 2 2 2 5 2 2 0 2 5 
2 2 2 2 0 2 2 2 2 2 2 2 5 5 2 0 2 2 
2 2 2 2 3 2 2 2 0 2 2 2 1 2 2 5 0 2 2 5 
2 2 2 2 0 2 2 2 2 2 2 2 3 2 2 2 1 5 2 0 2 2 5 
2 2 2 0 2 2 2 2 2 2 1 2 5 0 2 2 2 2 2 5 
2 2 2 2 2 2 2 2 2 0 2 2 2 5 1 2 2 0 2 2 2 5 
2 2 2 2 2 0 2 2 2 2 2 3 1 5 2 2 0 2 2 2 5 
2 2 2 2 2 2 0 2 2 3 2 1 2 5 2 2 0 2 2 5 
2 2 2 2 2 2 3 2 2 2 2 2 0 2 2 2 1 2 2 5 2 0 2 2 5 
2 3 2 1 2 2 2 2 2 2 2 2 2 2 2 1 0 2 2 2 0 5 2 2 5 
2 3 2 2 2 2 2 2 2 2 2 0 2 1 2 2 5 0 2 2 5 
2 2 2 2 2 2 2 2 1 0 2 2 2 2 2 2 2 5 0 2 2 5 
2 2 2 2 2 2 2 2 0 1 2 2 2 2 2 2 2 0 5 5 2 
2 2 2 2 2 2 2 2 2 0 1 2 2 2 2 2 2 5 0 2 5 
2 2 2 2 5 6 2 1 2 2 2 2 2 2 2 2 0 2 2 2 5 
2 2 6 0 5 2 2 2 2 1 2 2 2 2 2 5 2 2 0 5 
2 2 2 0 6 2 2 2 1 2 2 2 2 2 5 2 2 2 0 5 
2 2 6 2 2 0 2 2 2 2 1 2 2 2 2 5 2 2 0 2 5 
2 0 2 2 2 2 2 2 2 2 2 2 1 2 2 2 2 2 5 0 2 5 
2 2 2 2 2 2 2 2 2 2 2 2 2 1 2 2 2 2 0 2 5 
2 2 2 2 2 2 5 2 2 2 2 2 2 2 2 2 2 0 2 2 2 5 
2 2 2 5 2 2 2 2 2 2 2 2 2 2 2 2 2 0 2 2 5 
2 2 2 2 2 2 2 1 2 2 2 2 2 2 2 2 2 2 2 2 0 2 5 
6 2 0 2 2 2 2 2 2 2 2 2 2 2 2 2 0 2 5 
2 2 2 2 0 2 2 2 2 2 2 0 2 2 2 2 2 2 5 
2 1 2 2 2 2 2 2 2 2 2 2 2 5 2 0 2 
6 2 2 2 2 2 2 2 2 2 2 2 2 2 2 2 2 0 5 
2 2 6 2 1 2 2 2 2 2 2 2 2 2 2 2 2 2 2 2 0 2 5 
6 2 2 2 2 2 2 2 2 2 2 2 2 2 2 2 2 0 2 5 
2 5 2 2 2 2 2 2 2 2 2 2 0 2 2 2 5 
2 2 2 2 2 2 2 2 2 2 2 2 2 0 2 5 
2 2 2 2 2 2 2 2 2 2 2 2 0 2 2 2 2 5 
2 2 2 2 2 2 2 2 2 2 2 2 2 0 2 2 2 2 5 
2 2 2 2 2 2 2 2 2 2 2 2 2 2 0 2 2 2 2 5 
2 2 2 2 2 2 2 2 2 2 2 2 2 2 0 2 2 2 2 5 
2 2 2 2 2 2 2 2 2 2 2 2 2 2 2 2 0 2 2 2 5 
2 2 2 2 2 2 5 2 2 2 2 2 2 2 2 2 2 2 0 2 2 2 2 5 
2 2 2 2 2 2 2 2 2 2 2 2 2 2 2 2 2 2 2 0 2 5 
2 2 2 2 2 2 2 2 2 2 2 2 2 2 2 0 2 2 2 5 
2 2 2 2 2 2 2 2 2 2 2 2 2 2 2 2 2 2 2 0 5 
2 2 2 2 2 2 2 2 2 2 2 2 2 2 2 2 2 0 2 2 5 
2 2 2 2 1 2 2 2 2 2 2 2 2 2 2 0 2 2 5 
2 2 2 1 2 2 2 2 2 2 2 2 0 2 2 2 5 
2 2 2 2 2 2 2 2 2 0 2 2 2 5 
2 2 2 2 2 2 2 2 2 0 2 2 2 2 2 5 
2 2 2 2 2 2 2 2 0 2 2 2 2 5 
2 1 2 2 2 2 2 2 2 2 2 0 2 2 2 2 5 
2 2 2 2 1 2 2 2 2 2 2 2 2 2 0 2 2 2 5 2 
2 2 2 2 0 2 2 2 2 2 2 0 2 2 2 5 2 
0 2 2 2 2 2 2 2 0 2 2 2 2 5 2 
1 2 2 2 2 0 2 2 2 2 2 2 2 2 0 2 2 2 5 2 
2 2 2 2 0 2 2 1 2 2 2 2 2 2 2 2 2 2 0 5 2 2 
2 0 2 2 2 2 2 2 2 2 2 2 2 0 2 5 2 2 2 
2 2 2 0 2 2 2 2 2 2 2 0 2 2 2 2 5 2 2 
2 2 2 1 2 0 2 2 2 0 2 2 2 2 2 2 2 5 2 2 2 
2 0 2 2 2 2 2 2 2 2 2 0 2 2 2 2 2 2 2 5 2 2 2 
2 0 2 2 2 2 2 2 0 2 2 2 2 2 2 2 2 5 2 2 2 
2 2 2 0 2 2 2 2 2 2 2 2 2 2 5 2 2 2 
2 2 2 2 2 2 0 2 2 0 2 2 2 2 2 2 2 2 2 2 2 5 2 2 
2 2 2 2 2 2 2 2 2 2 2 2 2 2 5 2 
2 2 2 2 2 2 2 2 2 2 0 2 2 2 2 5 2 2 
2 2 2 0 2 2 2 2 2 2 2 2 2 2 2 2 2 5 
2 2 2 2 2 0 2 2 2 2 2 2 5 2 2 2 
0 2 2 2 2 2 2 2 2 2 2 2 2 2 2 2 5 2 
2 0 2 2 2 2 2 2 2 2 2 2 2 2 2 5 2 
2 0 2 2 2 2 2 2 2 2 2 2 2 2 2 2 5 2 
5 0 2 2 2 2 2 2 2 7 2 2 2 2 2 2 2 2 5 2 
2 2 2 0 7 2 2 2 2 2 2 2 2 5 2 2 2 
0 2 2 2 2 2 2 2 2 2 2 2 2 2 5 2 2 
2 2 2 0 2 2 2 2 2 2 2 2 2 2 2 2 5 
2 2 2 0 2 2 2 2 2 2 2 2 2 2 2 2 2 5 
2 2 2 2 0 2 2 2 2 2 2 2 2 2 5 2 2 2 2 
2 2 2 2 2 2 2 0 2 2 2 2 2 2 2 2 2 2 5 2 2 2 
2 2 2 2 2 2 0 2 2 2 2 2 2 2 2 2 2 5 2 2 2 2 
2 2 2 2 2 2 2 2 2 2 2 2 2 5 2 2 2 
2 2 2 2 2 2 5 2 2 2 2 2 2 2 2 2 2 2 
2 2 2 2 2 2 2 2 2 2 2 2 2 2 5 2 2 2 2 2 
2 2 2 2 2 2 2 2 2 2 2 2 2 2 5 2 2 2 2 
2 2 2 2 2 2 2 2 2 2 5 2 2 2 2 2 2 2 2 2 2 2 2 
2 2 2 2 2 2 2 2 2 2 2 2 2 2 2 5 2 2 2 2 2 2 
2 2 2 2 2 2 2 2 2 2 2 2 2 5 2 2 2 2 
2 2 2 2 2 2 2 2 2 2 2 2 2 2 2 2 2 2 2 
2 7 2 2 2 2 2 2 2 2 2 2 2 2 5 2 2 2 2 2 
2 2 7 2 2 2 2 2 2 2 2 2 5 2 2 2 2 2 2 
2 2 2 2 2 2 2 2 5 2 2 2 2 2 2 2 2 
2 2 2 2 5 2 2 2 2 2 2 2 2 2 2 2 2 
2 2 2 2 2 2 2 2 2 2 2 2 5 2 2 2 2 
2 2 2 2 2 2 2 2 2 2 2 2 2 5 2 2 2 2 2 2 
2 2 2 2 2 0 2 2 2 2 2 2 2 2 2 2 2 5 2 2 2 
2 2 2 2 2 2 2 5 2 2 2 2 2 2 2 2 2 2 
2 2 2 2 0 2 2 2 2 2 2 2 2 5 2 2 2 2 2 2 2 2 
2 2 2 0 2 2 2 2 2 2 2 2 5 2 2 2 2 2 2 2 2 2 
2 2 0 2 2 2 2 2 2 5 2 2 2 2 2 2 2 2 2 2 
2 2 2 2 0 2 2 2 2 2 2 2 2 5 2 2 2 2 2 
2 2 2 0 2 2 2 2 2 2 2 2 2 5 2 2 2 
2 2 2 2 2 2 2 2 0 2 2 2 2 5 2 2 2 2 2 2 2 
2 2 2 2 2 2 2 0 2 2 2 5 2 2 2 2 2 2 2 2 2 2 2 
2 2 2 2 7 2 2 2 2 0 2 2 5 2 2 2 2 2 2 2 2 2 
2 2 2 2 2 2 7 5 0 2 2 2 2 2 2 2 2 2 2 2 
2 2 2 2 2 2 2 2 2 2 0 2 2 2 2 5 2 2 2 2 2 2 2 
2 2 2 2 2 7 2 2 5 0 2 2 2 2 2 2 2 2 2 2 2 
2 2 2 7 2 2 2 5 2 0 2 2 2 2 2 2 2 2 2 2 
2 5 2 2 2 2 2 2 2 0 2 2 2 2 2 2 2 2 2 2 
2 2 2 2 2 2 2 0 2 2 2 2 2 2 2 2 2 2 
2 2 2 2 2 2 2 2 2 2 2 2 2 2 2 2 
2 2 2 2 2 2 2 2 2 2 2 2 2 2 2 2 2 
2 2 2 2 2 2 2 2 2 2 2 2 2 2 2 
2 2 2 2 2 2 2 2 2 2 2 2 2 2 
2 2 2 2 2 2 2 2 2 2 2 2 2 
2 2 2 2 2 2 2 2 2 2 2 2 2 2 
2 2 2 2 2 5 2 2 2 2 2 2 2 2 2 2 2 2 
2 5 2 2 2 2 2 2 2 2 2 2 2 2 2 2 2 
2 2 2 2 2 2 2 2 5 2 2 2 2 2 2 
0 2 2 2 2 2 2 2 2 2 5 2 2 2 2 
2 2 2 2 2 2 5 2 2 2 2 2 
2 2 2 2 2 2 2 2 2 5 2 2 2 2 2 2 
2 2 2 2 2 2 2 2 2 2 2 2 2 2 
2 2 2 2 2 2 2 2 2 2 2 5 2 2 2 2 2 2 
2 2 2 2 2 0 2 2 2 2 5 2 2 2 2 2 2 2 
2 2 2 2 2 2 2 2 2 2 2 5 2 2 2 2 2 2 
2 2 7 2 2 5 2 2 2 2 5 2 2 2 2 2 2 
5 2 7 2 2 2 2 2 2 5 2 2 2 2 2 2 2 2 
2 2 2 2 2 2 2 2 2 7 2 2 2 2 2 2 2 2 
2 2 2 2 2 2 7 2 2 2 2 2 2 2 2 2 2 
2 2 2 2 2 2 2 2 2 7 2 7 2 2 2 2 2 2 2 2 2 2 
2 2 2 2 2 2 2 2 7 7 2 2 2 2 2 2 2 2 
2 2 2 5 2 7 7 2 2 2 2 2 7 2 2 2 2 2 2 2 2 
2 2 5 2 2 2 2 2 2 2 2 7 2 2 2 2 2 2 2 
2 2 2 2 2 2 2 2 7 2 2 2 2 2 2 2 2 2 2 
2 2 2 2 2 7 2 2 2 7 2 2 2 2 2 2 2 2 
2 2 2 2 2 2 2 2 2 7 7 2 2 2 2 2 2 2 2 2 2 2 
2 2 2 2 2 7 2 2 2 2 2 2 2 2 2 2 2 7 2 2 2 2 2 2 
2 2 7 2 2 2 2 2 2 2 2 6 2 7 2 2 2 2 2 2 2 
7 2 2 2 2 2 2 2 2 2 2 2 7 2 2 2 2 2 2 2 2 
2 2 7 2 2 2 2 2 2 2 5 2 2 7 2 2 2 2 2 2 2 
2 2 7 2 2 2 5 2 7 2 2 2 2 2 2 2 2 2 2 2 
2 2 2 2 2 2 7 2 5 2 2 7 2 2 2 2 2 2 2 
2 2 7 2 2 2 2 7 2 2 7 2 2 2 2 2 2 2 2 
2 2 2 2 2 2 2 2 2 2 7 2 5 2 7 2 2 2 2 2 2 
2 2 2 2 2 2 7 2 7 2 7 2 2 2 2 2 2 2 2 2 2 
2 2 2 7 7 2 2 7 2 2 2 2 2 2 2 2 2 2 
2 2 7 7 2 2 7 2 2 2 2 2 2 2 2 2 2 2 
2 2 2 2 2 2 5 7 2 2 7 7 2 2 2 2 2 2 2 2 2 2 2 
2 7 2 2 7 2 2 2 2 7 2 2 2 2 2 2 2 2 
2 2 2 2 2 2 7 2 7 2 2 2 7 2 2 2 2 2 2 2 
2 2 2 2 2 2 7 7 2 2 2 2 2 2 2 2 2 2 
2 2 2 2 2 2 7 2 2 2 2 2 7 2 2 2 2 2 2 2 2 
2 2 2 2 2 2 7 2 2 2 2 2 2 7 2 2 2 2 2 
2 2 2 2 2 5 7 2 2 2 2 7 7 2 2 2 2 2 2 2 
2 2 2 2 2 5 2 2 2 7 2 7 2 2 2 2 2 
2 2 2 7 2 5 7 2 2 2 7 2 2 2 2 2 2 
2 2 2 2 2 7 7 5 2 2 2 2 2 2 
2 2 7 2 7 2 2 2 2 5 2 2 7 2 2 2 2 2 
2 2 2 2 2 7 2 5 2 2 7 2 7 2 2 2 2 2 2 
2 2 7 2 2 5 2 7 7 2 2 2 2 2 2 2 
2 2 2 2 2 7 7 2 5 2 2 2 2 2 2 2 
2 2 2 2 2 2 5 2 2 2 7 7 2 2 2 2 2 
2 2 2 2 2 2 2 2 2 2 2 5 7 7 2 2 2 2 2 
2 2 2 2 2 2 2 2 2 2 7 2 2 5 7 2 2 2 2 2 
2 2 2 2 2 2 2 5 2 7 2 2 7 7 2 2 2 2 2 2 2 
2 2 2 2 2 2 2 2 2 2 7 5 7 2 2 2 2 2 2 
2 2 2 2 2 2 5 7 2 2 2 7 2 2 2 2 2 2 2 
2 2 2 2 2 0 7 5 2 7 2 2 2 7 2 2 2 2 2 
2 0 7 2 2 5 2 7 7 2 2 2 2 2 2 2 2 2 
2 2 2 2 7 2 2 2 2 2 2 7 2 2 2 2 
2 2 2 2 2 7 2 2 2 7 2 2 2 2 2 
2 2 2 2 7 7 2 2 2 2 2 2 2 
2 2 2 2 2 2 7 7 2 2 2 2 2 
2 2 2 7 2 2 2 2 2 7 2 2 2 2 2 
2 2 2 2 7 2 7 7 2 2 2 2 2 2 2 2 2 2 2 
2 2 2 2 7 2 2 2 2 7 2 2 2 2 2 2 
2 7 2 2 2 7 2 2 2 7 2 2 2 2 2 2 2 
2 2 2 2 2 7 7 2 2 7 2 2 2 2 2 2 2 2 2 2 2 
2 2 2 2 2 2 5 2 2 2 2 2 2 7 2 2 2 2 2 2 2 
2 5 7 2 2 2 2 2 2 2 2 2 2 2 7 2 2 2 2 2 
2 2 2 7 2 2 2 2 2 2 2 2 7 2 2 2 2 
2 7 2 2 2 2 2 2 7 2 2 2 2 2 
2 2 2 2 2 2 2 7 7 2 2 2 7 2 2 2 2 2 2 
2 7 2 2 2 2 2 2 2 2 2 2 7 2 2 2 
2 2 2 2 7 2 2 2 7 2 2 2 2 2 2 2 2 
2 2 2 2 2 7 2 2 2 7 2 2 2 2 2 2 
2 2 2 2 7 2 2 2 2 2 2 2 2 2 
2 2 2 2 2 2 2 7 2 2 2 2 2 2 
2 2 2 2 2 2 2 7 2 2 7 2 2 2 2 2 2 
2 2 2 2 7 2 7 2 2 2 2 2 2 2 2 
2 2 2 2 2 2 2 2 2 7 2 2 2 2 2 2 
2 2 2 2 2 2 2 7 2 2 2 2 2 2 2 2 
2 2 2 2 2 2 2 2 2 2 7 2 2 2 2 2 2 2 2 
2 2 2 2 2 2 2 7 2 2 2 2 2 2 2 2 2 
2 2 2 2 2 2 2 2 7 2 2 2 2 2 2 2 2 
2 2 2 2 2 2 2 2 2 7 2 2 2 2 2 2 2 
2 2 2 2 7 2 2 2 2 2 2 2 2 2 2 2 
7 2 7 2 2 2 2 2 2 2 2 2 2 2 2 2 
7 2 2 2 2 2 2 2 7 2 2 2 2 2 2 
2 2 2 7 2 2 2 2 7 2 2 2 2 2 2 
2 2 2 2 7 2 2 2 2 2 2 2 2 2 
2 2 2 2 2 7 2 2 2 2 2 2 2 
2 2 2 7 2 2 2 2 2 2 2 2 2 2 
2 2 2 2 2 2 2 7 2 2 2 2 2 2 2 
2 2 2 2 7 2 7 2 2 2 2 2 2 2 2 
2 2 2 2 2 0 7 7 2 2 2 2 2 2 2 2 2 2 
2 2 0 2 2 7 2 2 7 2 2 2 2 2 2 2 
2 2 7 2 2 0 2 2 2 2 2 2 2 2 2 
2 2 2 0 7 2 2 2 2 2 2 2 2 2 2 
0 2 2 7 2 2 2 2 2 2 2 2 2 2 2 
0 2 2 2 7 2 2 2 2 2 2 2 2 2 2 
0 2 2 2 7 2 2 2 2 2 2 2 2 2 2 2 
2 0 7 2 2 2 2 2 2 2 2 2 2 2 
2 2 7 2 2 2 2 2 2 2 2 2 2 
2 7 2 2 2 2 2 2 2 2 2 2 
2 2 2 2 7 2 2 2 2 2 2 2 2 2 
2 2 2 2 7 2 2 2 2 2 2 2 2 2 
2 2 2 7 2 2 2 7 2 2 2 2 2 2 2 
2 2 2 2 2 7 7 2 2 2 2 2 2 2 
7 2 2 2 7 2 2 2 2 2 2 2 2 
2 2 7 2 7 2 2 2 2 2 2 2 2 2 2 
2 2 2 2 7 2 2 2 2 2 2 2 2 2 
2 2 2 2 2 7 2 2 2 2 2 2 2 2 2 
2 2 2 2 7 2 2 2 2 2 2 2 2 2 2 
2 2 7 2 2 2 2 2 2 2 2 2 2 2 2 
2 7 2 2 2 2 7 2 2 2 2 2 2 2 2 2 2 
2 2 2 2 2 7 2 2 7 2 2 2 2 2 2 2 
2 2 2 2 2 7 2 2 7 2 2 2 2 2 2 2 2 
7 2 7 2 2 2 2 7 2 2 2 2 2 2 2 2 
2 2 2 7 2 2 2 2 2 2 2 
2 2 2 2 2 2 2 2 2 2 2 2 
2 2 2 2 2 2 7 7 2 2 2 2 2 2 2 
2 2 2 7 2 2 2 2 2 2 2 2 2 2 
2 2 2 2 5 2 7 2 2 2 2 2 2 2 
2 2 5 2 7 2 7 2 2 2 2 2 2 2 2 
2 5 2 2 7 2 2 2 2 2 2 2 2 2 
2 2 2 2 2 2 2 2 2 2 
2 2 2 2 2 2 2 2 2 2 2 2 2 2 
2 0 2 2 2 2 2 7 2 2 7 2 2 2 2 2 
2 2 2 2 2 2 7 2 2 2 2 2 2 
2 2 2 2 7 2 2 2 2 2 2 2 2 
2 2 2 2 7 2 2 2 2 2 2 2 2 
2 2 2 2 2 2 2 2 2 2 2 
2 2 2 7 2 2 2 2 2 2 2 2 2 
2 2 2 7 2 2 2 2 2 2 2 2 2 2 
2 2 7 2 2 2 2 2 2 2 2 2 2 2 
2 2 2 7 2 2 2 2 2 2 2 2 2 2 
2 2 2 7 2 2 7 2 2 2 2 2 2 2 2 2 
2 2 2 2 2 2 7 7 2 2 2 2 2 2 2 2 
2 2 2 2 7 2 2 2 2 2 2 2 2 2 
2 2 7 2 2 2 2 2 2 2 2 2 2 
2 2 2 2 2 7 2 2 2 2 2 2 2 2 
5 2 2 7 2 2 2 2 2 2 2 2 2 
2 5 2 2 2 2 2 2 2 2 2 2 
2 2 2 2 5 2 2 2 2 2 2 2 
2 2 2 5 2 2 2 2 2 2 2 2 2 
2 2 5 2 2 2 2 2 2 2 2 2 2 2 
2 2 2 5 2 2 2 2 2 2 2 2 2 2 2 
2 5 2 2 2 2 2 2 2 2 2 2 2 2 2 2 2 
2 2 2 2 2 2 2 2 2 2 2 2 2 2 2 
2 2 2 2 2 2 2 2 2 2 2 2 2 2 
2 2 2 2 2 2 2 2 2 2 2 2 2 
2 2 2 7 2 2 2 2 2 2 2 2 2 2 2 2 
2 2 2 2 2 2 2 2 2 2 2 2 2 2 
2 2 2 2 2 2 2 2 2 2 2 2 2 2 2 
2 2 2 2 2 2 2 2 2 2 2 2 2 2 
2 2 2 2 2 2 2 2 2 2 2 2 2 2 
2 2 2 2 2 2 2 2 2 2 2 2 2 2 2 2 
2 2 2 2 2 2 2 2 2 2 2 2 2 2 2 2 2 
2 2 2 2 2 2 2 2 2 2 2 2 2 2 2 
2 2 2 2 2 2 2 2 2 2 2 2 2 2 2 2 
2 2 2 2 2 2 2 2 2 2 2 2 2 2 2 2 2 2 2 
2 2 2 2 2 2 2 2 2 2 2 2 2 2 
2 2 2 2 2 7 2 2 2 2 2 2 2 2 2 2 2 2 2 2 
2 2 2 2 2 2 2 2 2 2 2 2 2 2 2 2 2 
2 2 2 2 2 2 2 2 2 2 2 2 2 
2 2 2 2 2 2 2 2 2 2 2 2 2 2 2 
2 2 2 2 2 2 2 2 2 2 2 2 2 2 2 
2 2 2 2 2 2 2 2 2 2 2 2 2 2 2 2 2 
2 2 2 2 2 2 2 2 2 2 2 2 2 2 2 2 2 
2 2 2 2 2 2 2 2 2 2 2 2 2 2 2 2 2 
2 2 2 2 2 2 2 2 2 2 2 2 2 2 
2 2 2 2 2 2 2 2 2 2 2 2 2 2 2 2 
2 2 2 2 2 2 2 2 2 2 2 2 2 2 2 
2 2 2 2 2 2 2 2 2 2 2 2 2 2 2 2 
2 2 2 2 2 2 2 2 2 2 2 2 2 2 2 2 2 2 
2 2 2 2 2 2 2 2 2 2 2 2 2 2 2 2 2 2 
2 2 2 2 2 2 2 2 2 2 2 2 2 2 2 2 2 
2 2 2 2 2 2 2 2 2 2 2 2 2 2 2 2 2 2 
2 2 2 2 2 2 2 2 2 2 2 2 2 2 2 
2 2 2 2 2 2 2 2 2 2 2 2 2 2 
2 2 2 2 2 2 2 2 2 2 2 2 
2 2 2 2 2 2 2 2 2 2 2 2 2 
2 2 2 2 2 2 2 2 2 2 2 2 
2 2 2 2 2 2 2 2 2 2 
2 2 2 2 2 2 2 2 2 2 2 2 2 
2 2 2 2 2 2 2 2 2 2 2 2 2 2 2 2 
2 2 2 2 2 2 2 2 2 2 2 2 2 
2 2 2 2 2 2 2 2 2 2 2 2 2 2 
2 2 2 2 2 2 2 2 2 2 2 2 2 2 2 2 
2 2 2 2 2 2 2 2 2 2 2 2 2 
2 2 2 2 2 2 2 2 2 2 2 2 2 
2 2 2 2 2 2 2 2 2 2 2 2 2 2 2 
2 2 2 2 2 2 2 2 2 2 2 2 2 2 2 
2 2 2 2 2 2 2 2 2 2 2 2 
2 2 2 2 2 2 2 2 2 2 2 
2 2 2 2 2 2 2 2 2 2 2 
2 2 2 2 2 2 2 2 2 2 2 2 2 
2 2 2 2 2 2 2 2 2 2 2 2 2 2 2 2 
2 2 2 2 2 2 2 2 2 2 2 2 2 
2 2 2 2 2 2 2 2 2 2 2 2 
2 2 2 2 2 2 2 2 2 2 2 
2 2 2 2 2 2 2 2 2 2 2 2 
2 2 2 2 2 2 2 2 2 2 2 2 2 
2 2 2 2 2 2 2 2 2 2 
2 2 2 2 2 2 2 2 2 2 2 2 
2 2 2 2 2 2 2 2 2 2 2 2 2 2 
2 2 2 2 2 2 2 2 2 2 2 2 2 2 
2 2 2 2 2 2 2 2 2 2 2 2 2 2 2 
2 2 2 2 2 2 2 2 2 2 2 
2 2 2 2 2 2 2 2 2 2 2 2 2 
2 2 2 2 2 2 2 2 2 2 2 2 2 
2 2 2 2 2 2 2 2 2 2 2 2 2 2 
2 2 2 2 2 2 2 2 2 2 2 2 2 
2 2 2 2 2 2 2 2 2 2 2 2 
2 2 2 2 2 2 2 2 2 2 2 2 2 2 
2 2 2 2 2 2 2 2 2 2 2 2 2 2 
2 2 5 2 2 2 2 2 2 2 2 2 2 2 2 2 2 
2 2 2 2 2 2 2 2 2 2 2 2 2 
2 2 2 2 2 2 2 2 2 2 
2 2 2 2 2 2 2 2 2 2 2 2 2 2 2 
2 2 2 2 2 2 2 2 2 2 2 2 2 2 
2 2 2 2 2 2 2 2 2 2 2 2 2 2 
2 2 2 2 2 2 2 2 2 2 2 2 2 2 2 
2 2 2 2 2 2 2 2 2 2 2 2 2 2 2 
2 2 2 2 2 6 2 2 2 2 2 2 2 2 2 
2 2 2 2 6 2 2 2 2 2 2 2 2 2 2 
2 2 2 2 6 2 2 2 2 2 2 2 2 2 2 2 2 2 2 
2 2 6 2 2 2 2 2 2 2 2 2 2 2 2 2 2 2 
2 2 2 2 2 2 2 2 2 2 2 2 2 2 2 2 2 
2 2 2 2 2 2 2 2 2 2 2 2 2 2 2 2 2 2 
2 2 2 2 2 2 2 2 2 2 2 2 2 2 2 2 2 2 
2 2 2 2 2 2 2 2 2 2 2 2 2 2 2 2 2 2 
2 2 2 2 2 2 2 2 2 2 2 2 2 2 2 2 2 
2 2 2 2 2 2 2 2 2 2 2 2 2 2 2 2 2 
2 2 2 2 2 2 2 2 2 2 2 2 2 2 2 2 2 
2 2 2 2 2 2 2 2 2 2 2 2 2 2 2 2 2 2 
2 2 2 2 2 2 2 2 2 2 2 2 2 2 2 2 
2 2 2 2 2 2 2 2 2 2 2 2 2 2 2 
2 2 2 2 2 2 2 2 2 2 2 2 2 2 
2 2 2 2 2 2 2 2 2 2 2 2 2 2 2 2 2 
2 2 2 2 2 2 2 2 2 2 2 2 2 2 2 
2 2 2 2 2 2 2 2 2 2 2 2 2 2 2 2 
2 2 2 0 2 2 2 2 2 2 2 2 2 2 2 
2 0 2 2 2 2 2 2 2 2 2 2 2 2 2 
2 2 2 2 0 2 2 2 2 2 2 2 2 2 2 2 
2 0 2 2 2 2 2 2 2 2 2 2 2 2 2 2 
2 2 0 2 2 2 2 2 2 2 2 2 2 2 2 
2 2 2 2 0 2 2 2 2 2 2 2 2 2 2 2 2 
0 2 2 2 2 2 2 2 2 2 2 2 2 2 
2 2 2 2 2 2 2 2 2 2 2 2 2 
2 2 2 2 2 2 2 2 2 2 2 2 2 2 2 
2 2 2 2 2 2 2 2 2 2 2 2 2 
2 2 2 2 2 2 2 2 2 2 2 2 
2 2 2 2 2 2 2 2 2 2 2 2 2 2 2 
2 2 2 2 2 2 2 2 2 2 2 2 2 2 2 2 2 
2 2 2 2 2 2 2 2 2 2 2 2 2 2 
2 2 2 2 2 2 2 2 2 2 2 2 2 
2 2 2 2 2 2 2 7 2 2 2 2 2 2 2 2 
2 2 2 2 2 2 2 2 2 2 2 2 2 7 2 2 2 2 2 2 
2 2 2 2 2 2 2 2 2 2 2 2 7 2 2 2 2 2 2 
2 2 2 2 2 2 2 2 2 2 7 2 2 2 2 2 2 
2 2 2 7 2 2 2 2 2 2 2 2 2 2 2 2 
2 2 2 2 2 7 2 2 2 2 2 2 2 2 2 2 
2 2 2 2 7 2 2 2 2 2 2 2 2 2 2 
2 2 2 2 2 2 2 2 2 2 2 2 2 2 2 
2 2 2 2 2 2 2 2 2 2 2 2 2 2 2 
2 2 2 2 2 2 2 2 2 2 2 2 2 2 
2 2 2 2 2 2 2 2 2 2 2 2 2 2 2 2 
2 2 2 2 2 2 2 2 2 
2 2 2 2 2 2 2 2 2 
2 2 2 2 2 2 2 2 
2 2 2 2 2 2 2 2 2 2 
2 2 2 2 2 2 2 2 2 2 2 
2 2 2 2 2 2 2 2 2 
2 2 2 2 2 2 2 2 2 2 
2 2 2 2 2 2 2 2 2 2 
2 2 2 2 2 2 2 2 2 2 
2 2 2 2 2 2 2 2 2 
2 2 2 2 2 2 2 2 2 2 
2 2 2 2 2 2 2 2 2 2 2 
2 2 2 2 2 2 2 2 
2 2 2 2 2 2 2 2 
2 2 2 2 2 2 2 
2 2 2 2 2 2 2 2 2 
2 0 2 2 2 2 2 2 2 2 
2 2 2 2 2 2 2 2 2 
2 2 2 2 2 2 2 2 2 2 
2 2 2 2 2 2 2 2 2 2 
2 2 2 2 2 2 2 2 2 
2 2 2 2 2 7 2 2 2 2 2 2 
2 2 2 2 2 2 2 2 2 2 
2 2 2 2 2 2 2 2 2 
2 2 2 2 2 2 2 2 2 2 
2 2 2 2 2 2 2 2 2 
2 2 2 2 2 2 2 
2 2 2 2 2 2 2 
2 2 2 2 2 2 
2 2 2 2 2 2 2 
2 2 2 2 2 2 2 2 
2 2 2 2 2 2 
2 2 2 2 2 2 2 
2 2 2 2 2 
2 2 2 2 2 2 
2 2 2 2 2 2 
2 2 2 2 2 2 
2 2 2 2 2 
2 2 2 2 2 
2 2 2 2 2 2 
2 2 2 2 2 2 2 2 
2 2 2 2 2 2 
2 2 2 2 2 2 
2 2 2 2 2 
2 2 2 2 2 
2 2 2 2 2 2 2 
2 2 2 2 2 
2 2 2 2 2 2 2 2 
2 2 2 2 2 2 2 
2 2 2 2 2 2 2 
2 2 2 2 2 2 2 
2 2 2 2 2 2 2 
2 2 2 2 2 2 2 
2 2 2 2 2 2 2 2 
2 2 2 2 2 2 2 2 
2 2 2 2 2 2 2 2 2 
2 2 2 2 2 2 2 2 
2 2 2 2 2 2 2 2 2 2 2 
2 2 2 2 2 2 2 2 2 2 
2 2 2 2 2 2 2 2 2 2 
