10 11 12 13 17 
7 10 11 12 13 14 15 17 
7 11 12 13 
11 12 13 
11 12 13 14 15 17 
10 12 13 14 17 
12 13 17 
11 12 13 17 
10 11 13 17 
10 11 13 14 15 
7 13 
12 13 
7 12 13 
6 7 12 
11 12 
11 12 
10 11 
10 11 14 














10 11 12 14 15 16 
11 12 15 16 
6 7 11 12 15 16 
12 13 16 17 
12 13 16 17 
7 13 17 
13 17 
13 17 
13 17 
13 17 
7 13 17 
13 17 
7 13 17 
7 12 13 17 
12 13 17 
6 12 13 17 
11 12 13 
7 11 12 13 
10 11 12 13 14 15 16 
10 11 12 13 14 15 16 
7 11 12 15 16 
11 12 13 16 17 
10 11 12 13 16 17 
10 11 13 14 15 17 
13 17 
13 17 
13 17 
13 17 
13 17 
13 17 



















10 11 14 15 
10 11 12 14 15 16 
7 11 12 15 16 
12 13 16 17 
12 13 16 17 
10 11 12 13 14 15 16 17 
10 11 12 13 14 15 16 17 
11 12 13 15 16 17 
12 13 16 17 
12 13 16 17 
12 13 16 17 
7 13 17 
13 17 
7 10 11 12 13 14 15 16 17 
11 12 13 15 16 17 
7 12 13 16 17 
12 13 16 17 
12 13 16 17 
6 13 17 
13 17 
13 17 
13 17 
13 17 
6 13 17 
13 17 
13 
13 
12 13 
12 13 
12 
11 12 
10 11 12 
11 14 15 


13 17 
13 17 
7 13 17 
7 13 17 
10 11 13 14 15 17 
10 11 12 13 14 15 16 
12 13 16 17 
12 13 16 17 
12 13 17 
11 12 13 17 
10 11 12 13 14 15 17 
10 11 13 14 15 17 
17 
17 
7 17 
7 17 
17 
17 
17 
17 
17 
17 
17 


13 17 
13 17 
13 17 
13 17 
13 17 
13 17 
13 17 
12 13 17 
12 13 17 
12 17 
11 12 17 
11 12 17 
10 11 14 15 17 
10 14 17 




17 















7 








































13 17 
13 17 
13 17 
13 17 
13 17 
13 
13 
12 13 
12 13 
12 
11 12 
11 12 
10 11 13 14 15 17 
10 13 14 17 
13 17 
13 17 
13 17 
13 
12 13 
12 13 
12 
11 12 
10 11 12 
10 11 13 14 17 
13 17 
13 17 
13 17 
13 17 
13 
12 13 
7 12 13 
12 
11 12 
11 12 
10 11 
11 

13 17 
7 13 17 
13 17 
13 17 
7 13 17 
7 13 17 
12 13 17 
7 12 13 17 
12 13 17 
11 12 13 17 
11 12 13 17 
10 11 12 13 14 15 17 
6 10 12 13 14 
10 11 12 13 14 15 16 
11 12 13 15 16 
10 11 12 13 16 
10 11 12 13 16 17 
12 13 16 17 
11 12 13 17 
11 12 13 17 
10 11 13 17 
10 11 13 17 
13 17 




10 11 12 14 15 16 
7 11 12 15 16 
12 16 
12 13 16 17 
12 13 16 17 
13 17 
13 17 
13 17 
13 17 
13 17 
13 17 
6 7 
13 17 
7 13 17 
13 17 
6 7 13 17 
7 13 17 
13 
13 
12 13 
12 13 
12 13 
12 
6 7 11 12 
10 11 14 15 
10 14 
















6 



6 
6 
6 



















13 17 
13 17 
13 17 
13 17 
13 17 
13 17 
13 
12 13 
7 12 13 
12 
11 12 
11 12 
10 11 14 15 
11 14 15 

10 11 14 15 
10 11 12 13 14 15 16 17 
12 13 16 17 
12 13 16 17 
13 17 
7 13 17 
13 17 
12 13 17 
12 13 17 
12 
11 12 
11 14 15 
7 10 14 










13 17 
13 17 
7 13 17 
13 17 
13 17 
13 
13 
7 12 13 
12 13 
12 
11 12 
10 11 
10 11 



















































6 







7 










13 17 
13 17 
13 17 
13 17 
13 17 
13 17 
12 13 17 
12 13 17 
12 13 17 
11 12 13 17 
11 12 13 
10 11 13 14 15 
6 10 12 13 14 
12 13 
12 
11 12 15 16 
10 11 12 13 14 15 16 17 
11 13 14 15 17 
13 17 
13 17 
13 17 
13 17 
13 17 
12 13 17 
7 12 13 17 
12 13 
10 11 12 13 14 15 16 
10 11 12 13 14 15 16 17 
10 11 12 13 15 16 17 
10 11 12 13 16 17 
6 10 11 12 13 14 16 17 
11 12 13 17 
11 13 17 
7 11 13 17 
12 13 17 
12 13 17 
12 13 17 
11 12 13 17 
7 10 11 12 13 
10 11 13 14 
12 13 
12 13 
12 
11 12 
10 11 12 14 15 
10 11 14 15 


13 17 
13 17 
13 17 
13 17 
13 17 
13 17 
13 17 
12 13 17 
12 13 17 
12 13 17 
6 10 11 12 13 17 
6 7 10 11 12 13 14 15 
6 7 10 11 12 13 14 15 
6 10 11 12 13 
6 10 11 12 13 14 15 
6 10 11 12 14 15 
6 10 11 12 
6 10 11 12 
6 10 11 14 15 
6 7 10 11 14 15 
6 7 10 11 12 14 15 16 
7 11 12 15 16 
7 11 12 13 16 17 
7 11 12 13 16 17 
7 11 13 17 
7 11 13 17 
7 11 13 17 
7 11 13 17 
7 11 13 17 
7 11 17 
7 11 
7 11 
11 
11 
11 
11 
11 
11 12 
11 12 
12 
12 
12 

12 
12 
12 
7 12 
12 
12 
12 
12 


6 7 
12 

12 
12 
12 
12 
12 13 17 
7 12 13 17 
12 13 17 
12 13 17 
12 13 17 
7 12 13 17 
12 13 17 
12 13 
11 12 13 
10 11 12 13 14 15 
10 11 12 13 14 15 
11 12 13 
7 10 11 12 13 14 15 16 
10 11 12 13 14 15 16 
11 12 13 15 16 17 
12 13 16 17 
12 13 16 17 
13 17 
13 17 
13 17 
13 17 
12 13 17 
12 13 17 
