13 16 17 
9 13 16 17 
9 13 
9 13 
9 13 
9 
9 
9 
9 
9 
9 
9 





17 
13 17 
12 13 16 17 
12 13 16 17 
9 12 13 16 17 
9 12 13 16 17 
9 12 13 
7 8 9 11 12 
7 8 11 12 
7 8 11 12 
7 9 13 17 
6 7 8 9 12 13 
6 7 8 9 12 13 
6 7 8 9 
6 7 8 9 
6 7 9 
7 9 
3 7 9 
3 7 9 
3 7 8 9 
2 3 8 9 
2 3 8 9 
2 8 9 
2 8 
2 8 
2 13 17 
2 8 13 
2 9 13 
9 13 
2 9 13 
2 8 9 
2 9 
2 9 
2 9 
2 9 
2 9 
2 9 
2 9 
2 6 8 9 
2 6 8 9 
2 6 8 9 
2 6 8 9 
2 6 8 9 
2 6 8 
2 6 8 
2 6 7 8 
2 6 7 8 
2 6 7 8 
2 6 7 
2 6 7 
6 7 8 
2 6 7 
2 6 7 11 
2 6 7 8 11 12 
2 7 8 11 12 16 
2 7 12 13 16 17 
2 6 7 16 17 
2 6 7 8 11 12 
2 6 7 8 11 12 
2 6 11 12 13 16 17 
2 6 12 13 16 17 
2 6 16 17 
2 6 
2 6 
2 6 
2 6 
2 6 
2 
2 
2 
2 6 
2 6 
2 6 8 
2 6 8 
8 
8 
8 
7 8 
7 8 
7 8 
2 7 
2 6 7 
2 6 7 9 
2 6 7 9 
2 6 8 9 
2 6 8 9 
2 6 8 
2 7 8 
2 7 8 
2 6 7 
2 6 7 
2 6 
2 6 




9 
9 
8 9 
8 
7 8 
7 8 
6 7 
6 
6 
6 
2 6 
2 6 
6 

2 
2 
2 
2 
2 
2 
2 
2 
2 
2 
2 9 
2 9 
2 8 9 
2 8 
2 7 8 
7 
2 6 7 
2 6 






6 10 
2 6 10 
6 7 10 11 
2 6 7 10 11 
2 6 7 8 10 11 12 
7 8 10 11 12 
7 8 9 10 12 
8 9 10 11 
6 7 8 9 11 
2 6 7 8 9 11 12 
7 8 9 10 11 12 
6 8 9 10 11 12 
6 7 8 9 10 11 
6 7 8 9 11 12 
7 8 9 10 11 12 
6 7 8 9 10 11 12 
6 7 8 9 10 11 12 
7 8 9 11 12 
8 9 12 
8 9 10 
7 9 10 11 
7 8 9 11 12 
7 8 9 11 12 
8 9 
9 
9 
8 9 
8 9 
7 8 9 
7 8 
6 7 
6 7 
6 
6 
6 
6 
6 
6 
6 
6 
6 
6 
2 6 
2 6 
2 6 13 17 
2 6 13 17 
6 13 17 
6 7 12 13 
6 7 8 9 12 13 
6 7 8 9 12 13 
6 7 8 
7 8 
7 8 
7 8 11 12 
7 8 11 12 
7 11 12 13 15 16 17 
3 7 12 13 16 17 
3 7 
2 3 7 
2 3 
2 10 
2 10 
2 10 
2 
2 
2 
2 
2 
2 
2 
2 


10 
10 
6 10 
6 
6 
6 7 
6 7 
6 7 
7 10 
3 6 7 10 
3 6 7 9 10 
2 3 6 7 9 10 
2 3 6 7 9 10 11 
2 3 6 7 9 10 11 
2 6 7 8 9 10 11 14 15 
2 6 7 8 9 11 12 15 16 
2 6 7 8 9 11 12 15 16 
2 7 8 11 12 13 14 15 16 17 
2 3 7 8 10 14 16 17 
2 3 7 8 10 14 16 17 
2 3 6 7 8 10 11 14 15 
2 3 6 7 8 10 11 14 15 
2 3 6 8 10 13 
2 3 6 8 13 
2 6 8 12 13 
2 6 8 12 13 
2 6 8 9 12 13 
2 6 9 10 11 12 13 14 15 16 17 
2 6 9 10 11 12 13 14 15 16 17 
2 6 9 10 11 12 14 15 16 17 
2 6 9 11 12 13 15 16 17 
2 6 9 11 12 13 15 16 
2 6 9 13 15 16 17 
2 6 9 13 
6 9 13 16 17 
6 9 13 
6 9 
9 
9 
9 
9 
9 
9 









2 




2 
2 
2 
2 
2 
2 
2 10 
2 
2 6 10 
2 6 10 
2 6 7 10 11 
2 6 7 10 11 
2 6 7 9 10 11 
7 8 9 
7 8 9 
2 8 10 
2 7 8 9 10 
2 6 7 8 9 10 11 14 15 
2 6 7 9 10 11 14 15 
2 6 9 10 11 12 14 15 16 
2 9 11 12 15 16 
2 9 15 16 17 
2 8 9 10 16 17 
2 6 7 8 9 10 11 
2 7 8 11 12 
2 7 8 9 11 12 
6 7 8 9 
6 9 
2 6 9 
2 6 9 
2 6 9 
2 6 


10 
10 14 
10 11 14 15 
10 11 14 15 
11 12 15 16 
15 16 
16 17 








9 
4 5 8 9 
4 5 8 9 
4 8 
3 4 7 8 
3 4 7 8 
2 3 6 7 
2 6 





10 
10 11 
7 8 11 12 
8 9 12 
8 9 
9 
9 
9 

2 6 








2 6 




2 6 9 
2 6 9 13 17 
2 6 9 13 17 
2 6 8 9 13 17 
2 6 8 9 13 17 
2 6 8 9 12 13 
6 8 9 12 13 
6 8 9 12 13 17 
6 7 8 13 17 
6 7 8 13 17 
6 7 8 12 13 
6 7 8 9 12 13 
7 8 9 12 13 
3 7 8 
3 7 8 11 
3 7 8 11 12 13 15 16 17 
2 3 7 10 11 12 13 15 16 17 
2 3 7 8 9 10 12 13 16 17 
2 3 7 8 9 12 13 17 
2 3 7 8 12 13 17 
3 7 8 12 13 16 17 
2 3 7 8 12 13 16 17 
2 3 7 8 12 13 
2 3 7 8 11 12 
2 3 7 8 11 12 
2 3 7 8 11 12 
2 3 7 
2 3 6 7 
2 3 6 7 
2 3 6 
6 
2 6 
2 6 
2 
2 
2 
2 
2 
2 
2 

























10 
6 10 
6 10 
6 
6 
6 7 9 
6 7 9 
6 7 9 
6 7 9 
3 7 9 
9 
2 3 6 7 9 
2 3 6 7 9 
2 3 9 
2 4 5 8 9 
2 8 9 
2 8 9 
2 8 9 
2 9 10 
6 7 8 9 10 11 12 
6 7 8 9 10 11 12 
7 8 9 
8 9 
4 5 8 9 
9 
8 9 
8 








10 11 
7 8 10 11 12 
7 8 9 11 12 
8 9 
9 
9 
9 
9 






9 








8 9 
8 13 17 
8 13 17 
7 8 13 17 
7 8 
4 5 7 8 9 
4 5 7 8 9 13 
4 5 7 8 9 13 
4 5 6 7 8 9 13 
4 6 7 8 9 13 
4 6 7 8 9 13 
4 6 8 9 13 
3 4 7 8 9 13 
3 4 7 8 9 13 
3 4 7 8 9 
3 4 7 8 9 13 
3 7 8 9 13 
6 7 8 9 13 
6 7 8 9 13 
6 7 8 9 13 
6 7 8 9 13 
7 8 9 
7 9 
6 7 9 
6 7 9 
6 9 
6 







13 
13 
13 
9 13 
9 13 
9 13 
9 13 
9 13 
9 13 
9 13 
9 13 
9 13 17 
9 13 17 
9 13 
9 12 13 
8 9 12 13 
8 9 12 13 
8 9 12 13 17 
8 9 13 
7 8 9 13 
7 8 9 13 
7 9 13 
7 9 
7 9 
3 7 9 
3 7 9 
3 7 9 
2 3 6 7 9 
2 3 9 
2 
2 
2 
2 
2 
2 
2 
2 
2 


2 
2 
2 
2 
2 
2 
2 
2 6 
2 6 
2 6 
2 6 
2 6 
2 6 
2 6 
2 6 
2 6 
2 6 
2 6 
2 6 7 
2 6 7 
6 7 
2 6 7 
2 6 7 11 
2 6 7 8 11 12 
2 6 7 8 11 12 15 16 
2 11 12 15 16 17 
2 6 16 17 
2 6 
2 6 
2 6 
2 6 
6 
6 
6 
6 
6 
