3 8 9 12 13 
7 9 13 
3 9 13 
3 7 
3 7 11 
3 7 11 
2 3 6 7 11 
3 7 9 11 15 
3 7 9 10 11 14 15 
2 3 6 7 9 10 11 14 15 
3 7 9 11 
3 7 9 11 
3 7 8 9 11 
2 3 6 7 8 9 10 11 15 
3 6 7 8 9 10 11 14 15 
3 6 7 8 9 10 11 14 15 
3 7 8 10 11 14 15 
3 6 7 8 10 11 14 15 
3 4 7 8 11 14 15 
3 4 7 8 11 14 15 
3 4 7 8 11 
3 4 6 7 8 10 11 14 15 
3 4 7 8 10 11 14 15 
3 4 7 8 10 13 14 
3 4 7 8 9 13 14 17 
3 4 7 8 9 11 13 17 
3 4 7 9 10 11 13 14 15 17 
3 4 7 9 10 11 13 14 15 
3 4 7 8 9 12 13 
3 4 7 8 9 12 13 
3 4 7 8 9 
3 4 7 8 9 13 
3 4 7 8 9 13 
3 4 7 8 9 13 
3 4 8 9 
3 4 8 9 
3 4 8 9 
3 4 8 13 17 
3 4 8 9 12 13 17 
3 4 7 8 9 12 13 
3 4 7 8 9 
3 4 7 8 
3 4 7 8 
3 4 7 8 
3 4 7 8 9 13 
3 4 7 8 9 
3 4 7 8 9 11 
3 4 7 8 9 11 
3 4 8 10 11 14 15 
3 4 7 8 14 15 
3 4 7 8 
3 4 7 8 
3 4 7 
3 4 7 
3 4 7 9 13 
3 4 7 9 13 
3 4 7 8 9 
3 4 6 7 8 9 
3 4 6 7 8 10 11 
3 4 7 8 10 11 14 
3 4 7 8 10 14 
3 4 7 8 
3 4 7 11 
3 4 6 7 9 11 13 15 17 
3 4 6 7 8 9 10 11 13 14 15 
3 4 6 7 8 9 10 11 14 15 
3 4 6 7 8 10 14 
3 4 6 7 8 9 10 11 13 
3 4 6 7 8 9 10 11 13 14 
3 4 7 8 9 11 14 
3 4 7 8 9 10 11 14 15 
3 4 7 8 10 11 14 15 
3 4 7 8 
3 4 7 8 
4 7 8 11 
3 4 7 11 
3 4 7 10 11 14 15 
3 4 7 14 15 
3 4 6 7 
3 4 6 7 
3 4 6 7 10 
3 4 6 7 10 
3 4 7 10 
3 4 7 
4 7 
4 7 9 13 
4 7 9 13 
3 7 8 9 11 
3 7 8 9 10 11 14 15 
3 4 8 10 11 14 15 
3 4 8 
3 4 8 
3 4 8 
3 4 9 13 
3 4 9 13 
3 4 7 8 9 
3 4 7 8 9 
3 4 7 8 
3 4 7 8 
4 7 8 
4 7 8 
4 6 7 
4 6 7 10 11 
3 4 10 14 
4 14 
4 
3 4 
3 4 
4 
3 4 
4 
4 
3 4 
4 


3 9 13 
9 13 
8 9 12 13 
7 8 9 11 12 13 
6 7 8 10 11 12 
6 7 10 11 
9 10 
3 9 
9 
8 9 14 
8 9 10 11 14 15 
8 9 10 11 14 15 
8 9 11 12 15 16 
8 9 11 12 13 14 
4 8 9 10 11 12 13 14 15 
4 8 9 10 11 12 13 14 15 16 
4 8 9 11 12 13 15 16 
4 8 9 12 13 
4 8 9 12 13 
4 8 9 13 
4 8 
4 8 
4 8 10 11 14 15 
4 8 10 11 12 14 15 16 
4 8 11 12 13 15 16 
4 8 12 13 
4 8 13 
4 
4 
4 
4 9 10 11 13 14 15 
4 9 10 11 12 13 14 15 16 
3 4 8 9 12 13 15 16 17 
3 4 7 8 9 11 12 13 
4 7 8 9 11 12 13 
4 10 11 12 14 15 16 
3 4 10 11 14 15 
4 10 11 14 15 
4 
4 
4 
4 
4 

9 
9 
9 
8 9 
8 9 
8 9 
8 
4 8 
4 7 8 
4 7 8 
4 7 8 
4 7 8 11 12 
4 8 9 12 13 
4 8 9 12 13 
4 8 9 12 13 
4 9 13 
4 17 
4 12 13 16 17 
4 11 12 13 15 16 17 
4 11 12 15 16 
4 10 11 12 14 15 16 17 
4 10 11 14 15 16 17 
4 11 12 13 15 16 17 
4 11 12 13 15 16 17 
4 10 11 12 14 15 16 17 
3 4 10 11 12 13 14 15 16 17 
4 10 11 12 13 14 15 16 17 
4 11 12 15 16 
4 10 11 14 15 17 
3 4 10 11 16 17 
3 4 12 13 16 17 
3 11 12 13 15 16 17 
3 11 12 15 16 
3 10 11 12 14 15 16 
3 10 11 14 15 
3 10 11 13 17 
3 9 13 17 
9 13 17 
3 9 13 17 
3 8 9 12 13 17 
3 7 8 9 13 
3 7 8 9 12 13 
3 7 8 9 13 
3 7 8 9 13 
3 4 7 8 9 
3 4 7 8 9 
3 4 7 8 9 
3 4 7 8 9 
3 4 7 8 
3 4 7 8 
3 4 7 8 
3 4 7 8 
3 4 7 8 
3 4 7 8 
3 4 7 8 
3 4 7 
3 4 7 
3 4 7 
3 4 7 8 9 13 
3 4 7 9 13 
3 4 7 8 9 11 
3 4 6 7 8 9 11 
3 4 6 7 8 9 10 11 15 
4 6 7 8 10 11 14 15 
4 7 8 10 14 15 
3 4 7 8 
3 4 7 8 11 
4 7 11 
4 11 14 15 
4 14 15 
4 

4 9 13 
9 13 
8 9 13 
8 9 13 
4 8 9 
4 8 9 
4 8 
4 8 
4 8 
4 8 
4 8 
4 
3 4 
3 4 
3 4 
3 4 
3 4 
3 4 
3 4 
3 4 9 13 17 
3 4 8 9 12 13 
3 4 7 8 9 12 13 
3 4 7 8 
3 4 7 8 
3 4 7 8 
3 4 7 8 
3 4 6 7 8 
3 4 6 7 8 10 11 
3 4 7 10 
3 4 7 
3 4 7 
3 4 7 11 
3 4 7 11 15 
3 4 10 11 14 15 
3 4 
3 4 
3 4 
3 4 
3 4 7 
3 4 7 
3 4 7 
3 7 
7 
3 7 
6 7 9 10 11 13 
6 7 9 10 11 13 14 
8 9 14 
8 
4 8 
4 8 9 13 
4 8 9 13 
4 8 9 
4 8 9 
4 8 
3 4 8 
3 4 8 
3 4 8 
3 4 8 
3 4 
3 4 
3 4 
3 4 
3 4 7 8 
3 4 
3 4 
3 4 
3 4 
3 4 7 
3 4 7 
3 4 7 
3 4 7 
3 4 7 10 14 
3 7 10 11 14 15 
3 7 10 11 12 14 15 16 
7 10 11 12 13 15 16 
6 7 10 11 12 13 
7 8 11 12 13 
7 8 11 12 
3 7 8 12 
7 8 
7 8 
3 7 8 
8 
8 
8 
8 
4 8 
4 8 
4 8 
4 8 
4 8 
4 
3 4 
4 
3 4 
3 4 
4 
3 4 
3 4 9 13 
4 8 9 12 13 
3 4 8 9 12 13 
3 4 7 8 9 11 12 13 
4 6 7 8 9 10 11 12 13 
3 4 6 7 8 9 10 11 12 13 
3 4 7 8 9 11 12 13 
3 4 6 7 8 9 10 11 12 13 
3 4 6 7 8 9 10 11 12 13 
3 4 7 8 9 10 11 12 13 
3 6 7 8 10 11 12 
3 6 7 9 10 11 13 
3 7 8 9 10 12 13 
3 7 8 9 11 12 13 
3 6 7 8 9 10 11 12 13 
3 6 7 9 10 11 13 
3 7 8 9 10 12 13 
3 7 8 9 11 12 13 
3 6 7 8 10 11 12 
6 7 10 11 
7 10 
7 
7 
7 9 
7 9 
7 8 9 
8 9 
3 8 9 13 
3 8 9 12 13 
7 8 9 11 12 13 
6 7 8 10 11 12 
4 6 7 8 10 11 
4 8 
4 8 9 13 
4 8 9 12 13 
4 7 8 9 11 12 13 
4 6 7 8 10 11 12 
4 6 7 9 10 11 
4 9 10 
4 9 
4 8 9 
4 8 9 
4 8 9 
4 8 
4 8 9 12 13 
4 7 8 9 11 12 13 
4 6 7 8 10 11 12 
4 6 7 8 10 11 
4 8 
3 4 8 
3 4 8 
4 
3 4 
3 4 
4 17 
3 4 7 8 17 
3 4 7 8 16 17 
3 4 7 8 16 17 
3 4 7 8 12 13 16 17 
4 7 8 9 11 12 13 15 16 17 
3 4 7 8 9 11 12 13 15 16 
3 4 7 8 9 10 11 12 13 14 15 16 
3 4 7 8 9 10 11 13 14 15 
3 4 7 8 9 12 13 17 
3 4 7 8 9 12 13 16 17 
3 4 7 8 9 12 13 16 17 
3 7 8 9 11 12 13 15 16 17 
3 7 8 11 12 15 16 
3 7 8 9 10 11 12 13 14 15 
3 4 7 8 9 10 11 12 13 
3 4 7 8 9 12 13 
3 4 7 8 9 13 
3 4 7 8 9 12 13 
3 4 7 8 9 12 13 
3 4 7 8 9 13 
3 4 7 9 13 
3 4 7 
3 4 7 
3 4 7 
3 4 7 
3 4 7 
3 4 7 8 
3 4 7 8 
3 4 7 8 
3 4 7 8 
3 4 6 7 8 11 
4 6 7 8 11 
4 6 7 8 10 11 
4 6 7 10 11 15 
6 7 8 10 11 14 15 
3 4 6 7 8 10 11 14 15 
3 7 10 14 
