3 4 8 9 12 13 16 17 
2 3 4 6 7 12 13 16 17 
2 3 4 6 7 13 17 
4 6 
4 6 10 
3 4 10 
3 4 8 
3 4 8 
3 4 8 12 
3 8 9 12 13 
2 3 6 7 8 9 12 13 16 17 
2 3 4 6 7 13 17 
4 6 
4 6 
3 4 
3 4 
3 4 7 
2 3 4 6 7 
2 3 4 6 7 
4 6 10 
4 
4 
4 
4 
4 8 
4 8 
8 12 
8 9 12 13 16 17 
4 12 13 16 17 
4 17 
4 
4 
4 
4 
4 
4 
4 
4 
4 
4 6 8 10 
4 8 
4 6 8 9 10 12 13 
6 8 9 10 12 13 16 17 
6 8 9 10 12 13 16 17 
6 7 10 13 17 
6 7 10 17 
3 6 7 10 
3 4 7 8 10 
3 4 7 8 10 
3 4 10 
4 10 11 
4 10 11 14 15 
4 10 11 12 14 15 16 
4 11 12 13 15 16 17 
4 16 17 
4 
13 17 
12 13 16 17 
8 9 12 13 16 17 
7 8 9 11 12 13 
4 7 8 11 12 
4 6 7 11 
4 6 7 
4 6 10 14 
4 14 


10 
10 
10 11 
10 11 
10 11 13 14 15 17 
11 12 13 15 16 17 
8 9 11 12 13 15 16 17 
8 9 12 13 16 17 
7 8 9 11 12 13 17 
7 8 11 12 17 
4 6 7 
4 6 7 
4 6 7 
3 4 6 
3 4 6 10 
3 4 6 10 14 
3 7 10 11 
2 3 6 7 10 11 
2 3 4 6 7 10 
4 6 7 8 10 11 12 14 15 16 
4 6 7 8 9 10 11 12 13 14 15 16 17 
3 4 6 7 10 
3 4 7 10 
3 4 7 8 10 
3 4 7 8 
4 10 13 17 
4 10 13 17 
4 8 9 10 12 13 17 
4 5 8 9 10 12 13 
3 4 5 7 8 10 11 12 
4 5 7 8 10 11 
4 5 6 7 10 11 12 14 15 16 
3 4 6 7 11 12 15 16 
3 4 6 11 12 13 15 16 17 
3 4 6 10 13 16 17 
3 4 6 10 16 17 
3 4 
2 3 4 6 7 
2 3 4 6 
3 4 6 13 17 
3 4 6 7 10 13 17 
2 3 4 6 7 10 11 13 17 
2 3 4 6 7 10 11 
3 4 6 7 8 9 10 12 13 16 17 
3 4 6 7 8 10 
3 4 7 8 9 12 13 
4 8 9 12 13 
4 5 8 9 12 13 
4 5 7 8 9 11 12 13 
4 5 7 8 11 12 
4 5 7 8 
3 5 7 
6 7 
6 7 9 13 
4 5 6 9 13 
4 6 9 10 13 
3 4 6 10 
3 4 6 10 14 
3 4 6 10 
3 4 6 7 10 
3 4 6 7 10 11 
2 3 4 6 7 10 11 
2 3 4 6 7 8 10 11 12 14 15 16 
2 3 4 5 6 7 8 9 11 12 13 15 16 
4 5 6 9 11 12 13 14 15 16 17 
3 4 5 8 9 13 16 17 
3 4 5 8 9 13 17 
3 4 5 7 8 9 13 17 
3 4 5 7 8 9 13 17 
3 4 5 7 8 9 11 12 13 17 
3 4 5 7 8 9 11 12 13 17 
3 4 7 8 9 11 12 13 15 16 17 
2 3 4 6 7 9 10 12 13 16 17 
2 3 4 5 6 7 8 9 10 12 13 16 17 
4 5 6 8 9 10 11 12 13 
4 5 6 8 9 10 11 12 13 15 
4 5 8 9 11 12 13 15 16 
4 7 8 11 12 15 16 17 
4 5 7 8 16 17 
3 4 5 7 8 17 
3 4 5 7 
2 3 4 5 6 7 
2 3 4 5 6 7 
3 4 5 6 7 8 10 
3 4 6 8 10 12 
2 3 4 6 7 8 10 12 16 
2 3 4 6 7 10 12 13 16 17 
2 3 4 6 7 10 11 17 
3 4 5 6 7 8 10 11 
3 4 5 6 7 8 10 11 13 14 15 17 
4 5 6 10 11 12 13 15 16 17 
4 8 9 10 11 12 13 14 15 16 17 
4 5 8 9 11 12 13 15 16 17 
4 5 8 9 12 13 16 17 
4 5 7 8 11 12 
4 5 7 8 
2 3 4 5 6 7 10 
3 4 5 6 7 
3 4 5 6 7 10 
3 4 5 6 7 10 
2 3 4 5 6 7 10 
2 3 4 5 6 7 10 14 
4 6 7 10 
4 6 7 10 
3 6 7 10 11 13 17 
3 4 6 7 8 10 11 13 17 
3 4 6 7 8 10 11 13 17 
4 7 8 13 17 
4 7 8 9 12 13 16 17 
4 8 9 12 13 16 17 
4 5 8 9 12 13 
4 5 7 8 11 12 
4 5 7 8 11 12 
3 4 5 7 
2 3 4 5 6 7 
4 5 6 7 14 
3 4 5 6 8 
3 4 5 6 8 10 
3 4 5 6 8 10 12 
3 4 5 6 8 9 10 12 13 
3 4 6 7 8 9 10 11 12 13 16 17 
2 3 6 7 10 11 12 13 16 17 
2 3 4 6 7 8 11 17 
3 4 6 7 8 14 
4 6 8 10 
4 5 8 13 17 
4 5 13 17 
4 5 8 9 12 13 17 
8 9 12 13 
4 8 9 12 13 
4 5 7 8 11 12 
4 7 8 
3 4 6 7 14 
3 4 6 7 10 14 
3 4 6 7 10 
3 6 7 10 
2 3 6 7 10 11 
2 3 6 7 10 11 
6 10 11 13 15 17 
6 10 11 12 13 15 16 17 
6 9 10 11 12 13 15 16 17 
5 8 9 12 13 16 17 
3 4 8 9 12 13 17 
4 7 8 9 11 12 13 
4 7 8 11 12 
4 6 7 
6 7 10 14 
6 7 
6 10 
6 10 
3 6 7 10 11 
4 6 7 10 11 
4 7 8 
4 7 8 
4 8 
4 5 8 
4 5 13 17 
5 10 13 17 
8 9 10 12 13 16 17 
5 8 9 10 11 12 13 16 17 
5 8 9 10 11 12 13 15 
4 5 7 8 9 11 12 13 15 16 
4 7 8 11 12 15 16 17 
3 4 7 8 16 17 
2 3 4 6 7 
2 3 4 6 7 
3 4 6 7 
3 4 6 
3 4 6 10 
3 4 
2 3 4 5 6 7 10 
2 3 4 5 6 7 10 
2 4 5 6 10 14 
4 5 6 7 10 11 
3 4 5 6 7 10 
3 4 5 7 8 10 
3 4 5 7 8 10 11 
2 3 4 5 6 7 10 11 
2 3 4 6 7 10 11 12 14 15 16 
4 5 6 10 11 12 15 16 
4 5 6 10 11 12 14 15 16 17 
4 5 6 10 13 16 17 
3 4 6 10 13 17 
4 6 7 10 13 17 
6 7 10 13 17 
3 6 7 10 11 13 17 
3 4 6 7 8 10 11 13 14 15 
3 4 6 7 8 9 10 11 12 13 14 15 16 
3 4 7 8 9 11 12 13 15 16 17 
4 8 9 12 13 16 17 
4 7 8 11 12 17 
3 4 7 8 
3 4 7 
3 4 6 7 10 
3 4 6 7 10 
3 4 6 10 11 
3 4 6 10 11 14 15 
2 3 4 6 7 10 11 12 14 15 16 
2 3 4 6 7 10 11 12 15 16 
2 3 4 6 7 10 11 12 15 16 17 
2 3 6 7 10 16 17 
4 6 7 10 14 
3 6 7 13 17 
3 4 7 8 13 17 
3 4 7 8 9 12 13 17 
3 4 6 7 8 9 10 12 13 
4 7 8 10 11 12 
4 6 7 8 10 11 12 
3 4 7 10 
3 4 6 7 10 11 13 17 
3 4 6 7 10 11 13 17 
3 4 6 10 11 14 15 
3 4 6 10 11 12 14 15 16 
3 4 6 7 8 10 11 12 15 16 
2 3 4 6 7 8 10 11 12 13 14 15 16 17 
2 3 4 6 7 8 12 16 17 
3 4 6 7 8 12 17 
3 4 6 7 8 10 12 13 16 17 
3 4 7 8 10 12 13 16 17 
4 10 13 17 
4 10 11 13 17 
4 8 9 10 11 12 13 14 15 
4 8 9 10 11 12 13 14 15 16 
4 7 8 11 12 15 16 
3 4 7 8 12 13 16 17 
3 4 7 10 13 14 16 17 
3 4 6 7 10 
3 4 6 7 10 11 13 14 15 17 
3 4 6 10 11 14 15 
3 4 6 7 10 11 12 15 16 
2 3 4 6 7 10 11 12 14 15 16 17 
2 3 4 6 7 10 14 16 17 
2 3 4 6 7 10 11 13 17 
2 3 6 7 10 11 
2 3 6 7 10 11 13 17 
2 3 4 6 7 8 9 12 13 17 
3 4 7 8 9 12 13 
3 4 7 8 9 10 12 13 
3 4 7 8 10 11 12 
4 5 7 8 10 11 12 
4 5 6 7 10 11 
4 5 6 7 10 11 
4 5 6 7 8 11 12 
4 5 6 7 8 11 12 
4 6 8 10 
3 4 5 7 8 9 
3 4 5 7 8 9 
3 4 5 7 8 9 13 
3 4 5 7 8 9 11 12 13 
4 5 7 8 11 12 16 
4 5 12 13 16 17 
5 8 9 12 13 16 17 
4 5 8 9 12 13 
5 7 8 9 11 12 13 
7 8 9 11 12 13 
4 5 7 8 9 10 13 
3 4 5 6 7 8 9 10 
3 4 5 6 7 8 9 10 
4 5 6 8 9 10 
3 4 5 6 7 10 11 
3 4 5 6 7 10 11 
3 4 5 6 7 8 11 12 
3 4 5 7 8 11 12 13 
3 4 7 8 9 10 13 
3 4 5 8 9 13 
2 3 4 5 6 7 8 9 13 
2 3 4 5 6 7 8 9 13 
2 3 4 5 6 7 8 9 13 
3 4 5 6 7 9 
3 4 5 7 9 
3 5 7 8 9 11 12 
5 7 8 9 10 11 12 13 15 16 17 
5 7 8 9 10 11 12 13 15 16 17 
5 9 10 11 12 13 16 17 
5 10 11 12 13 17 
5 8 9 10 11 12 13 14 15 
4 5 7 8 9 10 11 12 13 14 15 16 
4 5 7 8 9 11 12 15 16 
4 5 7 8 10 11 12 13 15 16 17 
4 6 7 10 16 17 
4 5 6 7 10 11 
4 5 6 7 8 10 11 15 
4 5 6 8 11 12 15 16 
4 6 8 10 11 12 15 16 17 
4 5 8 12 16 17 
4 5 8 9 12 13 16 17 
5 10 12 13 16 17 
5 10 13 17 
5 10 11 17 
10 11 
5 10 11 15 
11 12 13 15 16 17 
5 10 11 12 13 15 16 17 
4 8 9 12 13 16 17 
4 7 8 9 11 12 13 
4 7 8 11 12 
4 7 8 10 
3 4 6 7 10 
3 4 6 7 10 11 
3 4 6 7 10 11 
3 6 7 10 11 15 
2 3 6 7 10 11 12 15 16 
2 3 4 6 7 10 11 12 13 15 16 17 
4 6 7 10 
4 6 7 10 
3 4 6 7 
3 4 5 7 8 13 17 
3 4 5 7 8 9 12 13 17 
4 5 8 9 12 13 
4 5 7 8 9 12 13 
3 4 7 8 
3 4 5 7 
2 3 4 5 6 7 
2 3 4 5 6 7 
3 4 5 6 10 
3 4 5 6 10 
2 3 4 6 7 10 
2 3 4 6 7 13 17 
2 3 4 6 7 13 17 
2 3 4 6 7 8 9 10 13 17 
2 3 4 6 7 8 9 10 12 13 16 17 
4 6 7 8 9 10 11 12 13 
3 4 6 7 8 10 11 12 14 15 
2 3 4 6 7 8 10 11 14 15 
2 3 4 6 7 10 11 12 14 15 16 
2 3 4 6 10 11 12 14 15 16 17 
3 4 6 10 14 16 17 
3 4 6 10 
3 4 6 10 14 
2 3 4 6 7 10 
2 3 4 6 7 10 
2 3 4 6 7 10 
2 3 4 6 7 8 10 
2 3 4 6 7 8 10 11 13 17 
2 4 6 10 11 12 13 17 
3 4 6 8 9 10 11 12 13 15 
3 4 8 9 11 12 13 15 16 
3 4 7 8 11 12 13 15 16 17 
4 7 8 12 13 16 17 
3 4 7 17 
3 4 6 7 
3 4 6 7 
3 4 6 
3 4 6 7 
2 3 4 6 7 8 10 
2 3 4 6 7 8 10 
3 4 6 7 8 10 14 
3 4 6 7 8 10 11 12 
3 4 6 7 8 10 12 13 16 17 
2 3 4 6 7 10 12 13 16 17 
2 3 4 6 7 9 10 11 12 13 16 17 
2 3 4 6 7 8 9 10 11 13 17 
3 4 6 7 8 9 10 11 12 13 14 15 
3 4 8 9 11 12 13 15 16 
3 4 8 9 11 12 13 15 16 17 
3 4 5 7 8 9 11 12 16 17 
3 4 5 7 8 9 
3 4 5 7 
2 3 4 5 6 7 
2 3 4 5 6 7 
3 4 5 6 7 8 
2 3 4 5 6 7 8 
2 3 4 5 6 7 8 10 
2 3 4 6 7 8 10 12 14 
5 6 8 10 12 
5 6 8 10 12 13 16 17 
6 10 11 12 13 16 17 
5 6 7 10 11 13 17 
5 6 7 10 11 14 15 
3 5 7 11 12 15 16 
3 4 5 7 8 11 12 13 15 16 17 
3 4 5 7 8 12 13 16 17 
4 5 8 9 12 13 17 
4 8 9 12 13 17 
4 7 8 11 12 
4 7 8 9 13 
4 7 9 13 
4 5 6 7 8 9 
4 5 6 7 8 9 
4 5 6 8 9 
4 5 6 
4 6 
4 8 10 
3 4 5 8 10 
3 4 5 8 10 12 
3 4 8 9 10 11 12 13 
3 4 6 8 9 10 11 12 13 16 17 
3 4 5 6 10 11 12 13 14 15 16 17 
3 4 5 6 10 11 12 14 15 16 17 
2 3 4 5 6 7 10 11 12 14 15 16 
2 3 4 6 7 11 12 13 15 16 17 
2 3 4 6 7 14 16 17 
3 4 5 6 7 8 
3 4 5 6 7 8 13 17 
3 4 5 7 8 13 17 
4 8 9 12 13 16 17 
4 8 9 10 12 13 14 
4 5 7 8 9 10 11 12 13 14 
3 4 5 7 8 9 10 11 12 
3 4 5 6 7 8 9 10 11 
3 4 5 6 7 8 9 10 11 14 15 
3 4 5 6 7 10 11 12 14 15 16 
3 4 5 6 7 8 11 12 13 15 16 17 
3 4 6 7 8 10 11 12 13 15 16 17 
2 3 4 5 6 7 8 14 16 17 
2 3 4 5 6 7 8 10 11 12 
2 4 5 6 7 8 10 11 12 13 16 17 
4 5 6 10 12 13 16 17 
4 5 6 10 16 17 
4 5 6 10 17 
5 6 7 10 11 13 17 
5 6 7 10 11 13 17 
5 6 7 10 11 13 17 
3 5 6 7 10 11 13 17 
3 4 5 6 7 8 9 10 11 12 13 15 16 17 
3 4 5 7 8 9 11 12 13 15 16 
4 8 9 11 12 13 15 16 17 
4 7 8 9 11 12 13 16 17 
4 7 8 11 12 16 17 
4 7 8 
4 6 7 
4 6 7 8 
4 6 7 8 
4 6 8 10 12 
4 8 9 12 13 
4 8 9 12 13 16 17 
4 12 13 16 17 
3 4 5 6 10 17 
3 4 5 6 10 14 
3 4 5 6 7 10 
2 3 4 5 6 7 10 
2 3 4 6 7 10 11 
2 3 4 6 7 8 10 11 
2 3 4 6 7 8 10 11 12 15 16 
2 3 4 5 6 7 11 12 15 16 
2 4 6 11 12 13 15 16 17 
4 16 17 
3 4 17 
3 4 8 
3 4 8 
3 4 8 
3 4 8 12 
2 3 4 6 7 8 9 12 13 16 17 
2 3 4 6 7 8 9 10 12 13 16 17 
4 6 10 12 13 16 17 
4 6 10 13 17 
4 8 9 10 12 13 17 
4 8 9 10 11 12 13 
4 8 9 10 11 12 13 14 15 
4 7 8 10 11 12 14 15 16 
3 4 7 8 11 12 15 16 17 
3 4 7 16 17 
3 4 6 7 
3 4 6 7 
3 4 6 8 
3 4 6 8 10 
3 4 8 10 12 
2 3 6 7 8 9 10 12 13 16 17 
2 3 6 7 10 12 13 16 17 
2 6 7 10 13 17 
3 6 7 10 11 
3 4 6 7 8 10 11 13 17 
3 4 7 8 10 11 13 15 17 
4 11 12 13 15 16 17 
4 9 11 12 13 15 16 17 
4 8 9 12 13 16 17 
4 8 9 12 13 17 
4 7 8 9 11 12 13 
3 4 7 8 11 12 
3 4 7 8 
2 3 4 6 7 
4 6 7 
4 6 
3 4 5 6 10 
3 4 5 7 8 10 
3 4 5 7 8 
4 5 8 10 12 14 
4 5 6 8 10 12 
5 6 7 8 9 10 11 12 13 16 17 
5 6 7 10 11 12 13 16 17 
3 5 6 7 10 11 13 14 15 17 
3 4 5 7 8 10 11 12 13 14 15 16 17 
3 4 5 7 8 10 11 12 13 15 16 17 
3 4 8 9 11 12 13 15 16 17 
4 7 8 9 11 12 13 14 
4 7 8 10 11 12 14 
4 7 10 
3 4 6 7 10 
3 4 6 7 10 
3 4 5 6 10 11 
3 4 5 6 10 11 14 
3 4 5 6 7 10 11 14 15 
2 3 4 5 6 7 10 11 12 14 15 16 
2 3 4 6 7 11 12 15 16 
2 3 4 5 6 7 10 11 12 13 15 16 17 
3 4 5 6 7 8 10 16 17 
3 4 5 7 8 10 
4 5 10 13 17 
4 10 11 13 17 
4 10 11 13 14 15 17 
4 10 11 12 13 14 15 16 17 
4 8 9 11 12 13 15 16 
4 8 9 12 13 16 17 
4 7 8 11 12 16 17 
4 7 8 11 12 
4 6 7 
3 4 6 7 
3 4 6 7 
3 4 6 10 
3 4 6 10 
3 4 6 7 10 
2 3 4 6 7 10 
2 3 4 6 7 10 11 
2 3 6 7 10 11 
3 6 7 8 9 10 11 13 
3 4 6 7 8 10 
3 4 7 8 9 10 13 14 17 
4 5 8 9 13 17 
4 5 8 9 13 17 
4 5 9 13 17 
4 5 9 13 17 
3 4 5 8 9 12 13 16 17 
3 4 5 8 9 12 13 17 
3 4 5 7 8 9 11 12 13 
3 4 5 7 8 11 12 
3 4 5 7 8 
3 4 5 7 8 13 14 
3 4 5 6 7 8 13 
3 4 6 7 8 10 12 
3 4 6 7 8 9 10 12 13 
3 4 6 7 8 9 10 11 12 13 16 17 
2 3 6 7 10 11 12 13 16 17 
2 3 4 6 7 8 10 11 17 
