2 6 9 
2 6 
2 6 
2 6 
2 6 
2 6 12 13 16 17 
2 6 9 12 13 16 17 
2 6 9 12 13 16 17 
2 6 12 13 17 
2 6 7 8 9 11 12 13 17 
2 6 7 8 9 11 12 13 17 
2 6 7 8 9 11 12 13 17 
6 7 8 9 12 13 16 17 
2 6 7 8 9 12 13 16 17 
2 6 7 8 9 11 12 13 
6 7 8 9 10 11 12 
6 7 8 9 10 11 12 13 17 
3 6 7 8 9 10 12 13 16 17 
3 6 7 8 9 12 13 16 17 
3 6 7 8 9 11 12 13 
2 3 6 7 8 11 12 13 17 
2 3 6 7 8 11 13 17 
2 3 6 7 8 9 12 13 16 17 
2 3 6 7 8 9 12 13 16 17 
2 3 6 7 8 12 13 
2 3 6 7 8 11 12 13 17 
2 3 7 8 11 12 13 17 
2 3 6 7 8 9 12 13 
2 3 6 7 8 9 12 13 
2 3 6 7 8 9 13 17 
2 3 6 7 8 9 12 13 17 
2 3 6 7 8 9 12 13 
2 3 6 7 8 9 12 13 
2 3 6 7 8 9 
2 3 6 7 8 9 
2 3 6 7 8 9 13 17 
2 3 6 7 8 9 12 13 
2 3 6 7 8 9 12 13 
2 3 6 7 8 
2 3 7 8 
2 3 7 
2 3 7 
2 3 6 7 9 
2 3 6 7 9 13 
2 3 6 9 13 
2 3 6 9 13 
2 3 6 7 9 
2 6 7 9 12 13 17 
2 6 7 8 9 12 13 
2 6 7 8 9 
2 6 7 8 9 
2 6 7 9 11 13 17 
2 3 6 7 8 9 11 12 13 
2 3 6 7 8 9 11 12 13 15 16 17 
2 3 6 7 8 9 16 17 
2 3 6 7 8 9 11 12 13 17 
2 3 6 7 8 9 11 12 13 
2 3 6 7 8 9 11 12 13 15 16 17 
2 3 6 7 8 9 12 13 16 17 
2 3 6 7 9 
2 3 6 7 8 9 
2 3 6 7 9 
2 3 6 7 9 13 
2 3 6 9 13 
2 3 6 7 9 12 13 17 
2 6 7 8 9 12 13 
2 6 7 8 9 
2 7 8 9 
2 7 9 11 
2 3 7 9 11 12 15 16 
2 3 7 9 11 12 15 16 17 
2 3 9 16 17 
2 9 13 17 
2 8 9 12 13 
2 8 9 12 13 
7 8 
2 7 8 
7 9 
3 7 9 13 17 
3 7 8 9 12 13 17 
2 3 7 8 9 12 13 
2 3 8 
2 3 7 8 9 
2 7 8 9 
2 7 
2 3 7 
2 3 7 9 
2 3 7 9 
2 3 9 
2 3 
2 9 
2 9 
2 9 
2 13 17 
2 13 17 
2 8 9 12 13 
2 8 9 12 13 
2 8 
2 7 8 
2 7 8 17 
3 7 12 13 16 17 
3 7 12 13 16 17 
3 7 8 9 11 12 
3 7 8 11 12 
2 3 6 7 
2 3 6 7 9 
2 6 
2 6 
2 
2 
2 13 17 
2 8 12 13 
2 7 8 
7 8 
7 
3 7 
3 7 
2 3 
2 3 8 9 
2 
2 
2 
2 6 
2 6 
2 6 
6 7 
6 7 
7 
7 8 11 12 
7 8 11 12 13 16 17 
12 13 16 17 
7 8 9 11 12 13 
7 8 11 12 
6 7 
6 7 
6 
6 

2 
2 
2 
2 
2 6 
2 6 8 
2 6 8 
2 6 8 10 
2 6 8 10 
2 6 8 9 
2 6 8 9 
6 7 8 9 
6 7 8 9 10 12 
2 6 7 8 9 10 12 
2 6 7 8 9 12 
2 3 6 7 8 9 12 13 16 17 
2 3 6 7 8 9 10 12 13 16 17 
2 3 6 7 8 9 16 17 
2 3 6 7 8 9 12 
2 3 6 7 8 9 12 
2 3 6 7 8 9 10 12 16 
2 3 6 7 8 9 10 12 13 16 17 
2 3 6 7 8 9 12 13 16 17 
2 3 6 7 8 9 10 12 
2 3 6 7 8 9 10 12 
2 3 6 7 8 9 12 13 16 17 
2 3 6 7 8 9 12 13 16 17 
2 3 6 7 8 9 10 16 17 
2 3 6 7 8 9 10 12 
2 3 6 7 8 9 10 12 
2 3 6 7 8 9 12 13 16 17 
2 3 6 7 8 12 13 16 17 
2 3 6 7 8 10 12 
2 3 6 7 8 10 12 
2 3 6 7 8 9 12 13 16 17 
2 3 6 7 8 12 13 16 17 
2 3 6 7 8 12 16 17 
2 3 6 7 8 12 
2 3 6 7 12 16 
2 3 7 12 13 16 17 
2 3 7 16 17 
2 3 7 
2 3 7 
2 3 7 
2 3 
2 3 
2 9 
2 
2 
2 
2 
2 
2 9 10 
6 10 11 
6 7 8 10 11 
6 7 8 9 10 11 12 
6 7 8 9 10 11 12 
7 8 9 10 11 12 
6 7 8 9 10 11 12 13 
6 7 8 9 10 11 12 
6 7 8 9 10 11 12 
2 6 7 8 9 10 11 12 13 
2 6 7 8 9 10 11 
2 6 7 8 9 10 11 
6 7 8 9 11 12 
2 6 7 8 9 10 11 12 
2 6 7 8 9 10 
6 7 8 9 10 11 
6 7 8 9 10 11 
6 7 8 9 10 11 12 
6 7 8 9 10 11 12 
6 7 8 9 10 11 
2 6 7 8 9 10 11 
2 6 7 8 9 11 12 
3 4 6 7 8 9 10 11 12 
3 4 6 7 8 9 10 11 14 15 
3 6 7 8 9 10 11 14 15 
2 3 6 7 8 9 10 11 12 14 15 16 
2 3 6 7 8 9 10 11 12 15 16 
2 3 6 7 8 9 10 11 16 17 
2 3 6 7 8 9 11 12 
2 6 7 8 9 11 12 13 
2 6 7 8 9 12 13 
2 6 7 8 9 
2 6 7 8 9 
2 6 7 8 9 
6 7 8 9 
2 6 7 8 9 
2 6 7 8 9 10 
2 6 7 8 9 10 11 
6 7 8 9 11 12 
7 8 9 12 
6 7 8 9 
4 6 7 8 9 
4 6 8 9 
3 4 7 8 9 10 11 
3 4 7 8 9 11 12 
3 7 8 9 
3 7 8 9 
3 6 7 8 9 
2 3 6 7 9 
2 3 6 7 9 17 
2 3 4 6 9 17 
2 9 
2 6 8 9 17 
2 8 9 17 
2 6 8 9 
2 8 9 
2 4 7 8 
2 4 6 7 8 
2 3 4 6 7 8 
2 3 4 6 7 8 
3 4 7 8 9 
3 4 7 8 9 
3 4 7 8 9 
3 7 8 9 
3 4 7 8 9 
3 7 8 9 
2 3 5 6 7 9 
2 3 6 9 
2 3 9 
2 3 6 8 9 10 
2 8 9 
2 4 6 8 9 
2 4 8 9 
2 3 4 7 8 9 
2 3 4 6 7 8 9 
2 3 6 7 8 9 
2 3 7 8 9 
2 3 7 8 
3 6 7 8 
2 3 6 7 8 
2 3 6 7 8 
2 6 7 
2 6 7 10 11 
2 6 7 8 
2 6 8 9 
2 9 
2 6 9 
2 10 11 
2 6 7 8 10 11 12 
2 8 9 12 
9 
9 
9 
2 
13 17 
2 6 13 17 
2 3 6 7 12 13 16 17 
2 3 6 7 9 12 13 16 17 
2 3 6 7 9 12 13 16 17 
2 3 6 7 8 9 11 12 
3 7 8 9 11 12 
3 7 8 9 11 12 
6 7 9 
6 7 8 9 13 17 
6 7 8 9 12 13 16 17 
6 7 8 9 12 13 16 17 
6 8 9 12 13 
7 8 9 10 11 12 
7 8 9 11 12 
6 7 8 9 
6 7 8 9 10 
6 8 9 10 
6 8 9 10 11 14 15 
6 8 9 10 11 14 15 
8 9 10 11 12 14 15 16 
9 11 12 15 16 
9 16 17 
9 
2 8 9 13 17 
8 9 13 17 
8 9 13 17 
8 9 12 13 
8 9 12 13 
8 9 12 13 
2 8 9 
2 6 7 8 9 13 17 
2 6 7 8 9 13 17 
2 6 7 8 9 12 13 
2 3 6 7 8 9 12 13 
2 3 6 7 8 13 17 
2 3 6 7 8 13 17 
2 3 6 7 8 9 12 13 
2 3 6 7 8 9 12 13 
2 6 7 8 9 
2 3 6 7 8 9 13 17 
2 3 6 7 8 9 11 13 17 
2 3 6 7 8 9 11 12 13 
2 3 6 7 8 9 11 12 13 15 16 17 
2 3 6 7 8 9 11 12 13 15 16 17 
2 3 6 7 8 9 12 13 16 17 
2 3 6 7 8 12 
2 3 6 7 8 13 17 
2 3 6 7 8 9 12 13 
2 3 6 7 8 9 12 13 
2 3 6 7 8 
2 3 6 7 8 9 12 13 
2 3 6 7 8 9 12 13 
2 3 6 7 8 9 
2 3 6 7 8 13 
2 3 6 7 9 13 
2 3 6 7 9 13 17 
2 3 6 7 8 9 12 13 
2 3 6 7 8 9 12 13 
2 3 6 7 8 9 
2 3 6 7 8 9 11 13 17 
2 3 6 7 8 9 11 12 13 15 16 17 
2 3 6 7 8 9 11 12 13 15 16 17 
2 3 6 7 8 9 16 17 
2 3 6 7 8 9 11 12 
2 3 6 7 8 11 12 16 
2 3 6 7 9 12 13 16 17 
2 3 6 7 
2 3 6 7 9 
2 3 6 7 
2 3 6 7 
2 6 7 
2 6 7 11 
2 7 11 12 
2 6 11 12 13 15 16 17 
2 6 16 17 
2 6 
2 6 
2 6 9 
2 6 9 
2 6 9 
2 6 
2 6 
2 6 
2 6 
2 6 9 
2 6 
2 6 9 
2 6 9 
2 9 
2 9 
2 6 9 10 
6 8 9 10 
2 6 8 9 10 
2 6 8 9 
2 6 7 8 9 
2 6 7 8 9 10 
2 6 7 8 9 10 
2 6 7 8 9 10 
2 3 6 7 8 9 12 
3 6 7 8 9 12 
3 6 7 8 9 12 16 
3 6 7 8 9 10 12 13 16 17 
2 3 6 7 8 9 10 12 16 17 
2 3 6 7 8 9 10 12 
2 3 6 7 8 9 12 16 
2 3 6 7 8 9 12 13 16 17 
2 3 6 7 8 10 12 16 17 
2 3 6 7 8 10 12 
2 6 7 8 12 13 16 17 
2 3 6 7 8 12 13 16 17 
2 3 6 7 8 10 11 12 
2 3 6 7 8 10 11 12 
2 3 6 7 12 16 
2 3 6 7 12 13 16 17 
2 3 6 7 9 10 16 17 
2 3 6 7 9 10 
2 3 6 7 
2 3 6 7 
2 3 6 7 
2 3 6 7 
2 3 7 
2 3 7 9 10 
2 3 6 7 9 10 
2 3 6 7 9 
2 3 6 7 9 
2 3 6 7 9 10 
2 3 6 7 10 
2 3 6 7 10 
2 6 7 10 
2 3 6 7 10 
2 3 6 7 9 10 
2 3 6 7 9 10 11 
2 3 6 7 9 10 11 
2 3 6 7 8 9 10 11 12 
2 3 6 7 8 10 11 12 
2 3 6 7 8 9 10 
2 3 6 7 8 9 10 11 
2 3 6 7 8 9 10 11 
2 3 7 8 9 11 12 
2 3 7 8 9 10 11 12 14 
2 3 7 8 9 10 11 14 15 
2 3 7 8 9 10 11 14 15 
2 3 6 7 9 10 11 12 14 15 16 
2 3 6 7 9 10 11 15 16 17 
2 3 6 7 8 9 10 11 12 16 17 
2 3 6 7 8 9 11 12 
2 3 6 7 8 9 12 
2 6 7 8 9 
2 6 7 9 
2 3 7 9 
2 3 7 8 9 10 
2 3 7 8 9 10 11 14 15 
2 3 8 9 10 11 14 15 
2 3 4 8 9 10 11 12 14 15 16 
2 3 4 7 8 9 11 12 15 16 17 
2 7 8 9 16 17 
2 7 8 9 
2 6 7 8 9 
2 6 7 8 9 
2 6 7 8 9 10 11 
2 6 7 8 9 11 12 
2 6 7 8 9 
2 7 8 9 
2 6 7 8 9 13 
2 6 7 8 9 13 
2 6 7 8 9 13 
2 6 7 8 9 13 
2 6 7 8 9 13 
6 7 8 9 
2 6 7 8 9 
2 6 7 8 9 
2 6 7 8 9 
6 7 8 9 
2 6 7 8 9 
2 6 7 8 9 
2 4 5 6 7 8 9 
2 4 5 6 7 8 9 
4 5 6 7 8 9 
2 4 5 6 8 9 
2 4 8 9 
4 7 8 9 
3 4 7 8 9 
2 3 4 6 7 8 9 
3 6 7 8 9 
2 3 6 7 8 9 
6 7 8 9 
6 7 8 9 
6 7 8 9 
6 7 8 9 
6 7 8 9 
6 7 8 9 
6 7 8 9 
6 7 8 9 
6 7 8 9 
3 4 6 7 8 9 
2 3 4 6 7 8 9 
2 3 6 7 8 9 
2 3 5 6 7 8 9 10 11 
2 3 5 6 7 8 9 10 11 
2 3 4 5 6 7 8 9 
2 3 4 5 6 7 8 9 
2 3 4 5 6 7 8 9 
2 3 4 6 7 8 9 
2 3 4 6 7 8 9 
2 3 4 6 7 8 9 
2 3 6 7 8 9 
2 6 7 8 9 
2 6 7 9 
2 6 9 
8 9 
8 9 
2 6 7 8 9 
2 6 7 8 
6 7 8 9 
6 7 9 
2 6 9 
8 9 
8 9 
7 8 9 10 
2 6 7 8 9 10 11 12 
2 6 7 8 9 11 12 13 17 
2 6 8 9 
2 6 7 8 9 10 11 
2 6 7 8 9 10 11 12 13 17 
2 6 7 8 9 12 13 17 
2 4 5 6 8 9 
4 5 8 9 13 17 
3 4 7 8 9 
3 4 7 8 9 
2 3 6 7 
6 7 
2 6 13 17 





2 
4 
2 4 6 10 14 
10 11 14 15 
10 11 14 15 
10 11 13 14 15 17 
2 6 13 17 
5 9 12 13 15 16 17 
2 12 13 16 17 
2 12 13 
7 8 9 11 12 13 17 
2 6 7 8 9 11 12 13 17 
7 8 12 13 17 
6 7 8 9 12 13 
6 7 8 9 12 13 
6 7 8 
6 7 8 
2 3 6 7 8 
2 3 6 7 13 17 
3 7 9 13 
2 3 7 9 13 
2 3 7 9 
2 3 7 9 13 17 
2 3 9 12 13 17 
2 3 6 8 9 12 13 
2 6 8 9 12 
2 7 8 9 
2 6 7 8 9 
2 6 7 9 13 
2 6 7 9 13 
2 3 6 7 9 
2 3 6 7 9 
2 3 6 7 9 13 
2 3 6 7 9 13 17 
2 3 6 7 8 9 12 13 17 
2 6 7 8 9 12 13 
2 6 7 8 9 12 
2 6 7 8 9 11 
2 6 7 8 9 11 12 
2 3 6 7 8 9 11 12 13 16 17 
2 3 6 7 8 9 12 13 16 17 
2 3 6 7 8 9 11 17 
2 3 6 7 8 9 11 12 
2 3 6 7 8 9 11 12 15 16 
2 6 7 8 12 13 16 17 
2 6 7 8 9 13 16 17 
2 6 7 9 13 
2 6 7 9 13 
2 6 7 9 11 13 
2 6 7 8 9 11 12 13 17 
6 7 8 9 11 12 13 16 17 
6 8 9 12 13 16 17 
6 7 8 9 
6 7 8 9 
7 9 
3 7 9 
3 7 8 9 
2 3 7 8 9 
2 3 8 9 
2 9 
2 9 
2 9 
2 9 
2 9 
2 9 
2 8 9 
9 
8 9 
8 9 
8 9 

9 
9 
9 
9 
9 
9 
9 
