3 4 
3 4 
3 4 
4 
4 5 8 9 
2 4 6 
3 4 5 9 
3 4 5 9 13 17 
3 4 5 9 13 17 
3 4 5 8 9 12 13 
3 4 5 8 9 12 13 
3 4 5 8 9 12 13 17 
3 4 5 8 9 13 17 
2 3 4 5 6 7 8 9 12 13 
3 4 5 7 8 9 12 13 
2 3 4 6 7 8 9 12 13 17 
2 3 4 5 6 7 8 9 13 17 
2 3 4 6 7 8 9 12 13 
3 4 6 7 8 9 12 13 
3 4 7 8 9 12 13 
3 4 5 6 7 8 9 
3 4 6 7 8 
3 4 6 7 8 
2 3 4 5 6 7 8 9 10 11 12 
3 4 5 7 8 9 11 12 13 17 
3 4 5 7 8 9 11 12 13 16 17 
3 4 5 8 9 12 13 16 17 
3 4 5 6 8 9 10 12 13 16 17 
3 4 5 8 9 12 13 16 17 
3 4 6 7 8 10 
3 4 6 7 8 10 
3 4 7 8 10 
3 4 5 6 7 8 9 10 
3 4 7 8 
3 4 5 8 9 
3 4 6 7 10 
3 6 7 10 
3 4 7 
3 4 6 7 10 
3 4 7 8 
3 4 7 8 10 
3 4 5 7 8 9 11 12 
4 5 6 7 8 9 10 11 12 
4 5 6 8 9 10 12 13 16 17 
4 5 6 8 9 10 12 13 16 17 
4 8 9 12 13 16 17 
4 13 17 
4 6 10 14 
4 
4 
4 
4 6 10 14 
3 4 
4 
3 4 10 14 
2 3 4 6 
3 4 10 14 
3 4 13 17 
3 4 9 10 13 14 17 
3 4 8 9 10 12 13 14 
3 4 5 8 9 12 13 
3 4 8 9 12 13 
3 4 5 8 9 13 17 
3 4 8 9 13 
3 4 7 8 9 12 13 
3 4 5 7 8 9 10 12 13 14 
3 4 5 7 8 9 
3 4 5 7 8 9 
3 4 7 8 
3 4 7 8 
3 4 7 8 
3 4 7 8 
3 4 7 8 11 12 13 17 
3 4 7 8 9 11 12 13 17 
3 7 8 9 11 12 13 17 
3 4 7 8 9 11 12 13 15 16 17 
3 4 5 7 8 9 12 13 16 17 
3 4 5 7 8 9 11 12 13 16 17 
3 4 5 7 8 9 11 12 13 16 17 
3 4 5 7 8 9 11 12 
3 4 5 7 8 9 11 12 13 16 17 
3 4 7 8 9 12 13 16 17 
3 4 7 8 12 13 16 17 
3 4 7 8 13 17 
3 4 7 8 
3 4 7 8 11 12 
3 4 7 8 11 12 
7 8 11 12 
8 12 13 16 17 
3 4 12 13 16 17 
3 4 12 13 16 17 
3 4 
3 4 
4 
4 
4 
4 
4 
4 
3 4 
3 4 
3 4 
3 4 
3 
3 4 
3 
3 
3 4 
3 4 
3 7 
3 7 
3 7 
3 4 7 8 
3 4 7 8 11 12 
7 8 11 12 
7 8 9 11 12 13 16 17 
8 9 12 13 16 17 
4 12 13 16 17 

9 13 17 
9 13 17 
8 9 12 13 
4 5 8 9 12 13 
4 5 8 9 
4 5 8 9 
4 8 
3 4 7 8 
3 4 7 8 
3 4 
3 4 
3 4 
3 4 
3 4 
4 13 17 
4 9 13 17 
3 4 8 9 12 13 
3 4 5 8 9 12 13 
3 4 5 8 9 
3 4 8 
3 4 8 
3 4 7 8 
3 4 7 8 
3 4 
3 4 
3 4 
3 4 
3 4 
3 4 
3 4 
3 4 7 
3 4 7 
3 4 7 
3 4 7 
3 7 
3 4 7 8 
3 4 7 8 
3 4 7 8 
3 4 7 8 11 12 
3 4 7 8 11 12 
3 4 7 8 11 12 
3 4 7 8 11 12 13 17 
3 4 7 8 9 11 12 13 15 16 17 
4 5 7 8 9 11 12 13 15 16 17 
4 8 9 12 13 16 17 
4 5 8 9 12 13 16 17 
4 5 8 9 12 13 16 17 
4 7 8 9 11 12 13 15 16 17 
3 4 7 8 9 11 12 13 15 16 17 
3 4 6 7 8 9 10 11 12 13 14 15 16 17 
3 4 6 7 8 10 11 14 15 
3 4 6 7 8 
3 4 
3 4 6 7 8 10 11 12 14 15 16 
3 4 6 7 10 11 12 14 15 16 
3 4 
3 4 
3 4 6 7 10 11 14 15 
3 4 
4 
4 
4 
4 
4 


4 



4 

4 
4 
4 










4 

















4 
4 

4 
4 






4 
4 
13 17 
4 9 13 17 
4 8 9 12 13 
4 5 8 9 12 13 
4 5 8 9 
4 8 
4 8 
3 4 7 8 
3 4 7 8 
3 4 7 8 
3 4 9 13 17 
3 4 9 13 17 
3 4 8 9 12 13 
3 4 5 8 9 12 13 
3 4 5 8 9 
3 4 5 8 9 
3 4 8 
3 4 7 8 
3 4 7 8 
3 4 7 
3 4 7 
3 7 
3 4 7 8 13 17 
3 4 7 8 9 11 12 13 17 
3 4 7 8 9 11 12 13 
3 4 7 8 9 11 12 13 16 17 
3 4 5 8 9 12 13 16 17 
3 4 5 8 9 12 13 16 17 
3 4 5 8 9 
3 4 8 
3 4 7 8 
3 4 7 8 
3 4 7 8 
3 4 7 
3 4 7 8 
3 4 7 8 
3 4 7 8 11 12 
3 4 7 8 9 11 12 13 17 
3 4 7 8 9 11 12 13 15 16 17 
3 4 8 9 12 13 16 17 
3 4 5 8 9 12 13 16 17 
4 5 8 9 12 13 16 17 
4 5 8 9 13 17 
4 5 8 9 12 13 
4 5 8 9 12 13 
3 4 5 7 8 9 
3 4 5 7 8 9 13 17 
3 4 7 8 9 13 17 
3 4 7 8 9 12 13 
3 4 5 7 8 9 12 13 
3 4 5 7 8 9 12 13 
3 4 5 8 9 
3 4 5 8 9 
3 4 8 
3 4 7 8 
3 4 7 8 
3 4 7 8 
3 4 
4 
3 4 
3 4 
3 4 
3 4 
3 4 
3 4 
3 4 
3 4 
3 4 
3 4 
3 4 
3 4 
4 
3 4 
4 
4 

4 9 13 17 
4 9 13 17 
4 8 9 12 13 
4 5 8 9 12 13 
4 5 8 9 
4 8 
3 4 7 8 
3 4 7 8 
3 4 7 8 
3 4 7 8 
3 4 
3 4 
3 4 
3 4 
3 4 
3 4 
4 
4 
4 
4 
4 

4 
4 
4 
4 
4 
4 
4 
4 
3 4 
3 4 
3 4 
3 4 
3 
3 
3 4 
3 
3 4 
3 
3 7 
3 7 
3 7 
3 7 
3 4 7 8 
3 4 7 8 11 12 
3 4 7 8 11 12 
4 7 8 9 11 12 13 16 17 
4 8 9 12 13 16 17 
4 12 13 16 17 
4 17 






9 13 17 
9 13 17 
8 9 12 13 
4 5 8 9 12 13 
4 8 9 12 13 
4 5 8 9 
4 8 
3 4 7 8 
3 4 7 8 
3 4 7 8 
3 4 7 8 
3 4 
3 4 
3 9 13 17 
3 4 8 9 12 13 
3 4 8 9 12 13 
3 4 5 8 9 12 13 
3 4 5 8 9 
4 8 
3 4 7 8 
3 4 7 8 
3 4 
3 4 
3 4 
3 4 
3 4 
4 5 
2 3 4 
4 5 9 
3 4 
3 5 9 
3 4 
3 4 5 9 
3 4 5 9 
3 4 5 9 
4 5 9 
4 5 9 
9 13 17 
4 5 9 13 
4 5 8 9 12 13 
4 5 8 9 12 13 
4 5 8 9 
4 5 8 9 
4 5 8 9 
3 4 5 7 8 9 
3 4 7 8 
3 4 
3 4 
3 4 
3 4 5 9 
3 4 
3 4 
4 
4 
4 

2 3 
3 
3 
3 4 
3 4 
3 4 
3 4 
4 
4 
4 
2 3 
2 3 
3 
3 
3 
3 
3 


4 
3 4 
3 
3 4 
3 4 
3 
3 
3 7 
3 7 
3 7 
3 7 
3 4 7 8 
3 4 7 8 
3 4 7 8 11 12 
7 8 11 12 
7 8 11 12 
8 9 12 13 16 17 
4 8 9 12 13 16 17 
4 12 13 16 17 
4 12 13 16 17 
4 17 
4 
4 
4 
3 4 
3 4 
3 4 
3 4 
3 
3 4 
3 4 
3 4 
3 4 
3 4 
3 4 
3 4 
3 
3 4 7 
3 7 
3 7 
3 4 7 
3 4 7 
3 4 7 
3 4 7 8 11 12 13 17 
4 7 8 9 11 12 13 17 
7 8 9 11 12 13 
4 5 7 8 9 11 12 13 15 16 17 
4 5 7 8 9 11 12 13 15 16 17 
4 8 12 13 16 17 
3 4 7 8 9 13 16 17 
3 4 7 8 9 12 13 17 
3 4 7 8 9 12 13 
3 4 5 8 9 12 13 
3 4 5 8 9 
3 4 8 
3 4 7 8 
3 4 7 8 
3 4 7 8 
3 4 
3 4 
3 4 
3 4 
3 4 
3 4 9 13 17 
4 9 13 17 
4 5 8 9 12 13 
4 5 8 9 12 13 17 
4 5 8 9 13 17 
3 4 5 8 9 12 13 
3 4 5 8 9 12 13 
3 4 7 8 9 12 13 
3 4 5 7 8 9 
3 4 7 8 9 13 17 
3 4 5 8 9 13 17 
3 4 7 8 9 12 13 
3 4 5 7 8 9 12 13 
3 4 5 8 9 
3 4 5 8 9 13 17 
3 4 5 8 9 13 17 
3 4 5 7 8 9 12 13 
3 4 5 7 8 9 12 13 
3 4 5 7 8 9 
3 4 5 7 8 9 
3 4 5 7 8 
3 4 5 7 8 
3 4 5 7 8 11 12 
3 4 5 7 8 11 12 
3 4 5 7 8 9 11 12 13 16 17 
3 4 5 8 9 12 13 16 17 
3 4 5 12 13 16 17 
3 4 5 9 16 17 
3 4 5 9 
4 9 13 17 
4 5 8 9 12 13 
4 5 8 9 12 13 
4 5 8 9 13 17 
4 5 8 9 13 17 
4 5 8 9 12 13 
3 4 5 7 8 9 12 13 
3 4 5 7 8 9 13 17 
3 4 8 9 13 17 
3 4 5 7 8 9 12 13 
3 4 5 7 8 9 12 13 
3 4 5 8 9 12 13 
3 4 8 
3 4 8 
3 4 7 8 
3 4 5 7 8 9 
3 4 5 7 8 9 
3 4 
3 4 
3 4 
3 4 
3 4 
4 
4 
4 
4 
4 
3 4 
3 4 
3 4 
3 4 
3 4 
3 4 
3 4 
3 4 
3 4 
3 
3 
3 
3 4 7 
3 4 7 
3 4 7 
3 7 
3 4 7 8 
3 4 7 8 
3 4 7 8 11 12 
3 4 7 8 11 12 
7 8 11 12 
7 8 9 11 12 13 16 17 
8 9 12 13 16 17 
8 9 12 13 16 17 
4 12 13 16 17 
4 
4 
4 
4 
4 
4 
3 4 9 13 17 
3 4 9 13 
3 4 8 9 12 13 
3 4 5 8 9 12 13 17 
3 4 5 8 9 13 17 
3 4 8 9 12 13 
3 4 5 7 8 9 12 13 
