3 7 
3 7 
3 7 
3 7 
3 7 

7 
3 7 
4 
7 
3 7 

2 3 6 7 
6 7 
6 7 
6 7 
6 7 
6 7 
3 6 7 
3 4 6 7 
3 6 7 
3 4 6 7 10 11 
3 6 7 10 11 
3 6 10 
6 10 
4 6 7 10 11 
3 6 7 10 11 
3 6 10 
6 10 
6 10 
6 10 
6 10 
6 10 
6 10 
6 10 
10 14 
10 14 
10 14 
10 14 
10 14 
4 10 14 
10 14 
10 14 16 17 
10 12 13 14 16 17 
3 10 12 13 14 16 17 
3 8 12 14 16 
3 8 12 14 
3 7 8 11 12 14 
3 7 8 11 12 
3 7 8 
3 4 7 8 
3 4 7 8 
3 4 7 8 
3 4 7 8 
3 4 7 8 
3 4 7 8 
3 4 7 8 
3 4 
3 4 
3 4 
3 4 
3 4 
3 
3 


4 
3 
3 
3 
3 
3 
3 
3 4 
3 
3 4 
3 4 
3 
3 
3 
3 5 
5 
4 5 

3 4 5 8 9 


3 
3 
3 
3 
3 
3 
3 
3 
3 7 
3 7 
3 4 7 
3 7 
3 7 
3 7 
3 7 
3 4 7 
3 7 
3 7 
3 7 11 
3 7 11 
3 4 5 7 8 9 11 
3 4 5 7 8 9 11 15 
3 4 5 7 8 9 11 15 
3 4 7 8 10 11 14 15 
4 7 8 10 11 14 15 
3 4 7 8 14 15 
3 4 7 8 11 
3 4 7 8 11 
3 7 11 
3 4 7 11 15 
3 7 11 15 
3 7 10 11 14 15 
7 14 15 
3 7 14 15 
3 7 11 
3 7 11 
3 7 11 
3 4 7 11 15 
10 11 14 15 
3 10 11 14 15 
14 15 
14 15 






3 
3 

15 16 17 
3 15 16 17 
12 13 15 16 17 
12 13 16 17 
12 13 16 17 
8 12 16 
8 12 16 
4 7 8 11 12 
7 8 11 12 
7 8 11 12 
3 7 8 11 12 
4 7 8 11 12 
3 4 7 8 
3 4 7 8 
3 4 7 8 
3 4 7 8 
3 4 
3 
3 
3 4 7 8 


3 4 7 8 



2 6 
2 3 4 6 
2 6 
3 4 6 
2 3 6 7 
2 3 6 7 
6 7 
6 7 
6 7 10 11 
6 7 10 11 
3 6 7 10 11 
6 7 10 11 
3 6 7 10 11 
6 7 10 11 
6 7 10 11 
3 6 7 10 
6 7 8 10 11 12 15 16 
3 6 7 8 10 11 12 15 16 
3 6 7 8 10 11 15 
3 4 6 8 11 15 
3 4 6 8 10 11 14 15 
4 6 7 8 10 11 14 15 
4 6 7 8 10 11 14 15 
4 7 8 14 15 
4 7 8 14 15 
4 7 8 
3 4 7 8 
3 4 5 7 8 
3 4 8 
3 4 8 
3 4 8 
3 4 8 
3 4 5 8 9 
3 5 9 
3 5 9 
3 5 9 
3 5 
3 
3 
3 
3 

3 
3 
3 
3 
3 
3 
3 
3 
3 
3 
3 
3 
3 
3 

3 4 
3 

3 
3 
3 
3 15 16 
3 15 16 
3 7 11 12 15 16 
3 7 11 12 15 16 
3 7 11 12 15 16 
3 7 8 11 12 15 16 
3 7 8 11 12 
3 7 8 11 12 
7 8 11 12 
4 7 8 11 12 
7 8 11 
3 4 7 8 11 
3 4 7 8 11 15 
3 4 7 8 10 11 14 15 
3 4 7 8 10 11 14 15 
3 4 7 8 14 15 
3 4 7 8 
3 4 7 8 

3 4 7 8 
3 4 

3 4 
3 4 

3 4 


3 
3 
3 



3 


3 
3 
3 

3 
3 

3 
3 
3 4 
3 
3 4 
3 
3 
3 
3 
3 
3 
15 16 
15 16 
12 16 
12 16 
8 12 16 
8 12 
8 12 
8 12 
7 8 
3 7 8 
3 4 7 8 
3 4 7 8 
3 4 7 8 
3 4 7 8 
3 4 7 8 
3 4 7 8 
3 4 
3 4 
3 4 
3 4 
3 4 
3 4 
3 
3 
3 
3 
3 
3 

3 
3 
3 15 16 17 
3 12 16 17 
12 16 
8 12 16 
3 7 8 11 12 
3 7 8 11 12 
3 7 8 11 12 
3 7 8 
3 4 7 8 
3 4 7 8 
3 4 7 8 
3 4 7 8 
3 4 7 8 
3 4 7 8 
3 4 7 8 
3 4 7 8 
3 4 
3 4 
3 4 
3 4 
3 4 
3 4 

3 
4 
3 
3 
3 
3 7 
3 7 
3 4 7 11 
3 7 11 
3 7 11 
3 4 7 11 
3 4 7 11 
7 11 15 
3 4 7 11 15 
3 4 11 15 16 17 
11 12 13 15 16 17 
3 10 11 12 13 14 15 16 17 
4 12 13 14 15 16 17 
3 8 9 12 13 14 15 16 17 
3 4 8 12 16 
3 8 12 
3 8 12 
3 7 8 11 12 
3 4 7 8 11 12 
3 4 8 
3 
3 
3 4 
3 4 8 
3 4 8 
3 4 8 
3 4 8 
3 4 5 8 9 
3 4 5 8 9 
4 5 8 9 
5 
3 
3 
3 


3 
3 
3 
3 

4 


3 
3 4 
3 4 
3 
3 
3 
3 7 
3 4 7 
3 7 
3 7 
3 7 
3 7 
3 7 
7 
7 11 
7 11 
7 11 
4 7 11 15 
4 10 11 14 15 
10 11 14 15 
14 15 
4 
3 
16 17 
3 12 13 16 17 
12 13 16 17 
12 13 16 17 
3 4 8 12 16 
8 12 
8 12 
8 12 
8 
8 
4 8 
3 4 8 
3 4 8 
3 4 8 
3 4 7 8 
3 4 7 8 
3 4 7 8 
3 4 
3 4 
3 4 

