3 6 7 8 10 11 12 
3 6 7 10 11 
3 6 7 10 11 13 17 
3 10 13 17 
3 13 17 
3 9 13 17 
3 6 9 13 
5 6 8 9 13 
3 5 6 8 9 
4 5 8 9 13 17 
3 4 5 8 9 13 17 
4 5 8 9 13 17 
4 5 8 9 13 
4 5 8 9 13 17 
4 5 8 9 13 17 
4 5 8 9 13 
4 8 9 12 13 
4 8 9 12 13 
4 8 9 
4 8 
2 3 4 6 7 8 9 13 17 
2 3 4 5 6 7 8 9 12 13 
2 3 4 5 6 7 8 9 
2 3 4 5 6 7 8 9 
2 3 4 5 6 7 8 9 10 11 
2 3 4 5 6 7 8 9 10 11 13 
3 4 5 6 7 8 9 10 13 
3 4 5 6 7 8 9 10 14 
3 4 5 7 8 9 11 14 
2 3 4 5 6 7 8 11 
2 3 4 5 6 7 8 10 11 14 15 
3 4 5 6 7 10 11 14 15 
3 4 6 7 10 11 14 15 
3 4 6 7 10 11 
3 4 6 10 14 
3 4 7 14 
3 4 7 
3 4 7 13 17 
3 4 7 
3 4 7 11 
3 4 6 7 10 11 14 15 
3 4 7 
3 4 7 
3 4 6 7 
3 4 6 7 10 
3 4 6 10 14 
3 6 14 
3 4 9 13 17 
3 4 8 9 13 
3 4 8 9 
3 4 8 
3 4 7 8 
3 4 7 
2 3 4 6 7 
3 4 6 7 10 
3 4 6 10 14 
3 4 14 
3 4 
3 4 
3 4 9 13 
3 4 9 
3 4 5 7 8 9 
3 4 5 7 8 9 13 17 
3 4 7 8 9 13 
3 4 7 8 9 11 12 13 
3 4 7 8 9 10 11 13 14 15 
3 4 7 8 9 13 
3 4 5 6 7 8 9 
3 4 5 6 7 8 9 10 11 13 
3 4 7 8 9 10 13 14 17 
3 4 5 7 8 9 13 
3 4 5 8 9 
3 4 5 8 9 
3 4 8 
3 4 8 
3 4 9 13 17 
3 4 8 9 13 
3 4 8 9 
3 4 8 
3 4 8 
3 4 
3 4 
3 4 
3 4 7 
2 3 4 6 7 
3 4 6 7 
3 4 6 10 
3 4 13 14 17 
3 4 9 13 
3 4 8 9 
3 4 7 8 9 
3 4 7 8 
2 3 4 6 7 8 
3 4 6 7 
3 4 6 7 10 11 
3 4 10 14 
3 4 
3 4 7 
3 4 
3 4 7 
3 4 7 
3 4 7 
2 3 4 6 7 
2 3 6 7 9 13 
2 3 6 7 9 
3 4 5 8 9 
3 4 7 8 
3 4 
3 4 
3 4 
3 4 9 
3 4 7 9 
3 4 5 7 9 
3 4 5 7 9 
3 4 5 7 9 
3 4 5 7 9 
3 4 5 7 9 
3 4 5 6 8 9 10 
3 4 5 6 7 8 9 10 11 
3 4 5 6 7 8 9 10 11 12 
3 4 5 7 8 9 11 12 13 
3 4 5 8 9 12 13 
3 4 8 9 13 
3 4 
3 4 9 
3 4 9 
3 4 9 
3 4 8 9 
3 4 8 9 
3 4 8 9 
3 4 7 8 9 
3 4 6 7 8 9 
3 4 6 7 8 9 
3 4 5 6 7 8 9 10 
3 4 5 7 8 9 10 
3 4 5 6 7 8 9 
3 4 5 6 7 8 9 10 
3 4 8 10 
3 4 9 
3 4 8 9 
3 4 8 9 
3 4 7 8 
3 4 6 7 8 
3 4 6 7 10 
3 4 10 
3 4 
3 4 9 10 
3 4 6 7 8 9 10 11 
3 4 6 7 8 9 10 11 
3 4 6 7 8 10 11 12 
3 4 6 7 8 11 12 
3 4 7 8 10 
3 8 9 
3 4 5 8 9 
3 4 5 8 9 
4 5 8 9 
3 4 5 7 8 9 
3 4 5 8 9 
3 4 5 8 9 
4 8 
3 4 
3 4 
4 
3 4 
4 
4 
3 4 
3 4 
3 4 
3 4 12 13 16 17 
4 12 13 16 17 
4 7 8 9 11 12 13 15 16 17 
3 4 7 8 9 11 12 13 15 16 17 
3 4 7 8 11 12 
3 4 6 7 8 10 11 12 
3 4 6 7 10 11 
3 4 7 8 10 
3 4 7 8 10 
3 4 5 7 8 
3 4 5 7 8 
3 4 5 7 8 
3 4 7 8 9 
3 4 7 8 9 
3 4 7 8 9 
3 4 7 8 
3 4 7 8 9 
3 4 7 8 9 
3 8 9 
3 4 7 8 9 
3 4 7 8 9 
3 4 7 8 9 
3 4 7 8 9 
3 4 7 8 
3 4 5 6 7 8 9 
3 5 6 7 8 9 
3 5 6 7 8 9 
3 5 6 7 9 
3 5 6 7 9 10 
2 3 6 7 10 11 
2 3 6 7 10 11 14 
3 6 7 10 11 14 15 
3 6 7 10 11 14 15 
3 6 7 10 11 14 15 
3 6 10 11 14 15 
3 6 10 11 14 15 
14 
6 
3 6 
3 
3 

3 
3 6 
3 6 
3 6 
3 
3 7 
3 7 17 
2 3 6 7 17 
3 5 6 7 10 11 
5 6 10 14 
3 5 9 13 17 
3 5 8 9 13 
3 5 8 9 
3 4 5 8 9 13 
3 4 5 8 9 
3 4 5 8 9 
3 4 8 9 13 17 
3 4 8 9 13 
3 4 7 8 9 
3 4 5 7 8 
2 3 4 5 6 7 8 
3 4 5 6 7 10 11 
3 4 6 7 10 11 14 
2 3 4 6 7 10 14 
3 4 6 7 10 
3 4 6 10 14 
3 4 
3 4 6 
3 4 6 
3 4 
3 4 
3 
3 
3 
3 6 
3 7 
3 7 
3 6 7 9 
3 6 7 9 10 
3 5 6 7 9 10 14 
4 5 6 7 8 9 10 11 
4 5 6 7 8 9 10 11 14 15 
4 5 8 9 14 15 
4 8 
3 4 8 
3 4 9 13 
3 4 9 
3 4 5 8 9 
3 4 5 8 
3 4 5 9 13 17 
3 4 5 8 9 13 
3 4 5 8 9 
3 4 8 
3 4 
3 4 
3 4 7 
3 4 6 7 
3 4 5 6 7 
2 3 4 5 6 7 9 10 11 13 14 
3 5 6 7 9 14 
3 4 5 7 8 9 
3 4 7 8 
3 4 6 7 
3 4 
3 4 
3 4 
3 4 
3 4 
3 4 
3 
3 6 
3 6 
3 
3 
3 7 
3 7 
3 7 
3 7 
3 9 
3 8 9 
3 7 8 9 
3 6 7 8 9 12 13 
2 3 6 7 8 9 10 12 13 
2 3 6 7 8 10 11 12 
6 7 11 12 15 16 
3 6 7 11 14 15 
3 6 14 15 
3 6 





3 7 






6 10 
6 7 10 11 
6 7 8 10 11 12 
6 7 8 9 10 11 12 13 
6 7 8 9 10 11 12 13 
6 7 8 9 10 11 12 
6 7 8 9 10 11 12 13 
6 7 8 9 10 11 12 13 
6 7 8 9 10 11 12 
7 8 9 11 12 13 
8 9 12 13 
6 7 9 10 11 13 
6 7 8 10 11 12 
7 8 9 11 12 13 
6 8 9 10 12 13 
6 7 9 10 11 13 
6 7 8 10 11 12 
3 7 8 9 11 12 13 
3 8 9 12 13 
3 9 13 
3 5 9 
3 5 9 
3 4 5 8 9 
3 4 5 8 9 
3 4 5 8 9 
3 4 5 8 9 
3 4 5 9 
4 5 6 9 10 
3 4 5 6 7 8 9 10 11 
3 4 5 7 8 9 11 12 13 
3 4 8 9 12 13 
3 4 9 13 
3 4 
3 4 6 7 10 11 
3 4 6 7 8 10 11 12 
3 4 7 8 9 11 12 13 
3 4 8 9 12 13 
3 4 9 13 
3 4 
3 4 
3 4 7 
3 4 7 
3 4 5 7 9 
3 4 5 7 9 
3 4 5 6 7 9 10 11 
3 4 5 6 7 8 9 10 11 12 13 
3 4 5 8 9 12 13 
3 4 5 8 9 13 
3 4 8 
3 4 
3 4 
3 4 
3 4 
3 4 
3 4 
3 4 12 13 16 17 
3 4 7 8 12 13 16 17 
3 4 7 8 9 12 13 16 17 
3 4 7 8 9 11 12 13 15 16 17 
3 4 7 8 11 12 17 
3 4 6 7 8 9 10 11 12 13 16 17 
3 4 6 7 8 9 10 11 12 13 16 17 
3 4 7 8 9 10 11 12 13 15 16 17 
3 4 7 8 9 11 12 17 
3 4 6 7 8 10 11 12 13 16 17 
3 6 8 10 12 13 16 17 
3 8 9 10 11 12 13 15 16 17 
3 7 8 9 11 12 15 16 
3 6 7 8 9 10 11 12 16 17 
3 6 7 9 10 11 12 13 16 17 
3 6 7 10 11 12 13 15 16 17 
3 7 8 10 11 12 15 16 
3 6 7 10 11 
3 6 7 10 11 
3 6 10 
3 10 
3 
3 
3 
3 
3 13 17 
3 13 17 
3 5 9 13 17 
3 5 9 13 
3 5 8 9 12 13 
3 7 8 9 12 13 17 
3 4 5 7 8 9 13 
3 4 7 8 9 13 

