3 4 5 6 7 8 9 10 11 14 15 
3 4 5 6 7 8 9 10 11 15 
3 4 5 7 8 9 10 11 14 15 
3 4 5 7 8 9 10 11 14 
3 4 5 7 11 14 15 
3 4 5 7 11 14 15 
3 4 5 6 7 10 11 14 15 
3 4 6 7 9 10 11 13 15 
3 4 7 9 10 11 14 15 
3 4 5 7 9 10 11 14 15 
3 4 5 6 7 9 10 11 13 14 15 
3 4 5 6 7 9 10 11 13 14 15 
3 4 5 6 7 9 10 11 14 15 
3 4 5 7 9 10 11 14 15 
3 4 5 6 7 9 10 11 14 
3 4 5 6 7 8 9 10 11 
3 4 5 6 7 8 9 10 11 13 15 
3 4 5 6 7 9 10 11 13 14 15 
3 4 5 6 7 9 10 14 
3 4 5 6 7 9 14 
3 4 5 6 7 9 10 11 
3 4 5 6 7 8 9 10 11 
3 4 5 6 7 9 10 11 14 
3 4 5 7 9 10 14 
3 4 5 7 9 10 14 
3 4 5 7 9 11 
3 4 5 7 9 11 15 
3 4 5 7 11 15 
3 4 5 6 7 10 11 15 
3 4 5 6 7 10 11 15 
3 4 5 7 10 11 14 15 
3 4 5 7 11 14 15 
3 4 5 7 9 11 13 14 15 
2 3 4 5 6 7 9 10 11 14 15 
2 3 4 5 6 7 9 10 11 13 15 
3 4 5 6 7 9 10 11 14 15 
3 4 5 7 8 9 10 11 14 15 
3 4 5 7 8 9 11 13 15 
2 3 4 5 6 7 9 10 11 15 
2 3 4 5 6 7 8 9 10 11 15 
2 3 4 5 6 7 9 10 11 14 15 
3 4 5 7 8 9 13 15 
3 4 5 6 7 9 10 11 14 15 
3 4 5 6 7 9 10 11 14 15 
3 4 5 7 9 15 
3 4 5 6 7 8 9 10 11 
3 4 5 6 7 10 11 14 15 
3 4 10 11 14 15 
3 4 9 
3 4 7 9 
3 4 5 7 9 
3 4 5 7 9 
3 4 5 7 9 
2 3 4 5 6 7 9 10 11 
2 3 4 5 6 7 10 11 
3 4 5 6 7 10 11 14 
3 4 5 6 7 10 14 
3 4 5 6 7 9 10 11 
3 4 5 6 7 9 10 11 14 15 
3 4 5 7 9 10 11 14 15 
3 4 5 7 9 10 14 
3 4 5 6 7 9 10 11 
3 4 5 6 7 9 10 11 13 14 15 
3 4 5 9 10 14 
3 4 5 9 
3 4 5 9 13 
3 4 5 8 9 
3 4 5 7 9 
3 4 5 7 8 9 
3 4 5 7 8 9 
4 5 7 9 
4 5 6 7 9 10 11 
4 5 6 7 10 11 14 15 
4 5 10 14 
4 5 9 
4 5 9 
4 5 9 
4 5 9 
4 5 9 
4 5 9 
4 5 9 
4 5 9 
4 5 9 
3 4 5 9 
3 4 5 9 
3 4 5 9 
3 4 5 
3 4 5 
3 4 5 
3 4 5 
3 4 5 9 13 
3 4 5 9 
3 4 7 9 
3 4 5 7 9 
3 4 5 7 8 9 
3 4 5 7 8 9 11 
3 4 5 6 7 10 11 14 15 
3 4 7 
3 4 7 
3 4 5 7 
3 4 5 6 7 10 11 
3 4 6 7 10 11 14 
4 7 14 
4 5 6 7 9 10 11 
4 6 7 9 10 11 
4 5 9 10 14 
4 5 9 14 
4 5 9 
3 4 5 
3 4 5 
3 4 5 
3 4 5 
3 4 5 
3 4 5 
3 4 
3 4 
3 4 5 
3 4 5 
3 4 
3 4 
3 4 
3 4 5 9 
3 4 7 
3 7 
3 5 7 14 
3 5 7 10 11 14 15 
3 5 7 11 12 15 16 
3 5 7 12 13 16 17 
3 5 7 12 13 16 17 
3 5 7 9 13 17 
3 7 9 13 16 17 
3 7 9 13 16 17 
3 7 9 13 
3 7 9 
3 7 9 
3 7 9 
3 7 9 
3 5 7 9 
3 5 7 9 
3 5 7 9 
3 4 5 7 
4 5 7 
4 5 7 
4 5 7 
4 5 
3 4 5 
3 4 
3 4 
3 4 5 
3 4 
3 4 
3 4 5 
3 4 
3 4 13 
3 4 12 13 14 
3 12 13 14 15 
3 4 5 11 12 14 15 16 
3 4 5 10 11 12 15 16 17 
3 10 11 13 16 17 
3 4 7 10 12 13 14 15 
3 5 7 12 13 14 15 16 
3 7 11 12 13 15 16 17 
3 5 7 10 11 12 16 17 
3 4 7 10 11 17 
3 4 7 10 
3 4 7 
3 4 7 
3 7 
3 4 5 
3 4 5 
3 4 5 9 
3 4 5 
3 4 
3 4 5 
3 4 5 
3 4 5 
3 4 7 
3 4 7 
3 4 7 
3 4 5 7 
3 4 7 
3 4 5 7 
3 7 
3 5 7 
3 5 7 
3 7 
3 
3 5 
3 
3 5 7 
3 5 7 17 
3 5 7 12 13 16 17 
3 5 7 11 12 13 15 16 17 
3 4 6 7 11 12 13 15 16 17 
3 4 6 7 10 11 12 14 15 16 17 
3 6 7 9 10 11 13 14 15 16 17 
3 6 7 9 11 12 13 14 15 16 17 
3 6 9 10 11 12 13 14 15 16 
6 9 10 11 14 15 
6 9 10 13 14 
6 9 10 13 14 
5 6 9 10 
4 5 6 8 9 10 
4 5 8 9 10 
4 5 9 10 
4 5 9 10 
4 5 9 
4 5 
4 5 9 
4 5 9 
4 5 9 13 
4 5 9 13 
4 5 9 
4 5 9 
4 5 6 7 8 9 10 11 
4 5 6 7 8 9 10 11 13 
4 5 6 7 9 10 11 
4 5 6 7 9 10 11 
4 5 6 7 8 9 10 11 14 15 
3 4 5 6 7 8 9 10 11 14 
3 4 5 6 7 10 11 14 
3 4 6 7 9 10 11 13 14 
3 4 6 7 9 10 11 
3 4 5 6 7 9 10 11 14 
3 4 5 6 7 8 9 10 11 14 
3 4 5 6 7 9 10 11 14 15 
3 4 5 6 7 9 10 11 14 15 
3 4 5 6 7 9 10 11 14 
3 4 5 6 7 10 11 14 
3 4 5 6 7 10 11 14 15 
3 4 5 6 7 9 10 11 14 
3 4 5 6 7 10 11 14 
3 4 6 7 10 11 14 
3 4 6 7 9 10 11 14 
3 4 5 6 7 9 10 11 
3 4 5 7 9 10 11 14 
3 4 5 6 7 9 10 11 14 15 
3 4 5 6 7 9 10 11 14 15 
3 4 5 6 7 10 11 
3 4 5 6 7 10 11 14 
3 4 5 6 7 10 11 14 15 
3 4 5 6 7 9 10 14 15 
3 4 5 7 9 10 
3 4 5 7 9 10 
3 4 5 7 9 
3 4 5 7 9 11 
3 4 5 6 7 11 
3 4 5 6 7 9 10 11 15 
3 4 5 6 7 9 10 11 14 15 
3 4 5 7 9 11 13 14 15 
3 4 5 7 9 11 15 
3 4 5 6 7 9 10 11 15 
3 4 5 7 9 10 11 14 15 
3 4 5 6 7 9 10 11 14 15 
3 4 5 6 7 10 11 
3 4 5 7 10 11 14 15 
3 4 7 11 14 15 
3 4 6 7 10 11 
3 4 6 7 10 11 14 
3 4 7 10 11 14 
3 4 7 11 15 
3 4 7 9 13 15 
3 4 7 9 
3 4 5 7 9 11 
3 4 5 7 9 11 15 
3 4 5 7 9 11 14 15 
3 4 5 7 11 15 
3 4 6 7 10 11 15 
3 4 6 7 10 11 14 15 
3 4 7 14 
3 4 7 11 
3 4 5 7 9 11 
3 4 5 11 15 
3 4 5 15 
3 4 9 
3 4 7 9 
3 4 5 7 9 
3 4 5 7 9 
3 4 5 7 9 
3 4 5 7 11 
3 4 5 7 11 15 
3 4 5 6 7 10 11 14 15 
3 4 5 7 10 11 14 15 
3 4 5 7 11 15 
3 4 7 
3 4 7 11 
3 4 5 6 7 10 11 15 
3 4 6 7 10 11 14 15 
3 4 5 7 9 10 13 14 
3 4 7 9 
3 4 7 9 11 
3 4 5 7 9 11 
3 4 5 7 9 11 13 15 
3 4 5 7 9 11 
3 4 7 9 10 11 14 15 
3 4 5 9 
3 4 5 8 9 
3 4 5 8 9 13 
3 4 5 7 9 
3 4 5 7 9 
3 4 5 7 9 
3 4 5 7 9 
2 3 4 5 6 7 9 10 11 
2 3 4 5 6 7 9 10 11 14 15 
3 4 5 6 7 9 10 11 14 15 
3 4 5 7 9 
3 4 5 7 9 11 
3 4 5 7 9 11 15 
3 4 5 7 9 
3 4 5 7 
4 5 7 
4 5 6 7 10 11 
3 4 5 6 7 9 10 11 13 14 15 
3 4 5 9 10 11 14 15 
3 4 5 9 13 
3 4 5 9 13 
3 4 5 8 9 
3 4 5 8 9 
3 4 5 9 
3 4 5 7 8 9 
3 4 5 7 8 9 
3 4 5 7 
4 5 7 
4 7 11 
4 7 11 15 
4 5 11 15 
4 15 
4 
4 9 13 
3 4 5 9 
3 4 5 9 
3 4 5 9 
3 4 5 8 9 
3 4 5 
3 4 5 
3 4 5 
3 4 7 
3 4 7 
3 4 7 
3 4 7 11 
3 4 7 11 
3 4 11 15 
3 4 5 7 15 
3 4 7 
3 4 7 
3 4 7 
3 4 5 7 
4 5 7 
7 
4 7 
4 7 
7 
5 6 7 
4 6 7 10 11 
6 7 10 11 14 
3 5 10 11 14 15 
10 11 14 15 
10 11 12 14 15 16 
5 11 12 13 15 16 17 
4 5 12 13 14 16 17 
10 11 12 13 14 15 16 17 
10 11 12 13 14 15 16 17 
11 12 13 15 16 17 
11 12 13 15 16 17 
12 13 16 17 
9 13 
4 9 13 17 
9 13 
9 13 
4 9 13 17 
4 9 
4 5 9 
3 4 5 9 
3 4 5 9 17 
3 4 5 9 17 
3 5 9 
3 5 9 
3 4 5 8 9 
3 4 5 8 9 
3 4 5 
3 4 5 
3 4 5 
3 4 5 
3 4 5 
3 4 
3 4 
3 4 5 
3 4 5 7 
3 4 7 
3 4 7 
3 4 5 7 
3 4 7 
3 4 7 
3 4 7 
3 4 7 
3 4 7 
3 4 7 
3 4 5 7 
3 4 5 7 
3 4 7 
3 4 7 
3 4 7 
3 4 5 7 
3 4 7 
3 4 7 
3 4 7 
3 4 5 7 9 
3 4 7 
3 4 5 7 
3 5 7 
3 4 7 
3 4 7 
3 4 7 
3 4 5 7 
3 4 7 
3 4 7 
3 4 5 7 9 13 17 
3 7 9 12 13 16 17 
3 7 9 11 12 13 15 16 17 
3 7 9 11 12 15 16 
3 7 9 10 11 14 15 16 17 
3 5 7 9 10 11 12 13 14 15 16 17 

