2 6 7 8 9 12 13 
6 7 8 9 10 11 12 
6 7 8 9 10 11 12 
6 7 8 9 10 11 
6 7 8 9 10 14 15 16 
6 7 8 9 10 11 12 14 15 16 17 
6 7 8 9 10 11 12 
6 7 8 9 10 11 
7 8 9 10 11 12 14 15 16 
7 8 9 11 12 13 15 16 17 
6 7 8 9 10 11 
6 7 8 9 10 12 13 
6 7 8 9 10 11 12 13 
6 7 8 9 10 11 12 
6 7 8 10 11 14 15 16 17 
6 7 9 10 11 12 13 16 17 
6 7 8 9 10 11 12 13 
7 8 9 10 11 12 
6 7 8 9 10 11 
7 8 10 
6 7 10 
9 10 
8 9 
7 8 9 
6 7 9 10 11 
6 8 9 10 
8 9 
7 8 9 11 12 
4 6 7 8 10 11 12 
3 4 6 7 8 9 10 11 
3 4 7 8 9 11 12 14 15 16 17 
3 6 7 8 9 10 11 12 
2 3 6 7 8 9 10 11 12 14 15 16 17 
2 3 6 7 8 10 11 12 13 16 17 
2 5 6 8 9 10 12 13 
2 3 4 5 6 7 8 9 10 11 12 14 15 16 17 
2 3 4 5 6 7 8 9 10 11 12 17 
2 3 4 6 7 8 10 11 12 
2 3 6 7 8 9 10 12 13 
3 5 6 7 8 9 10 11 12 14 15 17 
3 4 5 6 7 8 9 10 11 12 13 
3 4 5 6 7 8 9 10 11 12 13 
2 3 4 5 6 7 8 9 10 11 12 
2 3 4 6 7 8 9 10 11 12 13 
3 6 7 8 10 11 12 
6 7 10 11 
8 9 
7 8 9 11 12 
6 7 8 10 11 
6 10 




5 9 
4 5 8 9 
2 3 4 5 6 7 8 9 
2 3 6 7 10 
8 9 
7 8 9 
3 6 7 10 14 15 16 
10 13 15 16 17 
8 9 
7 8 9 11 12 13 15 16 17 
6 7 10 
10 






8 9 
6 7 8 10 11 
6 7 10 11 













14 15 16 17 
13 16 17 






3 4 5 7 8 9 11 12 13 
3 4 5 6 7 8 9 10 11 12 13 
6 10 


8 9 
6 7 8 
6 7 10 
9 
7 8 9 
6 7 8 10 
10 





2 6 
2 6 
2 3 6 7 
2 3 6 7 
2 3 6 7 
3 7 
3 4 7 8 
3 4 7 8 
3 4 7 8 
8 
8 
8 
8 9 
8 9 12 13 17 
8 9 12 13 17 
9 12 13 16 17 
12 13 16 17 
7 8 11 12 15 16 
7 8 11 12 
6 7 10 11 
6 7 10 11 
10 















7 

7 
7 
7 9 13 
2 3 6 7 9 11 13 
2 3 6 7 9 11 13 
2 3 6 7 9 11 13 
3 7 9 11 15 
3 7 8 9 11 15 
3 7 8 9 11 13 14 15 
3 7 8 9 11 13 14 15 
3 7 8 9 11 13 
4 7 8 9 11 15 
3 4 7 8 9 10 11 14 15 
3 4 6 7 8 9 10 11 14 15 
3 4 6 7 8 9 14 15 
3 6 7 8 9 10 11 
2 3 4 6 7 8 10 
2 3 4 6 7 8 10 
2 3 4 6 7 8 
2 3 4 6 7 8 
2 3 6 7 
3 7 
2 3 6 7 
2 3 6 7 
2 6 
2 6 









14 
10 11 14 15 
10 11 14 15 
10 11 12 14 15 16 
7 8 11 12 14 15 16 
7 8 10 11 12 14 15 16 17 
8 9 10 11 12 13 14 15 16 17 
8 9 10 11 12 13 14 15 17 
7 8 9 10 11 12 14 15 16 
7 8 9 11 12 14 15 16 17 
7 8 11 12 16 17 
4 8 12 
4 8 
3 4 7 8 
3 4 7 8 
3 4 7 8 9 
3 4 7 8 9 
2 3 4 6 7 8 9 
2 3 4 6 7 8 9 
2 3 6 7 9 
2 3 6 7 8 9 
2 3 6 7 8 9 14 15 16 
2 6 8 12 13 15 16 17 
2 4 6 8 
3 4 7 8 
3 4 7 8 10 11 12 14 15 16 
3 7 11 12 13 15 16 17 
3 7 
2 3 6 7 9 
2 3 6 7 9 
2 6 9 
2 6 8 9 14 15 
7 8 9 14 15 16 17 
7 8 9 
6 7 9 
6 7 8 9 10 11 
8 9 10 
7 8 9 
6 7 8 9 
6 7 8 9 10 
2 6 7 8 9 10 
2 6 7 8 9 
2 3 6 7 8 9 10 11 
2 3 6 7 8 9 10 
3 6 7 8 9 
3 6 7 8 9 10 
3 7 8 9 10 
3 4 6 7 8 9 10 
3 4 6 7 8 9 10 
3 4 7 8 9 12 13 
3 4 6 7 8 9 10 11 12 13 
6 7 9 10 11 
8 9 
7 8 9 11 12 
6 7 8 10 11 12 
6 7 9 10 
9 10 
8 9 
8 9 
8 9 14 15 16 
4 7 8 9 11 12 15 16 17 
3 4 7 8 9 10 11 
3 6 7 8 9 10 11 12 
3 6 7 8 10 11 12 
2 3 6 7 8 9 10 
2 3 6 7 8 9 11 12 13 
2 6 7 8 10 11 
2 6 7 8 9 10 11 
7 8 9 12 13 
6 7 8 10 11 12 
6 7 10 11 
8 9 
7 8 9 15 16 17 
6 7 8 9 10 11 12 17 
6 7 8 10 11 12 
8 9 
7 8 9 11 
6 7 9 10 11 
6 7 8 9 10 11 12 13 
2 6 10 
2 3 6 7 9 
2 3 6 7 8 9 11 12 
7 10 11 
7 
7 
8 9 
6 7 8 9 10 11 12 
6 7 8 9 10 11 
6 7 8 9 10 11 12 13 
6 7 8 10 11 12 
9 10 14 15 
7 8 9 11 12 14 15 16 17 
6 7 8 9 10 11 12 
6 7 8 10 
6 7 9 10 
7 8 9 11 12 
6 7 9 10 11 
7 8 9 11 12 14 15 16 
6 7 8 10 11 12 15 16 17 
10 




4 5 8 9 
2 3 4 5 6 7 8 9 
2 3 4 5 6 7 8 9 10 11 12 
2 3 6 7 8 9 10 11 
2 3 6 7 8 9 10 11 12 13 
2 3 6 7 8 9 11 12 13 15 16 17 
3 7 8 9 11 12 13 15 16 17 
3 6 7 10 
3 6 7 10 11 
3 7 
3 4 7 8 



3 7 
7 9 
7 8 9 11 12 
6 7 10 11 14 15 17 
6 7 











7 8 9 11 12 
6 7 8 10 11 12 
10 


7 
7 
6 7 
6 7 
6 7 
6 8 10 
8 10 
3 4 7 8 
3 4 7 8 
3 4 7 8 
3 4 7 8 12 
8 9 12 13 
8 9 12 13 16 17 
6 8 9 12 13 16 17 
2 6 8 9 11 12 13 15 16 17 
2 3 6 7 8 9 11 12 13 15 16 17 
2 3 6 7 8 9 10 11 12 13 15 
6 7 8 9 10 11 12 13 16 17 
6 7 9 10 11 12 13 15 16 17 
7 10 11 12 15 16 
7 10 11 12 15 16 17 
6 7 10 11 12 15 16 17 
6 10 11 12 15 16 
10 11 15 
6 10 11 
10 12 13 16 17 
10 11 12 13 15 16 17 
10 11 12 
2 6 7 10 11 
2 3 6 7 10 
2 3 6 7 10 
2 3 6 7 
3 6 7 
7 
7 
7 
7 
7 
6 7 
6 7 
6 
6 10 


2 6 
2 6 
2 3 6 7 
3 7 
2 3 6 7 
2 3 4 6 7 8 
2 3 6 7 8 
2 3 6 7 8 
3 7 8 
3 7 
7 
7 
7 
6 7 14 15 
10 14 15 16 17 
10 11 12 13 14 15 16 17 
10 11 13 14 15 17 
10 11 12 14 15 16 
7 8 10 11 12 14 
8 9 10 11 12 13 14 15 
8 9 10 11 12 13 14 15 16 
6 7 8 9 10 11 12 13 14 15 16 17 
7 8 9 11 12 17 

