4 

4 
3 4 
4 






3 4 
3 
3 
3 
3 4 
3 4 
3 4 
3 4 
3 4 
3 4 
3 4 
3 4 7 8 
3 4 7 8 
3 4 7 8 
3 4 7 8 
3 4 7 8 
3 4 7 8 
3 4 7 8 
3 4 7 8 
4 7 8 
4 7 8 11 12 
4 7 8 11 12 
3 4 7 8 11 12 
3 4 7 8 11 12 
3 4 11 15 
4 10 11 14 15 
4 10 11 14 15 
4 14 15 
4 
4 
4 
4 
4 
4 
4 
4 
4 









3 
3 
3 
3 4 
3 4 
3 4 
3 4 
3 
3 
3 
3 







3 4 


3 4 
3 4 
3 4 
3 
3 
3 























3 4 7 8 
3 4 7 8 

3 4 7 8 
3 4 7 8 
7 8 
7 8 11 12 
7 8 11 12 
7 8 11 12 
7 8 11 12 16 17 
7 8 11 12 15 16 17 
7 8 11 12 13 15 16 17 
11 12 13 15 16 17 
10 11 12 13 14 15 16 17 
8 9 10 11 12 13 14 15 16 17 
3 8 9 10 11 12 13 14 15 
3 4 8 9 12 13 14 15 
3 4 8 12 16 17 
3 4 8 12 13 16 17 
4 8 12 13 16 17 
4 8 12 13 16 17 
8 12 13 16 17 
4 8 9 12 13 
4 8 9 12 13 
4 8 12 
4 8 12 16 17 
4 8 12 13 16 17 
4 8 12 13 16 17 
4 8 12 13 16 17 
4 8 12 13 16 17 
4 8 9 12 13 
4 8 9 12 13 
4 8 12 
4 8 12 
4 8 
4 8 
4 8 
4 8 
4 8 
4 8 
3 4 8 
3 4 8 
4 8 
4 8 
3 4 
3 4 
3 4 
4 
4 
3 4 
3 
3 4 
3 
3 
3 4 

3 4 
3 4 
3 4 
4 
4 
4 
4 
4 
3 4 
4 
3 4 
3 4 
3 4 
3 4 
3 4 
3 4 
3 4 
3 4 
4 
4 
4 
4 
4 
4 
4 
4 
4 
4 
4 
4 
4 
4 
4 
4 
4 
4 
4 
4 
4 
4 
4 
4 16 17 
4 16 17 
12 13 16 17 

12 13 16 17 
12 13 16 17 
12 13 16 17 
8 9 12 13 16 17 
8 9 12 13 16 17 
3 4 8 9 12 13 
8 9 12 13 
3 8 9 12 13 
3 8 9 12 13 17 
3 4 8 12 
3 4 8 12 
4 8 
3 4 7 8 
3 4 7 8 
3 4 7 8 
4 8 
3 4 7 8 
7 8 
7 8 
4 7 8 11 12 
7 8 11 12 
4 7 8 11 12 16 17 
4 7 8 11 12 16 17 
4 7 8 11 12 13 15 16 17 
4 7 8 11 12 13 15 16 17 
4 11 12 13 15 16 17 
4 10 11 12 13 14 15 16 17 
3 4 8 9 10 11 12 13 14 15 16 17 
3 4 8 9 10 11 12 13 14 15 
3 4 8 12 14 
3 8 12 
8 12 
8 12 
8 
8 
4 8 
4 8 

4 8 


4 8 




3 


3 
3 
3 4 
3 
3 4 
3 4 
3 4 

4 
3 4 
3 4 
3 4 
4 
4 
4 
4 
4 
4 
4 
3 4 
3 4 
3 4 
3 4 
3 4 
3 4 
4 





3 

3 
3 4 
3 4 
3 4 
3 4 
3 4 7 8 
3 4 7 8 
3 4 7 8 
3 4 7 8 
3 4 7 8 
3 4 7 8 
3 4 7 8 
3 4 7 8 
4 7 8 
4 7 8 
7 8 11 12 
7 8 11 12 
7 8 11 12 
7 8 11 12 13 15 16 17 
4 11 12 13 15 16 17 
4 11 12 13 15 16 17 
4 10 11 12 13 14 15 16 17 
3 4 12 13 14 15 16 17 
3 4 12 13 14 16 17 
3 12 16 
12 16 
11 12 15 16 
11 12 15 16 
11 15 
4 11 15 
4 10 11 14 15 
4 10 11 14 15 
4 10 14 
3 4 10 14 
3 4 10 14 


3 4 7 8 
3 4 7 8 

3 4 7 8 
3 4 7 8 
3 4 7 8 
3 4 7 8 
7 8 
7 8 11 12 
7 8 11 12 
7 8 11 12 
7 8 11 12 
7 8 11 12 15 
11 15 
10 11 14 15 
10 11 14 15 
14 15 






























3 
3 
3 
3 
3 
3 
3 4 
3 4 
3 4 
3 4 
3 4 
3 4 
3 4 













3 
3 
3 

3 
3 
3 4 
3 4 
3 4 
3 4 
3 4 

16 17 
16 17 
12 13 16 17 
12 13 16 17 
12 13 16 17 
12 13 16 17 
8 9 12 13 16 17 
8 9 12 13 16 17 
8 9 12 13 
3 4 7 8 9 12 13 
3 4 7 8 9 12 13 
3 4 7 8 9 12 13 
3 4 7 8 12 
3 4 7 8 
3 4 7 8 
7 8 
3 4 7 8 
3 4 7 8 11 12 
3 7 8 11 12 
3 4 7 8 11 12 
3 4 7 11 
3 4 7 11 
3 4 11 15 
3 4 10 11 14 15 
3 4 10 11 14 15 
3 4 14 15 
3 4 14 
3 4 




3 4 7 8 
3 4 7 8 
3 4 7 8 
3 4 7 8 
3 4 7 8 
3 4 7 8 
7 8 
7 8 
7 8 11 12 
7 8 11 12 
7 8 11 12 
7 8 11 12 
7 8 11 12 
7 8 11 12 15 
11 15 16 17 
10 11 14 15 16 17 
10 11 12 13 14 15 16 17 
10 11 12 13 14 15 16 17 
12 13 14 15 16 17 
12 13 16 17 
8 9 12 13 16 17 
8 9 12 13 

