4 8 
4 8 
4 8 



13 17 


9 
9 
4 8 9 
4 7 8 9 
4 7 8 
5 6 7 9 10 11 
4 5 6 9 10 
5 9 
5 8 9 
4 5 7 8 9 
6 7 8 9 
6 7 8 9 10 
3 4 5 7 8 9 10 
3 4 5 7 8 9 
6 7 10 11 
2 3 4 5 6 7 8 9 10 11 
2 3 4 5 6 7 8 9 10 11 
3 4 6 7 8 9 10 11 
6 7 8 10 11 12 
6 7 8 9 10 11 12 13 
6 7 8 9 10 11 12 13 14 
6 7 8 9 10 11 12 13 14 15 
7 8 9 10 11 12 13 14 15 16 17 
6 7 8 9 11 12 13 15 16 17 
6 7 10 11 16 17 
6 7 8 10 11 12 
6 7 8 9 10 11 12 13 
8 9 12 13 
13 



6 10 
7 8 9 10 11 12 13 
8 9 12 13 



10 11 14 15 
10 11 12 13 14 15 16 



8 9 
7 8 
6 7 


11 14 15 
6 7 8 9 10 11 12 13 14 15 16 17 




8 9 
7 8 9 
6 7 
6 
4 6 7 8 9 10 11 12 
4 7 8 9 11 12 13 
4 6 7 8 9 
4 6 7 8 9 10 
4 6 7 8 10 11 12 13 
4 6 8 9 12 13 
4 7 8 9 
4 7 8 9 
4 7 8 9 
4 6 7 8 10 
4 8 
4 8 
3 4 7 8 
3 4 7 8 9 
3 4 6 7 8 
3 4 6 7 8 10 
3 4 7 8 
3 4 7 8 
3 4 7 8 9 
3 4 7 8 9 
3 4 7 8 9 
3 4 7 8 9 
3 7 8 9 10 11 12 13 14 15 16 17 
3 4 7 8 9 13 16 17 
3 4 7 8 
4 8 9 
4 7 8 9 
4 7 8 
4 7 8 
4 8 
4 8 9 10 11 12 13 14 15 
4 8 9 12 13 
4 8 
4 8 
3 4 7 8 
3 4 7 8 
3 4 7 8 
3 4 7 8 
3 4 7 8 
3 4 7 8 
3 4 7 8 9 14 
3 4 7 8 10 11 12 14 15 16 
3 4 6 7 8 10 11 12 13 14 15 16 17 
3 4 7 8 11 12 13 15 16 17 
3 4 7 8 
3 4 7 
4 7 
4 
4 7 
4 7 
4 7 8 
4 6 7 8 
4 6 7 8 
4 6 7 8 
4 6 7 8 
4 6 8 
3 4 6 7 8 9 13 
3 4 7 8 9 13 
3 4 7 8 9 13 
3 4 7 8 9 
3 4 7 8 9 
3 4 7 8 9 
3 4 7 8 
4 7 8 
4 7 8 
4 7 8 12 
4 7 8 12 
4 7 8 12 
4 7 8 9 12 13 
3 4 7 8 9 12 13 16 17 
3 4 6 7 8 12 13 16 17 
3 4 6 7 8 9 12 13 17 
3 4 6 7 8 9 12 13 16 17 
3 4 7 8 9 12 13 16 17 
3 4 7 8 13 17 
3 7 8 13 17 
3 4 7 8 
3 7 8 12 
4 7 8 12 
7 8 9 12 13 
4 7 8 9 12 13 16 17 
7 8 12 13 16 17 
4 7 8 
7 8 
7 8 
8 9 12 13 
8 9 12 13 
8 9 12 13 16 17 
8 9 12 13 17 
7 8 12 
7 8 
6 7 
6 7 
6 
6 
6 
6 
6 
6 
6 
6 
6 




6 10 
6 10 
6 7 10 11 
6 7 10 11 
6 7 8 10 11 12 
6 7 8 10 11 12 
6 7 8 10 
6 7 8 10 11 
6 7 8 10 11 
6 7 8 10 11 12 
6 7 8 10 11 12 
6 7 8 10 11 
7 8 11 12 
7 8 10 11 12 
6 8 10 
6 7 8 10 11 
6 7 8 10 11 
4 6 7 8 10 11 12 
7 8 10 11 12 14 
4 6 7 8 10 11 14 15 
4 6 7 8 10 11 12 14 15 16 
4 6 7 8 10 11 12 13 
4 6 7 8 9 10 11 12 13 
4 6 7 8 9 10 11 12 13 14 
4 6 7 8 9 10 11 12 13 14 15 
4 7 8 9 10 11 12 13 14 15 16 
4 8 9 11 12 13 15 16 
4 8 12 13 
4 8 
4 8 
4 8 
4 8 
4 8 
3 4 7 8 
3 4 7 8 
4 8 
3 4 7 8 
4 7 8 
4 7 8 
4 8 
3 4 7 8 
3 4 7 8 
3 4 7 8 
3 4 6 7 8 9 10 11 12 13 14 15 16 17 
3 4 7 8 9 11 12 13 15 16 17 
4 7 8 
4 7 8 9 
3 4 7 8 9 
3 4 6 7 8 9 
3 4 6 7 8 9 10 11 
3 4 6 7 8 10 
6 7 8 
7 9 
7 8 9 
6 7 10 
7 
7 8 10 11 12 15 16 
7 8 9 11 12 13 15 16 17 
6 7 10 11 14 15 
6 7 8 9 10 11 12 13 14 15 
9 13 







7 
7 
7 10 11 12 14 15 16 
6 7 10 11 12 13 15 16 
6 7 8 9 10 11 12 13 
6 7 9 13 
6 





7 8 9 
6 7 8 
6 

9 
7 8 9 
7 10 




11 12 
7 8 9 11 12 13 
7 8 9 
6 7 

10 11 14 15 
11 12 13 15 16 







7 8 
7 8 
7 8 
7 8 
8 9 12 
8 9 12 
8 9 12 13 
9 12 13 16 17 
9 13 14 17 
10 14 
10 11 14 15 
10 11 14 15 
10 11 12 14 15 16 
11 12 15 16 17 
15 16 17 


10 
10 

4 

4 
4 
4 8 
4 8 9 13 
3 4 7 8 9 13 
3 4 7 8 9 13 
3 4 7 8 9 13 
3 4 7 8 9 13 
3 4 7 8 9 13 
3 4 7 8 9 13 
3 4 7 8 9 13 
3 4 7 8 9 13 
3 4 7 8 9 
3 7 8 9 13 
3 7 8 9 13 
7 8 9 13 
7 8 9 
4 7 8 9 13 
4 7 8 9 13 
4 7 8 9 13 
4 7 8 9 
4 6 7 8 9 
4 6 7 8 9 
4 6 7 8 
4 7 8 
4 7 8 
3 4 7 8 
3 4 6 7 8 
3 4 6 7 8 
3 4 6 7 8 
3 4 7 8 9 13 
3 7 9 13 
3 7 8 9 
3 7 8 9 
4 8 9 
8 
8 9 13 
8 9 13 
7 8 9 
7 8 9 
7 8 9 
7 8 
4 7 8 
4 7 8 
4 6 7 8 
4 6 7 8 
4 6 8 9 13 
4 6 8 9 13 
4 8 9 
4 8 9 
4 8 
4 8 
4 8 
4 8 
4 8 
4 8 
3 4 7 8 
3 4 6 7 8 10 11 
3 4 6 7 8 10 11 
3 4 6 7 8 10 11 
3 4 6 7 8 10 11 12 
3 7 8 11 12 
3 4 7 8 11 12 
3 7 8 10 
4 6 7 8 10 
6 7 8 10 11 
6 7 8 10 11 
7 8 11 12 
7 8 11 12 
8 
7 8 
7 8 
7 8 
8 
7 8 
4 8 
8 
4 8 
4 8 
8 
8 
8 
4 8 
4 8 
4 8 
4 8 
9 
4 8 9 
7 8 9 
4 6 7 8 9 
6 7 8 9 10 11 
