3 4 
3 

3 
3 
3 
3 
3 
3 15 16 
3 15 16 
3 11 12 15 16 
3 7 11 12 15 16 
3 7 8 11 12 15 16 
3 7 8 11 12 
3 4 7 8 11 12 
3 7 8 11 12 
3 7 8 
3 4 7 8 
3 4 7 8 
3 4 7 8 11 
3 4 7 8 11 
3 4 7 8 11 
3 4 7 8 11 15 
3 4 7 8 10 11 14 15 
3 4 7 10 11 14 15 
3 4 5 7 10 11 14 15 
3 4 5 7 14 15 
3 4 5 7 
3 7 
3 4 5 7 
3 4 5 7 8 9 
3 4 5 7 8 9 
4 5 7 8 9 11 
4 7 8 11 
3 4 6 7 8 10 11 
3 4 6 7 8 10 11 14 15 
3 4 7 8 10 11 14 15 
3 4 10 11 14 15 
3 4 14 
3 4 

3 
3 
3 
3 
3 
3 

3 


3 
3 
3 
3 4 
3 
3 
3 
3 7 


3 7 
3 7 
3 7 
3 7 
3 7 
3 7 
3 7 11 
7 11 
3 4 7 11 
3 4 6 7 10 11 14 15 
6 7 10 11 14 15 
3 7 10 11 14 15 
7 10 11 14 15 
3 10 11 14 15 
3 4 10 11 14 15 
3 4 10 11 14 15 
3 14 15 
3 
3 
3 

3 
3 
3 11 12 15 16 
3 11 12 15 16 
3 8 11 12 15 16 
3 7 8 11 12 16 
7 8 11 12 
7 8 11 12 
7 8 11 12 
3 4 7 8 
3 4 7 8 
3 4 7 8 
3 4 7 8 
3 4 7 8 
3 4 7 8 
3 4 7 8 
3 4 7 8 
3 4 
3 4 




3 4 15 16 
3 11 12 15 16 
11 12 15 16 
3 4 7 8 11 12 15 16 17 
3 7 8 11 12 13 15 16 17 
7 8 11 12 13 16 17 
7 8 11 12 13 16 17 
7 8 11 12 16 
3 4 7 8 12 
3 4 7 8 12 
3 4 7 8 12 
3 4 7 8 
3 4 7 8 
3 4 7 8 
3 4 7 8 
3 4 7 8 
3 4 7 8 16 
3 4 7 8 12 16 
3 4 7 8 12 16 
3 4 7 8 12 16 
3 4 8 12 
3 4 8 12 
3 4 8 12 
3 4 7 8 
3 4 7 8 
3 4 7 8 
3 4 7 8 
3 4 7 8 
3 4 7 8 
3 4 7 8 
3 4 7 8 
3 4 
3 4 
3 4 
3 4 
3 4 
3 
3 
3 
3 4 
3 
3 
3 
3 
3 
3 
3 
3 
3 
3 
3 
3 

3 
3 

3 
3 
3 
3 
3 
3 

3 4 


3 
3 
3 
3 4 

3 
3 
3 
3 
3 
3 7 
3 7 
3 7 
3 7 
3 7 
3 7 
3 7 
4 7 11 
7 11 
7 11 
3 7 10 11 14 15 
10 11 14 15 
10 11 14 15 
14 15 




3 

3 4 
3 
3 
3 







3 

3 










3 
3 
3 
3 





















16 17 
3 12 16 17 
3 12 16 
3 7 12 16 
3 7 8 11 12 16 
3 7 8 11 12 
3 7 8 11 12 
3 7 8 11 12 
3 7 8 
3 4 7 8 
3 4 7 8 
4 7 8 
4 7 8 11 
3 4 7 8 11 
4 7 8 11 
3 4 7 8 11 15 
3 4 5 8 9 10 11 14 15 
4 5 8 9 10 11 14 15 
3 4 5 8 9 14 15 
4 5 8 9 
5 

3 


3 
3 
3 
3 

3 4 
3 4 
3 





3 4 
3 
3 
3 4 

3 




3 

3 
3 
3 



3 16 17 
3 12 16 17 
3 12 16 
3 12 16 
3 8 12 16 
8 12 
3 7 8 12 
8 
8 
3 4 7 8 
3 4 7 8 
3 4 7 8 
3 4 7 8 
3 4 7 8 
3 4 7 8 
3 4 7 8 
3 4 7 
3 4 7 11 
3 4 7 11 
3 4 7 11 
3 4 7 11 
3 7 11 15 
3 7 11 15 
3 7 10 11 14 15 
3 7 10 11 14 15 
3 7 14 15 
3 7 14 15 
3 7 
3 7 
7 11 
7 11 
3 7 11 
3 7 11 15 
3 10 11 14 15 
3 10 11 14 15 
3 10 11 14 15 
3 14 15 

3 


3 

3 
3 
3 
3 
3 7 
3 7 
3 4 7 
3 7 
3 7 
3 7 
3 4 7 
3 4 7 
3 4 7 8 
3 4 5 7 8 9 
3 4 5 7 8 9 11 
3 4 5 7 11 
3 5 7 11 
3 7 11 
3 11 12 15 16 
3 4 11 12 15 16 
11 15 
15 
3 14 15 
3 4 10 

3 
3 
3 


3 


6 10 
3 
6 10 
3 
6 10 

6 10 
3 

6 10 






3 6 10 
3 


3 6 


6 
3 6 
6 
3 6 
3 
3 

3 6 
3 6 
3 6 
3 
3 
3 
2 6 
3 15 16 17 
3 7 12 13 15 16 17 
3 12 16 
3 7 8 12 16 
3 7 8 12 
2 3 4 6 7 8 12 
3 7 8 11 12 
3 7 8 
3 4 7 8 
3 4 7 8 
3 4 7 8 11 
3 4 7 8 11 
3 4 7 8 11 
2 3 4 6 7 8 11 15 
3 4 7 8 10 11 14 15 
3 4 7 8 10 11 14 15 
2 3 4 6 7 10 11 14 15 
2 3 4 6 7 11 14 15 
2 3 4 6 7 11 
2 3 4 6 7 11 15 
3 4 6 7 10 11 14 15 
2 3 4 6 10 11 14 15 
3 4 10 11 14 15 
2 6 14 15 
3 4 7 14 15 
3 7 
7 11 
7 11 
3 7 11 
2 3 6 7 11 15 
2 3 6 7 10 11 14 15 
2 3 6 10 11 14 15 
2 6 10 11 14 15 
2 6 14 15 
3 
2 3 4 6 
3 
3 
3 4 
3 
3 
3 
3 
3 
3 
3 
3 
3 
3 
3 
3 
3 







2 3 4 6 


2 6 

3 
3 


3 
3 
3 
3 4 
3 4 
3 4 
3 4 
3 4 
3 4 
3 4 
3 4 
3 
3 
3 
3 
3 
3 
3 
2 3 6 

16 
2 3 7 12 16 
3 5 7 12 16 
3 5 7 12 16 
3 8 12 
3 7 8 12 
3 7 8 11 12 
3 7 8 11 12 
2 3 7 8 11 
2 3 4 7 8 11 
3 4 7 8 11 
3 4 6 7 8 10 11 14 15 
3 4 7 8 10 11 14 15 
3 4 7 8 10 11 14 15 
3 4 7 8 10 11 14 15 
3 4 5 7 8 9 11 14 15 
3 4 5 7 8 9 11 15 
4 5 8 9 10 11 14 15 
3 4 7 8 10 11 14 15 
2 3 4 7 8 14 15 
3 4 7 8 14 15 16 
3 7 16 
2 3 7 12 16 
3 7 12 16 
3 7 8 12 16 
2 3 7 8 12 
2 7 8 11 12 
3 4 7 8 11 12 
7 8 11 
3 7 8 11 
3 4 7 8 11 
3 4 7 8 11 
3 4 7 8 11 15 
2 3 4 7 8 11 15 


3 4 7 8 14 15 
3 4 

3 4 
2 3 10 11 14 15 
3 10 11 12 14 15 16 
3 4 11 12 15 16 
3 11 12 15 16 
3 11 12 15 16 
7 8 11 12 
3 7 8 11 12 
3 7 8 11 12 


3 4 7 8 11 12 
3 7 8 
3 7 8 
3 7 8 


3 4 7 8 
3 4 7 8 
3 4 7 8 
3 4 7 8 
3 


3 4 
3 4 



3 4 
3 
3 4 
3 4 
3 

3 
3 
3 4 



3 
3 
3 
3 
3 
3 
3 
3 
3 
3 
3 


