



















3 

3 
3 

3 


3 




3 
3 
3 



3 


3 
3 
3 
3 
3 
3 
3 
3 
3 
3 

3 
3 
3 
3 7 
3 7 
3 7 
2 3 6 7 



3 
3 







3 








3 
3 
3 
3 
3 

3 7 
3 7 
3 7 
3 7 
3 7 
3 7 
7 
3 7 
3 7 
7 
3 7 
3 7 
3 7 
3 7 
3 7 
3 7 
3 7 
3 
3 17 
3 7 17 
3 7 17 
3 7 17 
3 7 17 
3 7 11 12 13 16 17 
3 7 11 12 13 16 17 
3 7 11 12 13 16 17 
3 6 7 10 11 12 16 
6 7 10 11 12 16 
6 7 10 11 12 16 
6 7 10 11 12 16 
7 11 12 16 
7 11 12 15 16 
7 10 11 12 14 15 16 
7 10 11 12 14 15 
7 8 10 11 12 14 15 
7 8 10 11 12 14 15 
7 8 11 12 15 16 
7 8 11 12 16 17 
7 11 
7 
7 8 11 12 
7 11 
7 11 
7 11 
7 11 
7 11 
7 11 
7 11 
7 11 
7 11 
7 11 
7 11 13 17 
7 11 
11 13 17 
7 11 15 
7 11 12 15 16 
7 11 12 15 16 
12 13 16 17 
7 12 16 
16 17 
7 13 16 17 
7 17 
13 17 

7 


13 17 

13 17 

13 17 

7 
13 17 
7 9 13 
9 13 
9 13 17 
8 9 12 13 17 
8 9 12 13 17 
7 8 9 11 12 13 17 
7 8 11 12 13 17 
7 8 11 12 13 17 
7 11 13 17 
7 11 13 17 
7 11 13 17 
7 11 12 13 16 17 
7 11 12 13 16 17 
7 11 12 13 16 17 
7 12 13 16 17 
7 12 13 16 17 
7 12 13 
12 
7 12 
3 12 
7 12 
7 12 
7 12 
7 
12 
7 
12 
7 12 
7 
7 8 12 
7 8 12 
6 7 8 12 
6 7 
6 7 8 12 
6 
8 12 
8 12 
3 7 8 12 
3 7 8 12 

3 8 12 
6 8 12 
6 7 8 12 
3 6 7 8 12 
3 6 7 8 11 12 
3 6 7 8 11 12 
7 8 11 12 
3 7 11 
7 11 
3 6 7 11 
7 11 
7 11 
7 11 
3 7 11 
3 6 7 11 
7 11 
7 11 
3 7 11 
3 7 11 
6 7 10 11 
6 7 10 11 
6 7 10 
6 10 
3 6 10 
6 10 
6 10 
3 6 10 
3 6 7 10 
3 6 7 10 11 
6 7 10 11 
3 6 7 10 11 13 17 
3 6 7 10 11 13 17 
6 7 10 11 13 17 
6 7 10 11 13 15 16 17 
6 10 15 16 17 
6 10 11 12 15 16 
6 10 11 12 13 15 16 17 
3 6 10 11 12 13 15 16 17 
12 13 16 17 
12 13 16 17 
3 9 13 
3 6 10 13 17 
3 6 10 
3 
6 10 

3 
3 
3 
6 10 
3 6 10 
3 


6 10 
6 10 

6 10 
3 6 10 
3 6 10 
3 10 
3 






6 10 
10 


6 10 
10 14 
10 11 14 15 
10 11 14 15 
10 11 12 14 15 16 
11 12 13 15 16 17 
11 12 13 15 16 17 
12 13 16 17 
13 







































3 








3 
3 



















3 
3 
3 
3 
3 

3 
3 
3 
3 

3 
3 
3 
3 
3 
3 
3 
3 
3 
3 
3 
3 
3 
3 7 
3 7 
3 7 
3 7 
3 7 
3 7 
7 
7 
7 
7 


7 


7 

7 

7 11 
7 11 
6 7 10 11 

6 7 10 11 
7 11 
7 11 
7 8 11 12 
7 8 9 11 12 13 
7 8 9 11 12 13 
8 9 12 13 
9 13 
9 13 
























3 
3 








3 



3 
3 


3 
3 

3 
3 
3 
3 
3 
3 7 
3 7 
3 7 


3 7 



3 7 













7 
