3 4 6 7 8 9 10 11 
2 3 4 7 8 9 11 12 
3 4 7 8 9 11 12 
3 4 7 8 9 12 13 
3 4 7 8 9 12 13 
3 4 7 8 9 
3 4 7 8 9 10 11 14 15 
3 4 6 7 8 9 10 11 12 14 15 16 
3 4 6 7 8 9 10 11 12 13 14 15 16 17 
3 4 5 6 7 8 9 12 13 16 17 
3 4 5 6 7 8 9 
3 4 7 8 10 14 
3 4 6 7 8 10 11 14 15 
3 4 6 7 8 10 11 12 14 15 16 
3 4 6 7 10 11 12 13 14 15 16 17 
3 4 6 7 8 10 11 12 13 14 15 16 17 
3 4 6 7 8 9 10 11 12 13 14 15 16 17 
3 4 7 8 9 10 11 12 13 14 15 16 17 
3 4 11 12 13 15 16 17 
3 4 17 
3 4 
3 4 10 11 14 15 
3 4 10 11 12 14 15 16 17 
3 4 9 13 17 
3 8 9 12 13 
3 4 7 8 9 11 12 13 
3 4 7 8 10 11 12 13 14 15 
3 6 7 8 9 10 11 12 13 14 15 16 17 
3 6 7 8 9 10 11 12 13 
3 6 7 8 9 10 11 12 
2 3 6 7 8 9 10 11 
2 3 8 9 10 13 
3 4 8 9 12 13 
3 4 7 8 9 11 12 13 
3 4 6 7 8 10 11 
2 3 4 6 7 8 10 11 
4 
2 4 
2 4 
2 4 7 8 9 11 12 13 
2 3 4 6 7 8 10 11 12 
3 4 
3 4 
3 4 
3 8 9 12 13 
3 6 7 8 9 10 11 12 13 
3 6 7 10 11 
2 3 
3 10 11 12 14 15 16 
3 15 16 17 
3 
3 
3 

8 9 12 13 
6 7 8 9 10 11 12 13 
6 7 10 11 


14 15 
14 15 16 17 

2 
2 3 10 11 14 15 
7 8 10 11 12 13 14 15 16 17 
7 8 10 11 12 13 16 17 
2 10 15 16 
9 13 
7 8 9 11 12 13 
7 10 11 15 17 
10 11 14 15 
10 11 12 14 15 16 17 

2 3 


11 12 14 15 16 
3 11 12 13 15 16 17 

3 
3 
3 
3 
3 
3 
3 9 13 
3 7 8 9 11 12 13 
3 6 7 10 11 
3 10 11 14 15 
3 10 11 12 14 15 16 17 
3 
3 
3 
3 9 13 
3 7 8 9 11 12 13 
3 6 7 10 11 
2 3 
3 





14 15 
14 15 16 17 
9 13 
9 13 
2 8 9 
2 3 8 9 
4 5 8 9 
4 5 8 9 
4 8 
4 7 8 
4 7 8 
3 4 7 8 
3 4 7 
3 4 7 
3 4 7 8 11 
3 4 7 8 11 
3 4 7 8 11 
3 4 7 8 10 11 14 15 
3 4 7 8 10 11 14 15 
3 4 7 8 10 11 14 15 
3 4 6 7 8 14 
3 4 6 7 8 
2 3 4 6 7 8 
3 4 7 8 
3 4 6 7 8 
3 6 7 17 
3 7 13 17 
3 6 7 13 17 
2 3 4 6 7 13 17 
2 3 4 6 9 13 17 
3 4 9 13 17 
3 4 9 13 17 
4 8 9 12 13 
2 3 4 8 9 12 13 
4 8 9 12 13 
2 3 4 8 9 12 13 
2 3 4 8 9 17 
3 4 8 9 13 17 
3 4 8 9 13 17 
3 4 8 9 13 17 
3 4 8 9 13 
3 4 8 9 12 13 
3 4 8 9 
3 4 7 8 9 11 12 
3 4 7 8 9 11 12 17 
3 4 7 8 11 12 13 17 
3 4 7 8 9 11 12 13 17 
3 4 7 8 9 11 12 13 16 
3 4 8 9 12 13 16 17 
3 4 8 9 12 13 16 17 
3 4 7 8 9 13 17 
3 4 7 8 
3 4 7 8 
3 4 7 8 
3 4 7 8 
3 4 7 8 
3 4 7 
3 4 6 7 
3 4 6 7 
3 4 6 
2 3 4 
3 4 
3 4 
3 
3 
3 
2 3 
2 3 
2 3 6 10 
2 3 6 7 10 11 
3 6 7 10 11 
3 6 7 8 10 11 12 
3 7 8 11 12 
3 7 8 11 12 
3 8 12 
3 8 9 
3 8 9 
3 8 9 13 17 
3 4 8 13 16 17 
3 4 8 15 16 17 
3 4 8 
3 4 8 17 
2 3 4 8 12 13 16 17 
3 4 8 16 17 
3 4 15 16 17 
3 4 12 13 16 17 
3 4 12 13 15 16 17 
3 4 15 16 17 
3 4 
2 3 4 7 8 13 17 
2 3 4 7 8 13 17 
2 3 4 7 8 12 13 16 17 
2 3 4 7 8 15 16 17 
2 3 4 7 8 9 13 
2 3 4 7 8 9 12 13 
2 3 4 7 8 9 11 12 13 
2 3 6 7 8 9 10 11 12 13 
2 3 6 7 8 9 10 11 12 13 
3 6 7 8 9 10 11 12 13 
2 3 6 7 8 9 10 11 12 13 
2 3 6 7 8 9 10 11 12 13 
3 6 7 8 10 11 12 
2 3 6 7 10 11 
2 3 
2 3 
3 
3 
3 
3 
3 
3 
3 
3 
3 4 
3 4 
3 4 7 8 
3 4 7 8 9 12 13 
3 4 6 7 8 9 10 11 12 13 
3 4 6 7 10 11 
3 4 10 11 12 14 15 16 
3 4 11 12 13 15 16 17 
3 4 7 8 13 14 15 16 17 
3 
3 4 7 8 
3 
3 11 12 14 15 16 
3 15 16 17 


8 9 12 13 
7 8 9 11 12 13 
6 7 10 11 
7 8 9 11 12 13 
6 7 8 10 11 12 
6 10 





3 4 7 8 
3 4 7 8 






8 9 12 13 
6 7 8 10 11 12 13 
6 7 8 9 10 11 12 13 
6 7 10 11 





2 3 14 15 
2 3 15 16 

2 

10 11 13 14 15 16 17 


2 
2 


2 3 


3 4 
3 9 13 
7 8 9 10 11 12 13 14 15 
3 6 7 10 11 14 15 16 17 
3 
3 
3 
3 7 8 9 11 12 13 
3 6 7 8 10 11 12 
3 6 10 
3 
3 

2 3 
3 4 7 8 
3 
3 
3 

3 4 7 8 
3 4 7 8 

2 3 4 7 8 





3 

3 
3 17 
3 13 15 17 
3 4 7 8 10 11 13 14 15 17 
3 4 7 8 9 10 11 13 14 15 
3 4 7 8 9 10 11 13 14 15 
3 6 8 9 10 
3 8 9 10 
3 4 7 8 9 
3 4 8 9 13 
3 4 7 8 9 13 
3 4 8 9 13 
3 4 7 8 9 
4 8 9 
4 8 9 
4 8 9 
3 4 8 
2 3 4 8 
3 4 8 
3 4 8 
3 4 7 8 
3 4 7 8 
3 4 7 8 
4 7 8 
3 4 7 8 
3 4 7 8 11 12 
3 4 7 8 11 12 
3 4 7 8 11 12 
2 3 7 8 11 
3 4 7 8 11 12 15 
3 4 7 8 10 11 12 14 15 
3 4 7 8 11 12 14 15 
3 4 7 8 11 15 
3 7 8 10 11 14 15 
3 4 7 8 10 11 14 15 
3 4 7 8 11 14 15 
3 4 7 8 10 11 12 14 15 
3 4 7 8 10 11 12 14 15 
3 4 7 8 11 
3 4 7 8 10 11 14 15 
3 4 7 8 10 11 12 14 15 
3 4 7 8 10 11 12 14 15 
3 4 7 8 11 14 
3 4 7 8 10 11 14 15 
2 3 4 7 8 10 11 14 15 
3 4 7 8 11 14 15 
3 4 7 8 
2 3 4 7 8 
2 3 4 6 7 8 
2 3 4 6 7 8 
2 3 6 7 8 
3 7 8 
2 3 4 7 8 
3 4 7 8 11 
3 4 7 8 11 
3 7 8 11 15 
3 4 7 8 10 11 14 15 
2 3 4 7 8 10 11 14 15 
2 3 4 7 8 11 
3 4 7 8 11 
3 7 8 11 
3 7 10 11 14 15 
2 3 7 10 11 14 15 
3 4 6 7 8 14 15 
3 4 6 7 8 
3 4 6 7 8 
3 4 7 8 
3 4 7 8 
3 7 8 
3 4 7 8 11 
3 4 7 8 11 
3 4 7 8 10 11 14 15 
3 4 7 8 10 11 14 15 
3 4 7 8 11 14 15 
2 3 4 7 8 
3 7 
3 7 
3 
2 3 
2 3 4 
2 3 4 
2 3 4 7 8 
3 4 7 8 
2 3 4 7 8 10 
2 3 6 7 10 11 
3 4 6 7 10 11 
3 4 6 7 8 10 11 12 13 17 
3 4 6 7 8 11 12 13 16 17 
2 3 4 6 7 8 10 11 12 16 17 
3 4 6 7 8 10 11 12 16 17 
3 4 6 7 8 10 11 
2 3 7 8 11 12 
2 3 7 8 10 11 12 13 17 
2 3 4 6 8 10 12 13 16 17 
3 4 6 7 8 10 11 12 13 15 16 17 
3 4 6 7 8 10 11 15 16 
2 3 4 7 8 11 12 
2 3 4 6 7 8 10 11 12 
3 4 6 7 8 10 11 12 
3 4 6 7 8 10 11 
3 4 7 8 9 11 12 
3 4 7 8 9 11 12 
3 4 8 9 12 
3 4 8 9 
3 4 8 9 
3 4 8 9 
3 4 8 9 
3 4 8 
3 4 8 
3 4 8 
3 4 8 
3 4 8 
3 4 14 
3 4 10 11 12 14 15 16 
3 4 10 11 12 13 14 15 16 17 
3 4 12 13 14 16 17 
3 4 14 15 16 
