5 6 7 8 9 13 
2 4 5 6 7 8 9 13 
2 4 5 6 8 9 13 
2 4 5 6 8 9 
2 3 4 5 8 9 
2 3 4 5 8 9 
2 3 4 5 7 8 9 
4 5 7 8 9 
2 3 4 5 7 8 9 
4 5 7 8 9 
2 4 5 7 8 9 
4 5 7 8 9 
4 5 7 8 9 
2 3 4 5 6 7 8 9 
2 4 5 6 7 8 
2 4 5 6 7 8 
2 3 4 5 6 7 8 
2 4 5 6 7 8 
3 4 5 6 7 8 
2 3 4 5 7 8 
3 4 5 7 8 
2 3 4 5 6 7 8 
2 4 5 6 7 8 
4 5 6 7 8 9 
4 5 6 7 8 9 
4 5 6 7 8 9 
2 3 4 5 6 7 8 9 
2 3 4 5 7 8 9 
4 5 6 7 8 
4 5 6 7 8 
5 6 7 8 
4 5 6 7 8 
4 5 6 7 8 
4 5 6 7 8 
2 4 5 6 7 8 
4 5 6 7 8 9 
4 5 6 7 8 9 
2 5 6 8 9 
2 5 6 7 8 9 
5 7 9 
5 7 
2 3 5 6 7 
2 4 5 6 7 
2 4 5 7 
2 3 4 5 7 8 
2 3 4 5 8 
4 5 8 
4 5 6 8 
5 6 7 8 
4 5 6 7 8 9 
4 5 7 9 
2 3 4 5 6 7 8 9 
2 4 5 6 8 9 
2 3 4 5 6 8 9 
2 3 4 5 
4 5 8 
4 5 8 
2 4 5 8 9 
2 3 4 5 8 
2 4 5 7 8 
2 4 5 7 8 
2 3 4 5 7 8 
2 3 4 5 6 7 8 
3 4 5 6 7 8 
2 3 4 5 7 8 
3 4 5 7 8 
2 3 4 5 6 7 8 
2 3 4 5 6 7 8 
2 3 4 5 6 7 8 
4 5 7 8 
3 4 5 7 8 
4 5 6 7 8 
4 5 6 7 8 
2 4 5 6 7 8 
2 4 5 7 8 9 13 
2 4 5 6 7 8 9 13 
2 4 5 6 7 8 9 13 
2 4 5 6 7 8 9 
4 5 6 7 8 
2 4 5 6 7 8 
4 5 6 7 8 
4 5 6 7 8 
4 5 6 7 8 
2 3 4 5 6 7 8 
4 5 6 7 8 
4 5 6 7 8 
2 4 5 6 7 8 
4 5 6 7 8 
4 5 7 8 9 
2 4 5 6 7 8 9 
4 5 6 7 8 9 
3 4 5 6 7 8 9 
2 3 4 5 6 7 8 9 
2 3 4 5 6 7 8 9 13 
2 3 4 5 7 8 9 13 
2 3 4 5 6 7 8 9 13 
2 4 5 6 7 8 9 
2 3 4 5 6 7 8 
5 6 7 8 9 
4 5 6 7 8 9 
4 5 6 7 8 
4 5 6 7 8 9 
4 5 6 7 8 9 10 
4 5 6 7 8 9 10 
4 5 6 7 8 9 10 11 
4 5 6 7 8 9 11 12 
4 5 6 7 8 11 12 
4 5 6 7 8 12 13 
4 5 6 7 8 13 
4 5 6 7 8 13 
5 7 8 10 
4 5 6 7 8 9 10 11 
2 4 5 6 7 8 9 10 11 
4 5 6 7 8 9 11 12 13 
4 5 6 7 8 9 11 12 13 
4 5 6 7 8 9 12 13 
4 5 6 7 8 9 12 13 
4 5 6 7 8 9 13 
4 5 6 7 8 9 
2 4 5 6 7 8 9 
4 5 6 7 8 9 
4 5 6 7 8 9 
4 5 6 7 8 9 
4 5 6 7 8 9 
4 5 6 7 8 9 
4 5 6 7 8 9 
2 4 5 6 7 8 9 
4 5 6 7 8 9 
4 5 6 7 8 9 
4 5 6 7 8 9 
4 5 6 7 8 9 
4 5 6 7 8 9 
3 4 5 6 7 8 
4 5 7 8 
2 4 5 7 8 
2 3 4 5 6 7 8 9 
2 4 5 6 7 8 9 
4 5 6 7 8 9 
4 5 6 7 8 9 
4 5 7 8 9 
4 5 6 7 8 9 
4 5 6 7 8 9 
4 5 6 7 8 
4 5 6 7 8 
4 5 6 7 8 9 
4 5 6 7 8 9 
4 5 6 7 8 9 
4 5 6 7 8 9 
2 4 5 6 7 8 9 
2 4 5 6 7 8 9 
2 3 4 5 7 8 9 
2 3 4 5 7 8 9 
4 5 7 8 9 
4 5 6 7 8 9 
4 5 6 7 8 9 
4 5 6 7 8 9 
4 5 6 7 8 9 
2 4 5 6 7 8 9 
4 5 6 7 8 9 
4 5 6 7 8 
4 5 6 7 8 9 
4 5 6 7 8 9 
4 5 6 7 8 9 
4 5 6 7 8 9 13 
4 5 6 7 8 9 13 
5 6 7 8 9 
4 5 6 7 8 9 
4 5 6 7 8 9 
2 3 4 5 6 7 8 9 
5 6 7 8 9 
2 3 4 5 6 7 8 9 
3 4 5 6 7 8 9 10 
2 3 4 5 6 7 8 9 10 11 
2 3 4 5 6 7 8 9 10 11 
2 3 4 5 7 8 9 11 12 
4 5 7 8 9 11 12 
4 5 8 9 12 13 
2 4 5 6 8 9 12 13 
2 3 4 5 6 7 8 9 13 
2 3 5 6 7 8 9 13 
2 3 4 5 6 7 8 
2 3 4 5 6 7 8 10 
2 3 4 5 6 7 8 10 11 
4 5 6 7 8 10 11 
4 5 6 7 8 11 12 
2 3 4 5 6 7 8 9 11 12 
4 5 6 7 8 9 12 13 
2 4 5 6 7 8 9 13 
2 4 5 6 7 8 9 13 
4 5 6 7 8 9 
4 5 6 7 8 9 
4 5 6 7 8 9 
2 3 4 5 6 7 8 9 
2 3 4 5 6 7 8 9 
2 3 4 5 6 7 8 9 
2 3 4 5 6 7 8 9 
2 5 7 8 9 
5 7 8 9 
2 3 5 7 8 9 
2 5 7 8 9 
2 3 5 6 7 
2 3 4 5 6 
2 3 4 5 
2 3 4 5 9 
2 3 4 5 6 7 9 10 11 
2 4 5 6 7 8 9 10 11 
2 3 4 5 7 8 9 11 12 
2 4 5 8 9 12 13 
5 6 7 8 9 12 13 
5 6 7 8 9 13 
2 5 6 7 13 
5 6 7 9 13 
2 3 4 5 6 7 8 9 13 
2 3 4 5 6 7 8 9 12 13 
2 3 4 5 6 7 8 9 12 13 
2 4 5 6 7 8 9 
4 5 6 7 8 
2 4 5 7 8 9 
4 5 7 8 9 10 
2 4 5 7 8 9 10 11 
2 3 4 5 7 8 9 11 12 
2 4 5 6 7 8 9 11 12 
2 4 5 6 7 8 9 12 13 
2 4 5 6 7 8 9 12 13 
3 4 5 6 7 8 13 
3 4 5 6 7 8 
2 3 4 5 6 7 8 
3 4 5 6 7 8 
2 3 4 5 6 7 8 
3 4 5 6 7 8 
3 4 5 6 7 8 
2 3 4 5 6 7 8 
2 3 4 5 6 7 8 
2 3 5 7 8 
2 3 5 6 7 8 
2 3 5 6 7 8 
4 5 7 8 
4 5 8 9 
4 5 6 8 9 
2 3 4 5 8 9 
4 5 8 9 
2 4 5 8 9 
2 3 4 5 7 8 
2 4 5 7 
2 3 4 5 6 7 8 
2 3 4 5 6 7 8 
2 3 4 5 6 8 
2 3 4 5 8 
4 5 6 8 
2 3 4 5 6 7 8 
2 3 4 5 6 7 8 
4 5 6 7 8 
4 5 6 7 8 
4 5 6 7 8 
4 5 6 7 8 
2 4 5 6 7 8 
4 5 6 7 8 
2 4 5 7 8 9 
4 5 7 8 9 
4 5 6 7 8 9 
4 5 6 7 8 9 
2 4 5 6 7 8 9 
2 3 5 7 8 9 
2 3 4 5 7 8 9 
2 3 4 5 6 7 8 
4 5 6 7 8 
4 5 6 8 
2 4 5 6 7 8 
2 4 5 6 7 8 
4 5 7 8 9 
2 4 5 7 8 9 
4 5 7 8 9 
2 5 7 8 9 
2 3 5 6 7 8 
5 6 7 
5 6 7 8 9 
2 5 6 9 
5 6 9 
2 5 9 
5 9 
2 3 5 9 
5 
2 5 
5 
2 3 5 
2 4 5 
4 5 
4 5 
2 3 4 5 
4 5 
2 3 4 5 8 
2 4 5 8 
4 5 8 
2 3 4 5 7 8 
2 3 4 5 7 8 
4 5 7 8 
4 5 6 7 8 
2 4 5 6 7 8 
2 5 6 7 8 
2 3 4 5 6 7 
2 4 5 6 7 
2 4 5 6 7 
2 3 4 5 6 
4 5 8 
2 3 4 5 8 
4 5 8 9 13 
2 3 4 5 8 9 13 
5 8 9 13 
2 3 5 7 8 9 
2 3 5 7 8 
2 3 5 7 8 
2 4 5 6 7 8 
2 3 4 5 6 7 8 
4 6 7 8 
2 3 4 7 8 
2 4 7 8 
4 5 7 8 
4 7 8 
2 5 7 8 
5 7 
5 6 7 
5 6 7 8 
2 5 7 8 
2 5 8 
2 3 5 8 
5 8 
2 5 8 
2 5 
5 6 7 8 9 
4 5 7 
2 3 4 5 7 8 9 
2 4 5 8 9 
2 3 4 5 8 
2 3 4 5 8 
2 3 4 5 6 8 
2 4 5 6 7 8 9 
4 5 6 7 8 9 
4 5 7 8 9 
4 5 6 7 8 
2 4 5 6 7 8 
2 3 4 5 6 7 8 
2 4 5 7 8 
2 3 4 5 6 7 8 9 
4 5 6 7 8 9 
5 6 7 8 9 
2 5 6 7 8 9 
5 6 7 
4 5 6 7 
2 3 4 5 6 7 
2 3 4 5 6 8 
2 3 4 5 6 7 8 
2 3 4 5 7 8 
2 3 5 7 8 
2 3 5 7 8 
2 3 5 7 8 
4 5 6 7 8 
2 3 4 5 6 8 
4 5 8 9 
4 5 9 
4 5 8 9 
2 3 4 5 8 
2 3 4 5 8 
2 3 4 5 8 
2 3 4 5 7 8 
2 4 5 7 8 
2 4 5 6 7 8 
4 5 6 7 8 
2 3 4 5 6 7 8 
2 4 5 6 7 8 
4 5 7 8 
4 5 6 7 8 
4 5 6 7 8 
4 5 6 7 8 
4 5 6 7 8 9 
4 5 6 7 8 
4 5 6 7 8 9 
4 5 6 7 8 10 
4 5 6 7 8 10 11 
2 3 4 5 6 7 8 9 10 11 
4 5 6 7 8 9 11 12 
4 5 6 7 8 9 12 13 
4 5 6 7 8 9 12 13 
4 5 6 7 8 9 13 
4 5 6 7 8 9 13 
3 4 5 6 7 8 9 
4 5 6 7 8 9 
4 5 6 7 8 9 
4 5 6 7 8 9 10 
4 5 6 7 8 9 10 11 
4 5 6 7 8 9 10 11 
2 4 5 6 7 8 9 11 12 13 
4 5 6 7 8 9 11 12 13 
4 5 6 7 8 9 12 13 
4 5 6 7 8 9 12 13 
4 5 6 7 8 9 13 
4 5 6 7 8 9 
4 5 6 7 8 9 
4 5 6 7 8 9 
4 5 6 7 8 9 
4 5 6 7 8 9 10 
4 5 6 7 8 9 10 11 
2 4 5 6 7 8 9 10 11 
2 4 5 6 7 8 9 11 12 
2 4 5 6 7 8 9 11 12 
4 5 6 8 9 12 13 
2 4 5 6 7 8 12 13 
4 5 6 7 8 9 13 
4 5 6 7 8 9 13 
4 5 6 7 8 9 
4 5 6 7 8 9 
4 5 6 7 8 9 
5 6 7 8 
4 5 7 8 
4 5 6 7 8 9 
4 5 6 7 8 9 
5 6 7 8 9 
2 5 6 7 8 9 
2 4 5 7 8 9 
2 3 4 5 7 8 9 
4 5 6 7 9 
2 3 4 5 6 9 
4 5 6 8 9 
4 5 6 7 8 9 
2 3 4 5 6 7 8 9 
2 3 4 5 6 7 8 9 
2 4 5 6 7 8 
4 5 6 7 8 
4 5 6 7 8 
4 5 6 7 8 9 
4 5 6 7 8 9 
4 5 6 7 8 9 
4 5 6 7 8 9 
4 5 6 7 8 9 
4 5 6 7 8 9 
2 3 4 5 7 8 9 
4 5 6 7 8 9 
2 3 4 5 6 7 8 9 
2 4 5 6 7 8 9 
4 5 6 7 8 
4 5 6 7 8 9 
4 5 6 7 8 9 
4 5 6 7 8 9 
4 5 6 7 8 9 
4 5 6 7 8 9 
4 5 6 7 8 
4 5 6 7 8 9 10 11 
4 5 6 7 8 9 10 11 
4 5 6 7 8 9 11 12 
2 4 5 6 7 8 9 11 12 
4 5 6 7 8 9 12 13 
4 5 6 7 8 9 10 13 
4 5 7 8 9 10 11 13 
4 5 6 7 8 9 10 11 
4 5 6 7 8 9 10 11 12 
4 5 6 7 8 9 10 12 13 
4 5 6 7 8 9 10 11 12 13 
4 5 6 7 8 9 11 12 13 
5 6 7 8 9 11 12 13 
4 5 6 7 8 9 10 12 13 
4 5 6 7 8 9 10 11 13 
4 5 6 7 8 9 10 11 13 
4 5 6 7 8 9 11 12 
4 5 6 7 8 9 12 13 
4 5 6 7 8 9 12 13 
4 5 6 7 8 13 
4 5 7 8 
2 3 4 5 7 8 9 
2 3 5 7 8 9 
2 5 7 8 9 
5 6 7 9 
2 3 4 5 6 7 9 
4 5 6 7 
2 3 4 5 7 8 
4 5 7 8 
4 5 7 8 
4 5 7 8 
2 3 4 5 7 8 
4 5 8 9 
2 3 4 5 7 8 9 
2 3 4 5 7 8 9 
2 3 4 5 7 8 
2 4 5 6 7 8 
4 5 6 7 
4 5 6 7 8 
2 3 4 5 6 7 8 9 
2 3 4 5 6 8 9 
2 4 5 8 9 
3 4 5 6 7 8 9 
3 4 5 6 7 8 9 
2 3 4 5 7 8 
2 3 4 5 6 7 8 
2 3 4 5 6 7 8 
2 3 4 5 6 7 8 
4 5 6 7 8 
4 5 6 7 8 
2 3 4 5 6 7 8 9 
2 4 5 6 7 8 9 13 
2 4 5 6 8 9 13 
2 4 5 6 8 9 13 
2 3 4 5 7 8 9 
4 5 7 8 
4 5 7 8 
4 5 6 7 8 
2 3 4 5 6 7 8 
4 5 6 7 8 
2 3 4 5 7 8 
2 3 4 5 7 8 
2 5 7 8 
5 7 
5 6 7 
2 5 6 7 
2 3 6 7 
2 3 5 7 
2 5 7 8 
2 5 7 8 
5 8 
5 8 
4 5 8 
2 3 4 5 8 
2 4 5 8 
2 3 4 5 8 
4 5 8 
4 5 8 
3 4 5 7 8 9 
3 4 5 7 8 9 
2 3 4 5 7 8 9 
2 3 4 5 6 7 9 
4 5 6 7 8 9 
2 3 4 5 6 8 
2 4 5 8 
2 3 4 5 7 8 
2 3 4 5 7 8 
2 4 5 6 7 8 
4 5 6 7 8 
4 5 7 8 
4 5 6 7 8 
2 3 4 5 6 7 8 
5 6 7 
2 3 4 5 6 7 8 
5 6 7 8 
2 3 5 6 7 8 
2 5 7 
2 4 5 6 7 
2 3 4 5 6 
4 5 8 
4 5 8 
2 3 4 5 8 
2 3 4 5 8 9 13 
2 5 7 8 9 13 
2 3 5 7 8 9 13 
4 5 7 8 9 
2 3 4 5 6 7 8 
2 3 4 5 6 7 8 
2 3 4 5 6 7 8 
2 3 4 5 7 8 
2 4 5 7 8 
2 3 4 5 7 8 
4 5 7 8 
4 5 7 8 
2 4 5 7 8 
4 5 7 8 
2 3 4 5 6 7 8 
4 5 6 7 8 
4 5 6 7 8 
4 5 6 8 
2 4 5 8 
2 3 4 5 7 8 
4 5 7 8 
2 4 5 7 8 
4 5 6 7 8 9 
4 5 6 7 8 9 
4 5 6 7 8 9 
4 5 6 7 8 9 
4 5 6 7 8 9 
4 5 6 7 8 9 
4 5 6 7 8 
4 5 6 7 8 
4 5 6 7 8 
4 5 6 7 8 
2 4 5 6 7 8 
4 5 6 7 8 
4 5 6 7 8 
4 5 6 7 8 
4 5 6 7 8 
4 5 6 7 8 
2 4 5 6 7 8 
2 3 4 5 6 7 8 9 
4 5 6 7 8 9 
4 5 6 7 8 9 
2 4 5 6 7 8 9 
2 4 5 7 8 9 
2 4 5 6 7 8 
4 5 6 7 8 
4 5 7 8 
2 4 5 6 7 8 9 
2 3 4 5 6 7 8 9 
4 5 6 7 8 9 
2 4 5 7 8 9 
2 4 5 7 8 9 
2 3 4 5 6 7 8 
