2 3 6 
2 3 
3 
2 3 
2 3 
2 3 
2 3 
2 3 
2 3 
3 
3 13 
2 3 6 13 
2 3 4 13 
2 3 4 13 
2 3 4 6 13 
2 3 6 9 13 
2 3 4 6 
2 3 4 6 
2 3 4 6 
2 3 4 6 7 
2 3 4 6 7 
2 3 6 7 
2 3 6 7 
2 3 4 6 7 8 11 
2 3 4 6 7 8 11 12 
2 3 4 6 7 8 11 12 13 16 17 
2 3 4 6 7 8 12 13 16 17 
2 3 4 6 7 8 17 
2 3 4 6 7 8 11 
2 3 4 5 6 7 8 11 12 
2 3 4 5 6 7 8 11 12 16 
2 3 4 6 7 8 12 13 16 17 
2 3 4 6 7 8 11 17 
2 3 4 6 7 8 11 12 
2 3 4 6 7 8 11 12 13 16 17 
3 4 6 7 8 12 13 16 17 
3 4 6 7 8 11 17 
3 4 6 7 8 11 12 
3 4 5 6 7 8 9 11 12 16 
3 4 5 6 7 8 9 12 13 16 17 
4 6 7 8 11 17 
4 6 7 8 11 12 
4 7 8 11 12 15 16 
4 5 7 8 9 11 12 13 15 16 17 
4 5 7 8 17 
4 7 8 
4 7 8 
4 8 
4 5 8 
4 5 8 
4 5 8 
4 8 
4 5 
4 5 



4 10 14 
4 10 14 
4 10 14 
4 6 10 11 
6 7 10 11 
6 7 10 11 
6 7 10 11 14 
6 7 8 10 11 14 
6 7 8 10 14 
6 7 8 10 11 
6 7 8 10 11 
3 4 6 7 8 10 11 14 
3 4 5 6 7 8 9 10 14 
2 3 4 5 6 7 8 9 10 11 14 
2 3 4 6 7 8 10 11 13 
3 4 6 7 8 10 11 13 
3 4 6 7 8 9 13 
2 3 4 5 6 7 8 9 10 13 
2 3 4 5 6 7 8 9 10 11 13 14 
2 3 4 6 7 8 9 10 13 14 
2 3 4 6 7 8 10 14 
2 3 4 6 7 8 10 11 14 15 
2 3 4 5 6 7 8 9 10 11 14 15 
2 3 4 6 7 8 10 11 14 15 
2 3 4 6 7 8 
2 3 4 6 7 8 10 11 12 14 15 16 
2 3 4 6 7 8 10 11 12 
2 3 4 6 7 8 10 11 12 14 
2 3 4 6 7 8 10 11 12 14 
3 4 6 7 8 10 14 
2 3 4 6 7 8 10 11 
2 3 4 6 7 8 10 11 14 
2 3 4 6 7 8 10 11 14 
2 3 4 5 6 7 8 9 10 11 
2 3 4 5 6 7 8 9 10 11 
2 3 4 5 6 7 8 9 10 11 14 
2 3 4 5 6 7 8 9 10 14 
2 3 4 6 7 8 10 11 
2 3 4 6 7 8 10 11 
2 3 4 7 8 
2 3 4 7 8 
2 3 4 5 6 7 8 9 10 11 13 14 
2 3 4 5 6 7 8 10 11 
3 4 5 6 7 8 9 10 11 
2 3 4 5 6 7 8 9 11 
2 3 4 5 6 7 8 10 14 
2 3 4 6 7 8 10 11 
2 3 4 5 6 7 8 10 11 
2 3 4 5 6 7 8 11 
2 3 4 6 7 8 
2 3 4 5 6 7 8 
2 3 4 6 7 8 
2 3 4 5 6 7 8 
2 4 5 6 8 
4 5 6 8 
3 4 6 8 
3 4 5 6 8 
3 4 5 6 7 14 
4 5 6 7 10 11 14 
3 4 6 7 10 11 14 15 
3 4 6 7 8 10 11 12 14 15 
3 4 6 7 8 10 11 12 
2 3 4 6 7 8 10 11 12 
3 4 6 7 8 10 11 
3 4 5 6 7 8 
3 4 6 8 
3 4 5 7 8 9 10 14 
3 4 5 6 7 8 9 10 11 14 
3 4 5 6 7 8 9 10 11 
2 3 4 6 7 8 11 
2 3 6 7 8 
3 4 6 8 
2 3 4 6 7 8 
4 6 7 8 
3 4 6 
3 4 5 6 7 8 9 
3 4 5 6 7 9 
3 4 6 7 9 
3 4 6 9 
3 4 6 9 13 
3 6 9 13 
3 6 9 
3 9 13 
2 3 9 13 
2 3 4 
2 3 4 
2 3 4 
2 3 4 6 7 9 13 
2 3 6 7 9 13 
2 3 6 7 9 13 
2 6 7 13 
2 6 13 
2 6 13 
2 4 5 6 
2 4 5 6 13 17 
2 3 4 5 6 
2 3 4 6 
2 3 4 6 14 
2 3 4 6 7 10 11 14 
2 3 4 6 7 8 10 11 
2 3 4 6 7 8 
2 3 4 6 7 8 
3 4 6 8 
3 4 5 8 
3 4 5 6 7 
2 3 6 7 
2 3 6 7 
2 3 6 
2 3 6 
2 3 
2 4 9 13 
2 3 4 9 13 
2 3 4 6 
2 3 6 7 9 13 
2 3 4 6 7 9 13 
2 3 4 6 
3 7 
2 3 6 7 
6 
4 
4 
4 
4 
4 6 9 13 
3 4 8 9 12 13 
3 4 8 9 12 13 
6 8 9 12 13 
8 9 12 13 
8 9 
7 8 13 
6 7 8 13 
6 7 8 9 13 17 
3 7 8 9 13 17 
3 6 7 8 9 13 
3 6 7 8 13 
2 3 6 7 8 9 12 13 
2 3 7 8 9 12 13 
2 3 6 7 8 9 13 
2 3 7 8 9 
2 3 6 7 8 9 
2 3 7 8 9 
2 3 6 7 8 
2 3 7 8 
2 3 7 8 
2 3 4 6 7 8 
2 4 8 
2 4 8 
2 4 6 14 
2 4 6 14 15 
2 4 5 6 14 15 
2 6 10 11 14 15 
2 6 15 16 
2 6 15 16 
2 6 15 16 17 
2 6 16 17 
2 6 
2 6 
2 6 
3 5 6 
3 6 
2 6 
2 6 
2 3 4 6 
2 3 6 7 
2 3 6 7 
2 3 6 7 
2 3 6 7 9 
2 3 6 7 8 9 
2 3 6 7 8 11 
3 4 6 7 8 11 12 
3 4 6 7 8 9 11 12 16 
4 6 7 8 9 12 13 16 17 
2 4 6 7 8 9 11 17 
2 4 5 6 7 8 9 11 12 
2 4 5 6 7 8 9 11 12 
2 4 5 6 7 9 11 12 13 15 16 17 
2 4 5 6 7 8 9 12 13 16 17 
2 4 6 7 8 9 11 
2 4 6 7 8 9 11 12 
2 4 6 7 8 9 11 12 13 16 
2 3 4 6 7 8 12 16 17 
2 3 4 5 6 7 8 9 10 11 17 
3 4 5 7 11 12 
3 4 5 7 11 12 16 
3 4 7 8 9 12 13 16 17 
3 4 7 8 9 13 16 17 
4 8 9 13 
4 8 13 
4 13 17 
4 10 14 
4 
10 14 
10 
6 7 10 11 
6 7 10 11 
6 7 10 11 
6 7 8 
6 7 8 
6 7 8 10 14 
4 6 7 8 10 14 
4 6 7 8 10 11 
3 4 5 6 7 8 10 11 
3 4 5 6 7 8 10 
3 4 6 7 8 10 11 14 
2 3 4 6 7 8 10 11 14 15 
4 6 7 8 10 14 15 
2 3 4 6 7 8 15 16 
2 3 4 6 7 8 10 12 14 15 16 
3 4 5 6 7 8 9 10 11 12 13 14 16 17 
3 4 5 6 7 8 10 11 12 13 14 16 17 
2 3 4 6 7 10 11 12 13 16 17 
2 3 4 6 7 8 10 11 12 13 17 
2 3 7 8 11 12 13 17 
2 3 4 7 8 10 13 14 17 
2 3 4 6 7 8 9 10 11 13 14 17 
2 3 4 6 7 8 9 10 11 13 
2 3 4 7 8 9 11 13 
2 3 4 5 6 7 8 9 10 13 
2 3 4 5 6 7 8 9 10 11 
2 3 4 6 7 8 10 
2 3 4 6 7 8 10 
2 3 4 6 7 8 9 
2 3 4 7 8 9 10 
3 4 5 6 7 8 9 10 11 
3 4 5 6 7 8 
3 4 5 6 7 8 
3 4 6 7 8 
3 4 6 8 
3 4 6 8 
3 4 6 8 
3 4 6 10 
3 4 5 6 7 10 11 
3 4 6 7 10 11 
2 3 4 6 7 8 10 11 12 
2 3 4 6 7 8 
3 4 7 8 9 
2 3 4 5 6 7 8 9 
4 6 7 8 9 
4 6 8 9 13 
4 5 8 13 
4 5 8 13 
8 13 
3 4 8 13 
3 4 8 9 13 
3 4 7 8 9 13 
3 4 6 7 8 
4 5 6 8 13 
4 5 13 
4 5 13 
13 
4 13 
3 4 9 13 
3 4 9 13 
3 4 6 7 9 13 
3 4 6 7 
3 4 6 7 8 9 12 13 
3 4 6 7 
3 4 6 7 
3 4 6 7 
3 6 
2 3 6 
2 3 4 
2 3 
2 3 6 7 
2 3 4 5 6 7 
2 3 4 6 
2 4 
2 4 
2 4 
2 3 4 8 9 12 13 
2 3 4 
2 3 4 8 9 12 13 
2 3 4 7 
3 4 6 7 
3 4 7 
3 4 6 7 
2 3 4 6 7 
2 3 4 6 7 8 
2 3 4 6 7 8 12 
2 3 4 6 7 8 12 13 
2 3 4 6 7 12 13 16 17 
2 3 4 6 7 17 
2 3 6 7 
2 3 6 7 8 11 12 
2 3 4 5 6 7 8 11 12 
2 4 5 6 7 12 13 16 17 
2 4 5 6 7 8 12 13 16 17 
2 4 6 7 8 9 11 12 13 17 
2 4 5 6 7 8 11 12 
2 4 5 6 12 13 16 17 
2 4 5 6 12 13 16 17 
2 3 4 5 6 17 
2 3 4 5 6 7 
2 3 4 6 7 
3 4 6 
3 4 
3 4 7 
2 3 4 6 7 
2 3 4 6 7 8 9 12 13 
3 4 6 7 
3 4 7 8 
2 3 4 6 7 8 
3 6 7 8 11 12 
2 3 6 7 8 11 12 
2 3 7 12 13 16 17 
2 3 4 7 8 12 13 16 17 
2 3 4 5 7 8 11 12 17 
2 4 5 8 12 
2 4 5 12 13 16 17 
2 4 5 17 
2 4 5 
2 4 5 8 9 12 13 
2 4 5 8 9 12 13 
2 4 5 8 9 12 13 
2 4 5 8 9 
4 5 8 9 13 
4 7 8 9 13 
4 7 8 9 13 17 
3 4 7 8 9 13 
3 4 7 8 9 12 13 14 
3 4 7 8 9 12 13 14 15 
2 3 4 6 7 8 13 14 15 
2 3 6 7 8 9 13 15 16 
2 3 4 6 7 8 9 13 
2 3 4 7 8 9 12 13 
2 3 4 7 8 9 13 
2 3 4 5 7 8 9 13 17 
2 3 4 5 6 7 8 9 13 
2 3 4 6 7 8 9 12 13 
2 3 4 8 9 12 13 
2 4 8 9 
2 4 7 8 9 
2 4 7 8 13 
2 4 5 7 8 9 13 
2 4 5 7 8 9 
3 4 5 7 8 
3 4 7 8 
2 3 4 5 6 7 8 9 
2 3 4 5 6 7 8 9 
2 3 4 5 7 
2 3 
3 
2 3 
2 3 6 
2 3 
2 3 
2 3 6 
2 
2 6 
2 6 
2 6 13 
2 3 6 7 13 
2 3 6 7 9 13 17 
2 3 6 7 9 13 17 
2 3 6 7 9 13 
2 3 6 7 9 13 
2 3 4 6 7 8 9 11 12 13 
2 3 4 6 7 8 9 11 12 13 
2 3 4 6 7 8 9 12 13 16 17 
2 3 4 6 7 8 9 11 12 13 16 17 
3 4 7 8 11 12 
3 4 7 8 11 12 15 16 
3 4 7 8 12 13 16 17 
3 4 5 7 8 
4 5 8 9 
4 5 8 9 
4 5 
4 
4 
4 5 








14 
10 14 
6 10 14 
6 10 14 
6 7 10 11 
6 7 10 11 
6 7 10 11 
6 7 10 11 14 
3 6 7 8 10 11 14 
3 6 7 8 10 11 
3 4 6 7 8 10 11 14 
2 3 4 6 7 8 10 11 14 
2 3 4 6 7 8 10 11 14 
2 3 4 6 7 8 10 11 
2 4 5 6 7 8 9 10 11 
2 3 4 6 7 8 
2 3 4 6 7 8 
2 3 4 5 6 7 8 9 14 
2 3 4 5 6 7 8 9 10 11 14 
2 4 5 6 7 8 9 10 11 
2 4 5 7 8 9 10 11 14 
2 4 5 6 7 8 9 10 11 
4 6 7 8 9 10 11 
2 4 7 8 9 
2 4 7 8 9 
2 4 5 8 9 10 13 14 
2 4 5 6 7 8 9 10 11 
2 3 4 5 7 8 11 
2 3 4 5 6 7 8 9 13 
2 3 4 5 6 8 14 
2 3 4 6 7 8 9 10 11 13 
2 3 4 6 7 8 9 11 13 
2 3 4 5 6 7 8 9 13 
2 3 4 5 6 7 8 13 
2 3 4 6 7 8 13 
2 3 4 5 6 7 8 13 
2 3 4 5 6 7 10 13 
2 3 4 6 7 8 13 
2 3 4 6 8 13 17 
2 3 4 6 7 8 13 17 
2 3 4 6 7 13 17 
2 3 4 6 7 
2 3 4 6 7 
2 3 6 7 
2 3 6 7 
2 3 6 7 
2 6 






3 
4 




2 4 6 
2 3 4 5 6 
2 3 6 7 
2 3 4 6 7 
2 4 6 
2 3 4 6 
2 3 4 6 
2 3 6 7 
2 6 7 
2 6 
2 6 

4 
3 4 
3 4 
3 
3 
3 
3 4 5 
3 4 
2 3 4 5 
2 3 7 
2 3 6 7 
2 6 
2 4 6 
2 4 6 
2 6 
2 6 
2 4 6 
2 4 6 10 
4 6 7 10 
3 4 6 7 8 
3 4 6 8 
3 4 6 7 8 10 11 14 
2 3 4 6 7 8 10 11 
2 3 4 5 6 7 8 
2 3 4 6 7 8 
3 4 6 8 
3 4 5 6 8 9 
3 4 5 7 
2 3 4 5 6 7 
2 3 4 6 7 
2 3 4 5 6 7 
4 5 6 
4 5 6 
4 5 
4 
4 
4 5 14 15 
3 4 10 11 14 15 
3 4 10 11 12 14 15 16 
3 4 7 11 12 14 15 16 
3 4 6 7 10 11 12 13 14 15 16 17 
3 4 6 10 11 12 13 14 15 16 17 
3 4 11 12 13 15 16 17 
3 4 7 11 12 13 15 16 17 
3 4 6 7 16 17 
3 6 17 
2 3 6 
2 3 4 
2 3 4 
2 3 4 
2 3 4 
2 3 4 
2 3 4 
2 3 4 8 9 12 13 
2 3 4 8 9 12 13 
2 4 5 8 9 12 13 
2 4 6 8 9 12 13 
2 4 7 8 9 
2 4 7 8 9 
2 7 8 13 17 
2 7 8 13 17 
2 4 7 8 13 
3 4 7 8 13 
3 4 7 8 9 12 13 
2 3 6 7 8 9 12 13 
2 3 6 7 8 9 
2 3 7 8 9 
2 3 7 8 
2 3 7 8 
2 3 7 8 
2 3 6 7 13 14 
2 3 7 9 13 
2 3 6 7 9 13 
2 3 8 9 
2 3 4 8 9 13 
2 3 8 13 
2 3 7 8 9 13 
2 3 4 7 8 9 13 
2 3 4 7 8 9 13 
2 3 7 8 9 13 
3 4 7 8 9 13 
3 8 9 13 
3 8 9 13 
2 3 8 9 13 
2 3 4 6 8 9 13 
2 3 4 6 8 9 13 
2 3 4 6 8 9 13 
2 3 4 6 8 9 13 
2 3 4 6 8 13 
2 3 4 5 6 8 13 
2 3 4 6 8 13 
2 4 5 6 8 9 13 
2 6 
2 6 
