7 8 9 11 12 15 16 
4 7 8 9 10 11 12 13 15 16 
7 8 9 10 11 12 15 16 
4 7 8 9 10 11 12 14 15 16 
4 7 8 9 10 11 12 15 16 
6 7 8 9 10 11 12 15 16 
6 7 8 9 10 12 15 16 
5 6 7 8 9 10 12 13 15 16 
4 5 6 7 8 9 10 13 15 16 
4 5 6 7 8 9 10 13 14 15 16 
4 5 6 7 8 9 10 14 15 16 
4 5 6 7 8 9 10 14 15 16 
4 5 7 8 9 10 12 13 14 15 16 
4 5 7 9 10 12 13 14 15 16 
4 5 7 9 10 12 14 15 16 
4 5 7 8 11 12 14 15 16 
4 5 7 8 11 12 14 15 16 
4 5 7 11 12 13 14 15 16 
4 5 6 7 10 11 12 14 15 16 
4 5 6 7 8 9 10 11 12 14 15 16 
4 5 6 7 8 9 10 11 12 14 15 16 
4 6 7 9 11 12 15 16 
4 5 7 9 11 12 15 16 
4 5 6 7 9 10 11 12 14 15 16 
4 6 7 9 10 11 12 15 16 
4 5 6 9 10 11 12 15 16 
4 5 7 9 10 11 12 14 15 16 
4 5 9 10 11 12 15 16 
4 5 10 11 12 15 16 
4 5 7 8 10 11 12 14 15 16 
4 8 10 11 12 14 15 
4 5 8 10 11 12 15 16 
4 7 8 10 11 12 14 15 16 
4 5 7 8 10 11 14 15 16 
4 5 6 7 8 10 11 12 14 15 16 
4 5 6 7 8 10 11 14 15 16 
4 5 6 7 8 10 11 12 14 15 16 
4 5 6 7 8 10 11 14 15 16 
4 5 6 8 10 11 12 14 15 16 
4 5 7 8 10 12 14 15 16 
4 8 10 12 14 15 16 
5 8 10 12 14 15 16 
5 8 10 11 12 14 15 16 
7 8 10 11 12 14 15 16 
5 7 8 10 11 12 14 15 16 
7 8 10 11 12 14 15 16 
7 8 11 12 14 15 16 
3 7 8 11 12 15 16 
3 4 7 8 11 12 15 16 
3 4 6 7 8 10 11 12 14 15 16 
5 6 7 8 10 11 12 14 15 16 
5 6 7 8 10 11 12 15 16 
5 6 7 8 10 11 12 15 16 
5 6 7 8 10 11 12 15 16 
6 7 8 10 11 12 15 16 
6 7 8 10 11 12 15 16 
5 6 7 8 10 12 15 16 
6 7 8 10 12 15 16 
6 7 8 10 12 14 15 16 
7 8 12 14 15 16 
7 10 12 14 15 16 
7 10 12 14 15 16 
7 8 10 12 14 15 16 
7 12 14 15 16 
7 8 12 14 15 16 
7 8 12 15 16 
6 7 8 10 12 15 16 
6 7 8 9 10 12 15 16 
6 7 8 9 10 12 15 16 
6 7 8 9 10 11 12 15 16 
6 7 8 9 10 11 12 15 16 
6 7 8 9 10 11 12 15 16 
6 7 8 10 11 12 15 16 
5 6 7 8 10 11 12 15 16 
6 7 8 9 10 11 12 14 15 16 
5 6 7 8 9 10 11 12 14 15 16 
5 6 7 8 9 10 11 12 16 
5 6 7 10 11 12 14 15 16 
5 6 7 9 10 11 12 15 16 
5 6 7 8 9 10 11 12 15 16 
4 5 7 11 12 15 16 
4 5 7 8 9 11 12 15 16 
5 7 8 9 11 12 15 16 
5 7 8 9 11 12 15 16 
5 7 11 12 15 16 
5 6 7 8 10 11 12 15 16 
5 6 7 8 9 10 11 12 15 16 
5 7 9 10 11 12 15 16 
4 5 7 8 9 10 11 12 15 16 
4 5 7 10 11 12 14 15 16 
4 5 7 10 11 12 14 15 16 
4 5 7 8 9 10 11 12 14 15 16 
4 5 7 8 9 10 11 14 15 16 
4 5 7 8 9 10 11 12 14 15 
4 5 7 8 9 10 11 12 14 15 
4 8 9 10 11 12 14 15 16 
4 7 8 9 10 11 14 15 
4 7 8 9 10 11 12 14 15 16 
4 7 8 9 10 11 12 14 15 
4 7 9 10 11 14 15 16 
4 7 10 11 14 15 16 
4 5 8 9 10 11 12 14 15 16 
4 5 7 8 9 10 11 12 13 14 15 16 
4 5 7 8 9 10 11 12 13 14 15 16 
4 8 9 10 11 12 13 14 15 
4 5 8 9 10 11 12 14 15 
4 5 8 9 10 11 14 15 
8 9 10 11 14 15 
8 10 11 12 14 15 
5 8 10 11 12 14 15 
7 8 10 11 12 14 15 16 
7 8 9 10 11 12 13 14 15 16 
7 8 9 10 12 14 15 16 
7 8 9 10 11 14 15 16 
4 7 8 9 10 11 14 15 16 
4 7 8 9 10 11 12 14 15 16 
4 7 8 10 11 12 14 15 16 
4 5 7 8 9 10 11 12 16 
4 7 8 9 10 12 16 
4 7 8 9 10 12 16 
4 7 8 9 10 11 12 16 
4 7 8 9 10 11 12 15 16 
4 7 9 10 11 12 15 16 
4 9 10 11 14 15 
4 5 8 9 10 11 14 15 
4 8 9 10 11 12 14 15 
4 6 8 10 11 12 14 15 
4 6 8 9 10 11 14 15 
4 6 8 10 11 12 14 15 
4 5 6 8 10 11 12 14 15 16 
4 5 6 8 10 11 12 14 15 16 
4 6 8 10 11 12 14 15 16 
4 6 7 8 9 10 11 12 14 15 16 
4 5 6 7 8 9 10 11 14 15 16 
4 5 6 7 8 9 10 11 12 14 15 16 
4 5 8 10 11 14 15 16 
4 5 8 9 11 14 16 
4 5 8 9 10 11 12 14 16 
4 8 10 11 12 14 16 
4 6 8 10 11 12 14 16 
4 5 6 8 10 11 14 
4 5 6 8 10 11 
4 5 6 8 9 10 11 12 13 14 
4 5 8 9 10 11 
4 5 8 10 11 
4 7 8 9 10 11 12 
4 7 8 10 11 12 
4 7 8 10 12 
4 7 8 10 12 
4 7 8 10 12 
4 7 8 10 12 
4 5 7 8 9 10 11 
4 7 8 10 11 12 14 
4 5 7 8 10 11 14 
4 5 7 8 10 11 14 
4 5 7 8 9 10 11 12 14 
4 5 7 8 10 11 12 14 15 
4 5 7 8 9 11 14 15 
4 7 8 11 15 
4 7 8 11 15 
4 5 7 8 10 11 15 
4 7 8 10 11 15 
4 5 7 8 10 11 14 15 16 
4 7 8 10 11 14 15 16 
4 7 8 10 11 14 15 16 
4 7 8 10 11 14 15 16 
4 7 8 10 11 14 15 16 
4 7 8 9 10 11 14 16 
4 7 8 10 11 14 16 
4 7 8 9 10 11 14 
4 6 7 8 9 10 11 12 14 16 
4 7 8 10 11 12 14 
4 7 8 10 11 12 14 16 
4 7 8 10 11 12 14 16 
4 5 7 8 9 10 11 12 14 
4 7 8 9 10 11 12 14 
4 7 8 10 11 12 14 
4 7 8 10 11 12 
4 7 8 10 11 12 13 14 
4 5 7 8 9 10 11 12 14 
4 6 7 8 10 11 12 14 15 
4 5 7 8 10 11 12 13 14 
4 5 7 8 10 11 12 13 14 
4 5 7 8 10 11 12 14 
7 8 10 11 12 14 15 
4 5 7 8 10 11 12 14 15 
4 7 8 9 10 11 12 14 
4 7 8 9 10 11 12 14 
4 7 8 9 10 11 12 14 
4 7 8 9 10 11 12 14 
4 7 8 9 10 11 12 13 14 
4 7 8 9 10 11 14 15 
4 5 7 8 9 10 11 14 
7 8 10 11 13 14 
4 7 8 10 11 14 
4 7 8 10 11 14 
4 7 8 10 11 14 
7 8 10 11 14 
4 5 7 8 9 10 11 14 
4 5 7 8 9 10 11 14 
4 5 7 8 9 10 11 14 15 
4 5 7 8 9 10 11 14 15 
5 7 8 9 10 11 14 
5 7 8 9 10 11 14 
4 5 6 7 8 9 10 11 14 
3 4 5 6 7 8 9 10 11 14 
4 5 6 7 8 9 10 11 14 15 
4 5 7 8 9 10 11 14 15 
4 5 7 8 9 10 11 14 
4 5 7 8 9 10 11 14 15 
4 5 7 8 9 10 14 
4 5 6 7 8 9 10 14 
4 5 6 7 8 9 10 11 14 
4 5 6 7 8 9 10 11 14 
4 5 6 7 8 10 11 14 
4 5 6 7 8 10 11 14 
4 5 6 7 8 10 11 14 
4 5 6 7 8 10 11 14 
4 5 6 7 8 10 11 14 15 16 
4 5 6 7 8 10 15 16 
4 5 6 7 8 11 15 16 
4 5 8 11 15 16 
4 7 8 11 15 16 
4 5 8 11 14 15 16 
4 7 8 11 14 15 16 
4 5 7 8 10 11 14 15 16 
4 5 8 10 11 15 16 
4 5 8 10 11 14 15 16 
4 5 7 8 10 11 15 16 
4 5 6 10 14 15 16 
4 5 7 8 10 15 16 
4 5 6 7 10 11 15 16 
4 5 7 8 10 14 15 16 
4 5 7 8 10 14 15 16 
4 5 8 10 11 14 15 16 
4 5 7 8 10 11 12 14 15 16 
4 7 8 10 11 14 15 16 
5 8 10 11 12 14 15 16 
4 5 8 10 11 14 15 16 
4 8 10 14 15 16 
4 7 8 10 11 12 14 15 16 
4 5 8 14 15 16 
4 11 15 16 
4 11 15 16 
4 10 11 15 16 
4 7 10 11 15 16 
4 6 7 8 10 11 12 15 16 
4 8 10 11 12 15 16 
3 4 6 7 8 9 10 11 12 15 16 
4 8 10 11 15 16 
4 8 10 11 12 15 16 
4 8 9 10 11 12 15 16 
4 8 10 11 12 14 15 16 
3 4 7 8 11 12 14 15 
10 11 12 14 15 
7 8 10 11 12 14 15 
7 8 10 11 14 15 
7 8 10 12 14 15 
6 7 8 10 14 15 
6 7 8 10 14 15 
6 7 10 11 12 14 15 
6 8 10 12 14 15 
6 8 10 12 14 15 
5 6 8 10 14 15 16 
6 8 10 12 14 15 16 
6 8 10 12 14 15 16 
4 6 8 10 11 12 14 15 16 
6 7 8 10 11 12 14 15 16 
6 7 8 10 11 12 15 16 
6 7 8 10 11 12 15 16 
6 7 8 10 11 12 15 16 
4 6 7 10 11 12 14 15 16 
4 5 6 7 10 11 12 14 15 16 
4 5 6 7 10 11 12 15 16 
6 7 8 10 11 12 14 15 16 
4 5 6 7 8 11 12 14 15 16 
4 5 6 7 10 11 12 14 15 16 
5 6 7 10 11 12 15 16 
4 5 6 7 8 9 10 11 12 15 16 
4 5 6 7 8 9 10 11 12 14 15 16 
5 6 7 8 10 11 12 14 15 16 
4 5 6 7 8 10 11 14 15 16 
4 5 6 7 8 10 11 15 16 
4 6 7 8 10 11 14 15 16 
4 6 7 8 10 11 14 15 16 
5 6 7 8 10 11 14 15 16 
6 7 10 11 14 15 16 
6 9 10 15 16 
6 9 10 12 15 16 
6 7 8 9 10 12 15 16 
5 7 8 9 10 12 14 15 16 
5 8 9 10 12 14 15 16 
4 8 9 10 12 14 15 16 
4 5 8 9 10 12 14 15 16 
4 5 8 10 12 14 15 16 
4 5 8 9 10 12 14 15 16 
5 9 12 14 15 16 
5 9 12 14 15 16 
5 9 12 14 15 16 
4 5 7 8 9 12 15 16 
5 7 8 11 12 15 16 
4 5 7 8 11 12 15 16 
5 7 8 11 12 14 15 16 
4 7 8 11 15 16 
5 7 11 15 16 
7 8 11 12 15 16 
7 8 11 15 16 
7 8 11 14 15 16 
4 6 7 11 12 14 15 
4 7 8 11 12 14 15 16 
4 7 11 12 15 
4 7 11 12 15 16 
4 6 7 11 12 14 15 16 
7 10 11 12 14 15 16 
7 10 11 12 14 15 16 
4 7 10 11 12 15 16 
7 9 10 11 12 15 16 
4 7 8 9 10 11 12 15 16 
7 9 10 11 12 15 16 
7 10 11 15 16 
4 7 8 9 10 11 14 15 16 
4 7 10 11 14 15 16 
4 7 8 9 10 11 14 15 16 
4 7 8 10 11 14 15 16 
4 7 8 10 11 12 14 15 16 
4 7 8 10 11 12 14 15 16 
4 7 8 10 11 14 15 16 
4 7 8 10 11 14 15 16 
4 7 8 10 11 14 15 16 
4 7 8 10 11 14 15 16 
4 7 8 9 10 11 14 15 16 
4 7 8 9 10 11 14 15 16 
4 7 8 9 10 11 14 15 16 
4 7 8 9 10 11 14 15 16 
7 8 9 10 11 12 14 15 16 
7 8 10 11 14 15 16 
4 7 8 10 11 14 15 16 
7 8 10 11 12 14 15 16 
4 7 8 10 11 14 15 16 
7 8 10 11 14 15 16 
7 8 10 11 14 15 16 
7 8 10 11 14 15 16 
4 7 8 10 11 12 14 15 16 
4 7 8 10 11 12 14 15 16 
4 6 7 8 10 11 12 14 15 16 
4 5 7 8 10 11 12 14 15 16 
4 7 8 10 11 12 14 15 16 
4 7 8 10 11 14 15 16 
4 7 8 10 11 12 14 15 
4 7 8 10 11 14 15 16 
4 7 8 10 11 12 14 15 16 
4 6 7 8 10 11 14 15 16 
6 7 8 10 11 12 14 15 16 
4 7 8 10 11 14 15 16 
7 8 10 11 14 15 16 
7 8 10 11 12 14 15 16 
7 8 10 11 12 14 16 
7 8 10 11 14 
7 8 10 11 14 
7 8 10 11 14 
7 8 10 11 12 14 
7 8 10 11 13 14 
7 8 9 10 11 14 
7 8 9 10 11 14 15 
7 8 9 10 11 13 14 15 
4 7 8 9 10 11 12 14 
4 7 8 9 10 11 12 14 
4 7 8 9 10 11 12 13 14 
7 8 10 11 14 
4 7 8 10 11 12 14 
4 7 8 9 10 11 12 14 15 
4 7 8 10 11 12 14 15 
4 5 7 8 9 10 11 12 14 
4 5 7 8 9 10 11 12 14 
5 7 8 9 10 11 12 14 
4 5 6 7 8 9 10 11 12 14 
4 5 7 8 9 10 11 14 
4 7 8 10 11 14 
5 7 8 10 11 14 
4 5 7 8 10 11 14 
4 5 7 8 10 11 13 14 15 
4 5 7 8 9 10 11 13 14 15 
4 5 7 8 9 10 11 14 
4 5 7 8 9 10 11 14 
4 6 7 8 9 10 11 13 14 
4 7 8 9 10 11 13 14 
4 5 7 8 9 10 11 14 15 
4 7 8 9 10 11 14 15 
4 7 8 10 11 14 
3 4 7 8 10 11 14 
3 4 7 8 9 10 11 14 
4 7 8 9 10 11 12 14 
4 7 8 10 11 12 14 15 
2 7 8 10 11 12 14 
7 8 10 11 12 14 
4 7 8 10 11 12 14 
7 8 10 11 12 13 14 
4 7 8 9 10 11 12 13 14 
4 5 7 8 9 10 11 12 13 14 
4 5 7 8 9 10 11 12 14 
4 5 7 8 9 10 11 12 14 
4 5 6 7 8 9 10 11 12 14 
4 5 6 7 8 9 10 11 12 14 
4 5 6 7 8 10 11 12 14 
4 5 7 8 10 11 12 13 14 
4 5 6 7 8 9 10 11 12 14 
4 5 6 7 8 9 10 11 14 
4 5 7 8 9 10 11 12 14 15 
4 5 6 7 8 9 10 11 12 13 14 15 
4 5 6 7 8 10 11 13 14 15 
4 6 7 8 9 10 11 14 
4 7 8 9 10 11 14 
4 7 8 9 10 11 14 
6 7 8 9 10 11 14 
5 7 8 10 11 14 
5 7 8 10 11 14 
4 5 7 8 10 11 14 
7 8 10 11 14 
4 7 8 10 11 
4 7 8 10 11 
4 5 7 8 9 10 11 14 15 
4 5 7 8 9 10 11 12 14 15 
4 5 7 8 9 10 11 14 15 
4 7 8 9 10 11 14 
4 5 7 8 10 11 14 
4 5 7 8 10 11 13 14 
4 5 7 8 10 11 14 
4 5 7 8 10 11 13 14 15 
5 6 7 8 9 10 11 12 14 15 
4 5 6 7 8 9 10 11 12 14 
4 5 6 7 8 9 10 11 12 14 
4 5 6 7 8 9 10 11 12 14 15 
4 5 7 8 9 10 11 14 
5 7 8 9 10 11 14 15 
5 7 8 9 10 11 14 15 
4 5 7 8 10 11 12 14 
4 5 7 8 10 11 12 14 
4 5 7 8 10 11 14 
4 5 7 8 11 14 15 16 
5 8 11 12 13 14 15 16 
4 5 7 8 10 11 13 14 15 16 
4 5 8 10 11 13 14 15 16 
4 5 7 8 10 11 13 14 15 16 
4 5 7 8 9 10 11 14 15 16 
4 8 9 10 14 15 16 
4 7 9 10 15 16 
4 5 7 8 10 13 14 15 16 
4 10 15 16 
4 5 8 10 14 15 16 
4 5 8 9 10 14 15 16 
4 7 8 10 12 14 15 16 
4 5 8 10 12 14 15 16 
4 5 7 8 10 12 14 15 16 
4 5 7 8 9 10 11 12 14 15 16 
5 7 8 9 10 11 12 14 15 16 
5 8 9 11 12 14 15 16 
5 8 9 10 11 14 15 16 
5 7 8 11 14 15 16 
5 8 9 11 15 16 
5 11 12 15 16 
5 6 7 8 11 14 15 16 
5 7 11 12 14 15 16 
5 11 15 16 
5 10 11 15 16 
5 8 9 10 11 12 15 16 
5 10 11 12 14 15 16 
5 8 9 10 11 12 14 15 16 
5 8 9 10 11 12 15 16 
5 9 10 12 15 
5 8 9 10 12 15 
5 8 9 10 11 12 15 16 
5 8 9 10 12 15 16 
5 8 9 10 12 14 15 16 
5 9 10 14 15 16 
5 8 9 10 14 15 16 
5 8 9 10 12 14 15 16 
5 7 8 9 10 12 14 15 16 
5 8 9 10 12 14 15 16 
5 8 14 15 16 
5 7 8 12 15 16 
5 12 15 16 
5 7 8 12 15 16 
5 12 15 16 
5 7 8 12 13 14 15 16 
9 14 15 16 
5 9 11 12 14 15 16 
7 11 12 15 16 
7 11 15 16 
5 9 15 16 
7 8 11 12 14 15 16 
5 6 7 10 11 14 15 16 
5 6 7 10 11 15 16 
5 6 7 8 10 14 15 16 
5 14 15 16 
5 6 8 15 
5 7 8 9 15 16 
5 6 15 16 
5 14 15 16 
5 6 8 10 12 14 15 16 
5 15 16 
5 6 8 9 12 14 15 16 
5 9 14 15 16 
5 12 14 15 
5 8 9 12 14 15 16 
5 7 8 9 11 12 15 16 
5 9 12 15 16 
5 8 12 15 16 
5 8 9 12 15 16 
5 9 15 16 
5 9 12 15 16 
5 8 9 12 15 16 
5 9 12 14 15 16 
5 9 12 14 15 16 
5 8 9 12 14 15 16 
5 8 9 12 15 16 
5 6 8 9 12 15 16 
5 6 8 12 14 15 16 
5 7 8 9 12 14 15 16 
5 7 8 9 12 15 16 
5 7 8 9 12 15 16 
7 9 11 12 
7 8 11 12 13 
5 7 9 11 15 16 
5 7 9 11 12 
5 7 11 12 15 16 
5 7 8 11 12 15 16 
4 5 7 11 12 15 16 
4 5 7 9 11 12 
5 7 9 11 12 
5 7 9 11 12 
5 7 8 9 11 12 
4 7 8 9 11 12 
6 7 10 11 12 16 
6 7 10 11 12 
4 7 10 11 
4 5 7 10 11 12 14 15 
4 5 6 7 8 10 11 15 
4 7 8 9 10 11 12 13 15 
4 6 7 8 10 11 12 15 
4 7 10 11 15 
7 9 10 11 14 15 
8 9 10 11 14 15 
7 8 10 11 12 14 15 16 
4 7 10 11 14 15 16 
4 5 7 8 10 11 14 15 16 
4 7 8 10 11 14 15 16 
4 7 8 10 11 14 15 16 
4 7 8 10 11 12 14 16 
4 7 8 9 10 11 14 
4 7 8 9 10 11 14 
4 7 8 9 10 11 14 15 
4 7 8 9 10 11 14 15 
4 5 7 8 9 10 11 14 
4 5 7 8 9 10 11 12 14 
4 6 7 8 10 11 14 16 
4 5 7 8 9 10 11 12 14 15 16 
4 7 8 10 11 14 16 
4 7 8 9 10 11 14 15 
4 7 8 10 11 12 14 16 
4 7 8 10 11 12 14 16 
4 7 8 10 11 12 14 15 16 
4 7 8 10 11 12 14 16 
4 7 8 10 11 12 14 16 
4 5 7 8 10 11 12 14 15 16 
4 5 7 8 10 11 12 14 15 16 
4 7 8 10 11 12 14 15 
4 7 8 10 11 12 14 15 
4 7 8 10 11 14 15 
4 7 8 10 11 12 14 15 
4 7 8 10 11 12 13 14 15 
4 7 8 10 11 12 14 15 
4 7 8 9 10 11 12 14 15 16 
4 5 7 8 9 10 11 12 14 15 16 
4 5 7 8 9 10 11 12 14 15 16 
4 7 8 10 11 12 14 15 16 
3 4 5 7 8 9 10 11 12 14 15 16 
4 5 7 8 9 10 11 12 14 15 16 
3 4 5 6 7 8 9 10 11 12 14 16 
3 4 5 7 8 9 10 11 12 13 14 
4 5 7 8 9 10 11 12 13 14 16 
4 5 7 8 9 10 11 12 13 14 
4 5 7 8 9 10 11 12 14 
4 7 8 10 11 12 14 
4 7 8 9 10 11 12 14 15 
4 6 7 8 9 10 11 14 15 
4 6 7 8 9 10 11 14 15 
4 7 8 9 10 11 12 14 15 
4 7 8 10 11 12 14 15 
3 4 6 7 8 10 11 12 14 15 
4 5 7 8 10 11 12 14 15 
4 7 8 10 11 12 14 15 
4 5 7 8 9 10 11 12 14 15 
4 7 8 10 11 12 14 15 16 
4 5 7 8 9 10 11 12 14 15 16 
4 5 6 7 8 9 10 11 12 13 14 15 16 
4 7 8 9 10 11 12 14 15 16 
4 7 8 9 10 11 12 14 15 16 
4 7 8 9 10 11 12 14 15 16 
4 5 7 8 9 10 11 14 15 16 
4 5 7 8 9 10 11 14 15 16 
