2 3 4 5 6 
2 3 4 5 
2 3 4 5 
2 3 4 5 6 7 
2 3 4 5 6 7 
2 3 4 5 6 7 
2 3 4 5 6 7 
2 3 4 5 6 7 
2 3 4 5 6 
2 3 4 5 6 7 
2 3 4 5 6 7 
2 3 4 5 6 7 
2 3 4 5 6 
3 4 5 6 
2 3 4 5 7 
2 3 4 5 6 7 
2 3 4 5 6 7 
2 3 4 5 6 
2 3 4 5 6 
2 3 4 5 6 7 
2 3 4 5 6 7 
2 3 4 5 6 7 
2 3 4 5 6 7 
2 3 4 5 6 7 
2 3 4 5 6 
2 3 4 5 6 7 
2 3 4 5 6 7 
2 3 4 5 6 7 
2 3 4 5 6 7 
2 3 4 5 6 7 
2 3 4 5 6 7 
2 3 4 5 6 7 
3 4 5 6 
2 3 4 5 6 7 
2 3 4 5 6 
2 3 4 5 6 7 
2 3 4 5 6 7 
2 3 4 5 6 
3 4 5 6 
2 3 4 5 7 
2 3 4 5 6 7 
2 3 4 5 6 
2 3 4 5 6 7 
2 3 4 5 6 7 
2 4 5 6 
2 3 4 5 
3 4 5 
2 3 4 5 6 7 
2 3 4 5 6 7 8 
2 3 4 5 6 7 
2 3 4 5 6 7 
2 3 4 5 6 7 8 
2 3 4 5 6 7 8 
2 3 4 5 6 7 8 
2 3 4 5 6 7 8 
2 3 4 5 6 7 8 14 
2 3 4 5 6 7 8 10 14 
3 4 5 7 8 12 14 
2 3 4 5 6 7 8 9 10 12 13 14 
2 3 4 5 6 7 8 9 12 13 
2 3 4 5 6 7 8 10 12 13 17 
2 3 4 5 6 7 8 10 
2 3 4 5 6 7 8 10 
2 3 4 5 6 7 8 
2 3 4 5 6 7 8 12 
2 3 4 5 6 7 8 9 12 13 
3 4 5 6 7 8 9 12 13 
3 4 7 8 9 12 13 16 17 
2 3 4 5 6 7 8 
2 3 4 5 6 7 8 12 
2 3 4 5 6 8 9 12 13 
3 4 5 6 7 8 9 12 13 
2 3 4 6 7 12 13 17 
3 4 5 6 
2 3 4 5 6 7 
2 3 4 6 7 
2 3 4 5 6 
2 3 4 5 
2 3 4 5 6 7 
2 3 4 5 6 7 
2 3 4 5 6 
2 3 4 5 6 7 
2 3 4 5 6 7 
4 
2 4 5 
4 5 
3 4 5 
3 4 5 
2 3 4 5 6 
2 3 4 5 6 
2 4 5 6 9 13 
2 4 5 6 8 9 12 13 
4 5 8 9 12 13 
2 4 5 8 9 12 13 
2 4 5 7 8 9 13 
2 3 4 7 8 9 12 13 
3 4 7 8 9 12 13 
2 3 4 7 8 9 12 13 
2 3 4 5 6 7 8 
2 3 4 5 6 7 8 
2 3 4 5 6 7 8 9 13 
2 3 4 5 6 7 9 13 
2 3 4 5 6 7 8 9 
2 3 4 6 7 8 9 
2 3 4 5 6 7 8 9 13 
2 4 5 6 8 9 13 
2 4 5 6 8 9 
2 4 5 6 8 9 
2 3 4 5 6 7 8 9 
2 3 4 5 6 7 8 9 
3 4 5 6 7 
3 4 5 6 
3 4 5 
2 3 5 
2 3 5 
2 4 5 
2 3 4 5 6 7 15 16 
2 3 4 6 7 12 15 16 
2 3 6 7 11 12 15 16 
2 3 7 11 12 15 16 
2 3 7 11 
2 3 4 7 8 11 
2 3 4 7 8 11 12 
2 3 4 7 8 9 11 12 13 
2 3 4 5 7 8 9 11 12 13 17 
2 3 4 5 7 8 9 11 
2 3 4 5 7 8 9 11 
2 3 4 5 7 8 9 
2 3 4 5 7 8 9 
2 3 4 5 7 8 9 
2 3 4 5 7 8 9 
3 4 5 7 8 9 10 11 14 15 
2 3 4 5 7 8 9 10 11 14 15 
2 4 5 7 8 9 10 11 14 15 
3 4 5 7 8 9 10 11 12 14 15 16 
3 4 5 6 7 8 9 10 11 12 14 15 16 
2 3 5 6 7 9 11 12 15 16 
2 3 5 6 7 9 11 12 13 15 16 17 
2 3 5 6 9 
2 5 6 9 
2 3 4 5 6 9 14 
2 5 6 9 11 14 15 
2 5 6 9 10 11 14 15 
2 5 6 10 11 14 15 
2 3 4 5 6 10 11 14 15 
2 5 6 10 11 14 15 
2 4 6 10 11 12 14 15 16 
2 3 4 6 10 11 12 14 15 16 
2 5 6 10 11 12 14 15 16 
2 11 12 15 16 
4 
4 5 
2 6 
2 3 4 5 
2 
2 3 
2 3 
2 6 
2 3 5 6 
2 3 6 7 
2 3 6 7 
3 6 7 
2 3 4 7 8 
2 3 4 7 8 
2 3 4 8 9 12 13 
2 8 9 12 13 17 
2 
2 
2 
2 
2 
2 4 
2 6 
2 6 14 
2 3 4 6 10 14 
4 6 10 11 14 15 
4 6 10 11 14 15 
4 5 6 10 11 12 14 15 16 
10 11 12 14 15 16 
4 5 11 12 13 15 16 17 
5 11 12 13 15 16 17 
12 13 16 17 


17 

4 5 

2 
2 
4 
6 10 
4 6 7 10 11 14 
3 4 6 7 10 11 14 
3 4 5 6 7 10 11 
4 6 7 10 11 
2 4 6 7 8 10 11 
2 3 6 7 8 10 11 12 
2 3 4 6 7 8 10 11 12 
2 3 4 6 7 8 14 
2 3 4 5 6 7 8 9 10 11 14 
3 4 5 6 7 8 9 10 11 
3 4 5 6 7 8 9 10 11 12 
2 3 4 5 6 7 8 9 10 11 12 
2 3 4 5 6 7 8 9 10 14 
2 3 4 5 6 7 8 9 10 11 14 
2 3 5 6 7 8 9 10 11 
2 3 4 5 6 7 8 9 10 11 
2 3 4 5 6 7 8 9 
2 3 4 5 7 8 9 10 14 
2 3 4 5 6 7 8 9 10 11 14 
2 3 4 5 6 7 8 9 10 11 
2 3 4 5 7 8 9 11 12 14 
2 4 5 6 7 8 9 10 11 
2 3 4 5 6 7 8 9 10 11 
2 3 4 5 7 8 9 10 11 12 
2 3 4 5 6 7 8 9 10 11 14 
2 3 4 5 6 7 8 9 10 11 
2 3 5 6 7 8 9 10 11 12 
2 5 6 7 8 9 10 11 
2 3 4 5 6 7 8 9 10 
2 3 4 5 6 7 8 9 10 11 14 
2 4 5 6 7 8 9 10 11 
2 4 5 7 8 9 11 12 
2 4 5 6 7 8 9 10 
2 4 5 6 7 8 9 10 11 14 
2 4 5 6 7 8 9 10 11 12 
2 5 7 8 9 11 12 
2 3 4 5 6 7 8 9 10 14 
3 4 5 6 7 8 9 10 11 
2 3 4 5 7 8 9 11 12 
2 3 4 5 6 7 8 9 10 14 
2 3 4 5 6 7 8 9 10 11 
3 4 5 6 7 8 9 11 
2 3 4 5 6 7 8 9 10 
2 3 4 5 6 7 8 9 10 11 14 
2 3 4 5 6 7 8 9 10 11 
3 4 5 7 8 9 10 11 12 
2 3 4 5 6 7 8 9 10 11 14 
2 3 4 5 6 7 8 9 10 11 
2 3 4 5 6 7 8 9 10 11 12 14 
2 3 4 5 6 7 8 9 10 11 14 
3 4 5 6 7 8 9 10 11 
2 3 4 5 6 7 8 9 11 12 
2 3 4 5 6 7 8 9 10 11 
2 3 4 5 6 7 8 9 10 11 14 
2 3 4 5 6 7 8 9 10 11 12 
2 3 4 5 6 7 8 9 11 12 
2 3 4 5 6 7 8 9 10 11 
2 3 4 5 6 7 8 9 10 11 14 
2 3 4 5 6 7 8 9 10 11 12 
3 4 5 6 7 8 9 
2 3 4 5 6 7 8 9 10 11 14 
2 3 4 5 6 7 8 9 10 11 
2 3 4 5 6 7 8 9 10 11 
3 4 5 6 7 8 9 14 
2 3 4 5 6 7 8 9 10 11 
2 3 4 5 6 7 8 9 11 
2 3 4 5 6 7 8 9 
3 4 5 6 8 9 10 
2 3 4 5 6 7 8 9 10 11 14 
2 3 4 5 6 7 8 9 10 11 12 
2 3 4 5 6 7 8 9 14 
2 3 4 5 6 7 8 9 10 11 14 
2 3 4 5 6 7 8 9 10 11 12 
2 3 4 5 6 7 8 9 10 
2 3 4 5 6 7 8 9 
2 3 4 5 6 7 8 9 10 11 14 
2 3 4 5 6 7 8 9 10 11 12 
2 3 4 5 6 7 8 9 
2 3 4 5 6 7 8 9 10 11 14 
2 3 4 5 6 7 8 9 10 11 
2 3 4 5 6 7 8 9 
2 3 4 5 6 7 8 9 10 11 14 
2 3 4 5 6 7 8 9 10 11 
2 3 4 5 6 7 8 9 
2 3 4 5 6 7 8 9 10 
2 3 4 5 6 7 8 9 10 11 
2 3 4 5 6 7 8 9 
3 4 5 6 8 9 10 
3 4 5 6 7 8 9 10 
2 3 4 5 6 7 8 9 
2 3 4 5 6 7 8 9 10 11 
2 3 4 5 6 7 8 9 
2 3 4 5 7 8 9 
2 3 4 5 6 7 8 9 10 
2 4 5 6 7 8 9 
3 4 5 8 9 
3 4 5 8 9 10 
2 3 4 5 6 7 8 9 10 11 
2 4 5 6 7 8 
3 4 5 6 8 9 
2 3 4 5 8 9 
2 3 4 5 6 7 9 
2 3 4 5 6 7 9 10 11 14 15 
2 3 4 5 6 7 10 11 14 15 
2 3 4 5 6 7 8 10 11 12 14 15 16 
2 3 4 5 
2 3 4 5 6 7 8 9 10 11 12 13 
2 3 4 5 6 7 8 9 10 11 12 13 
2 3 4 5 6 7 8 9 10 11 14 15 
2 3 4 5 6 7 8 9 10 11 14 15 
2 3 4 5 6 7 8 9 10 11 12 14 15 16 
2 3 4 5 6 7 8 9 10 11 12 13 16 17 
2 3 4 5 6 7 8 9 10 11 12 13 16 17 
2 3 4 5 6 7 8 9 10 11 
2 3 4 5 6 7 8 9 
2 3 4 5 6 8 9 
2 3 4 5 6 7 8 9 
2 3 4 5 6 9 
2 3 4 5 6 7 9 14 15 
2 3 4 5 6 7 9 10 11 14 15 
2 3 4 5 6 7 8 9 10 11 12 14 15 16 
2 3 4 5 6 7 8 9 11 12 13 15 16 17 
2 3 4 5 6 7 8 9 12 13 16 17 
2 3 4 5 6 7 8 9 10 11 13 17 
2 3 4 5 6 7 8 9 11 12 13 17 
3 4 5 6 8 9 
2 3 4 5 6 7 8 9 
2 3 4 5 6 7 9 
3 4 5 6 9 
2 3 4 5 6 7 9 
2 3 4 5 6 7 9 
2 3 4 5 6 9 
2 3 4 5 6 7 9 
2 3 4 5 6 7 
2 3 4 5 6 7 
2 3 4 5 6 7 
2 3 4 5 6 7 
2 3 4 5 6 7 
2 3 4 5 6 7 
2 3 4 5 6 7 
2 3 4 5 6 7 
2 3 4 5 6 7 
2 3 4 5 6 
2 3 4 5 6 
2 3 4 5 6 7 
2 3 4 5 6 7 
3 4 5 6 
2 3 4 5 6 7 
2 3 4 5 6 7 14 
3 4 5 6 14 
2 3 4 5 6 7 8 10 14 
2 3 4 5 6 7 8 10 
2 3 4 5 6 7 
3 4 5 6 7 
3 4 6 
3 4 
2 3 4 
2 3 4 
2 3 4 
2 3 4 
2 3 4 
2 3 4 
2 3 
2 3 
2 3 
2 3 4 7 
2 3 4 7 8 
2 3 4 7 8 
2 3 4 8 
2 3 4 5 6 7 8 9 10 
2 3 4 5 6 7 8 9 10 
2 3 4 5 6 7 8 9 10 
3 4 5 6 8 9 10 
2 4 5 6 8 9 
2 4 5 8 9 13 
2 3 4 5 8 9 13 
2 5 9 13 
2 5 9 13 
2 5 9 13 
2 3 4 5 8 9 12 13 
5 8 9 12 13 
5 8 9 
2 5 7 8 9 
5 7 8 9 
2 5 6 7 9 
2 5 6 7 9 
2 5 6 7 9 
2 3 5 6 9 
2 3 5 6 7 9 
2 3 4 5 6 7 9 
2 3 5 6 7 9 
2 3 5 6 7 9 10 13 
2 3 5 6 7 9 13 
2 3 5 6 7 9 13 
2 3 4 6 7 8 9 13 
2 3 4 6 7 8 9 10 12 
2 3 4 6 7 8 9 12 13 
3 4 6 7 8 9 13 17 
4 6 7 8 9 
4 6 7 8 9 
4 5 8 9 12 
4 5 8 9 12 13 
4 5 9 10 13 
5 9 13 
3 4 5 8 9 12 13 
4 5 8 9 12 13 
5 8 9 
5 7 8 9 
5 7 8 9 
3 4 5 7 9 10 
4 5 6 7 9 
3 4 5 6 7 9 
5 6 9 
5 6 9 10 
5 9 10 11 
5 6 7 10 11 
3 4 5 6 7 10 11 
3 4 5 6 7 8 10 11 12 
5 7 8 10 11 12 14 
4 5 7 8 10 14 
4 6 7 8 10 11 14 
6 7 8 9 10 11 
6 7 8 9 11 12 
5 7 8 9 10 14 
5 6 7 8 9 10 11 14 15 
2 4 5 6 7 8 9 10 11 12 
2 4 5 6 7 8 9 11 12 
2 3 4 5 7 8 9 10 
2 3 4 5 6 7 8 9 10 11 14 
2 4 5 6 7 8 9 10 11 
2 4 5 6 7 8 9 10 11 12 
4 5 7 8 9 11 12 
4 5 6 7 8 9 10 11 14 
4 5 6 7 8 9 10 11 
2 4 5 6 7 8 9 10 11 
2 5 7 8 9 
4 5 8 9 10 11 14 
2 4 5 6 7 8 9 10 11 
2 4 5 6 7 8 9 11 12 
2 3 4 5 6 8 9 10 
2 4 5 6 7 8 9 10 11 
2 5 6 7 8 9 
2 5 6 7 8 9 10 11 
2 4 5 6 7 8 9 10 11 
2 4 5 6 7 8 9 10 
2 4 5 6 7 8 9 10 11 14 
2 3 4 5 6 7 8 9 10 11 12 
2 5 7 8 9 
2 3 4 5 8 9 14 
2 4 5 6 7 8 9 10 11 14 
2 4 5 6 7 8 9 10 11 12 
5 6 7 8 9 10 
2 5 6 7 8 9 10 
4 5 6 7 8 9 10 11 14 15 
2 4 5 6 7 8 9 10 11 
2 3 4 5 6 7 8 9 10 11 12 
2 3 4 5 6 7 8 9 
2 3 4 5 6 7 8 9 10 
2 3 4 5 6 7 8 9 10 11 14 
3 4 5 6 7 8 9 10 11 14 
2 3 4 5 6 7 8 9 10 11 12 14 
2 3 4 5 6 7 8 9 10 11 12 
2 3 4 5 6 7 8 9 11 12 
4 5 6 8 9 10 
3 4 5 6 7 8 9 10 11 14 
3 4 5 6 7 8 9 10 11 12 
3 4 5 6 7 8 9 10 11 12 
3 4 5 6 7 8 9 
2 3 4 5 6 7 8 9 10 14 
2 3 4 5 6 7 8 9 10 11 14 
3 4 5 6 7 8 9 10 11 
3 4 5 6 7 8 9 
3 4 5 7 8 9 
2 3 4 5 6 7 8 9 10 
2 3 4 5 6 7 8 9 10 11 
2 3 4 5 6 7 8 9 
2 3 4 5 6 7 8 9 10 
4 5 6 7 8 9 10 11 14 15 
3 4 5 6 7 8 9 10 11 12 14 15 16 
2 3 4 5 6 7 8 9 11 12 13 15 16 17 
2 3 4 5 6 8 9 12 13 16 17 
2 3 4 5 6 7 8 9 12 13 16 17 
2 3 4 5 6 7 8 9 10 13 17 
3 4 5 6 7 8 9 
2 3 4 5 6 7 8 9 10 11 14 15 
2 3 4 5 6 7 8 9 10 11 12 14 15 
2 3 4 5 6 7 8 9 10 11 12 14 15 16 
2 3 4 5 6 7 8 9 10 11 12 13 
2 3 4 5 6 7 8 9 10 11 12 13 
2 3 4 5 6 7 8 9 10 11 
2 3 4 5 6 7 8 9 10 11 14 
2 3 4 5 6 7 8 9 10 11 
2 3 4 5 6 7 8 9 11 12 
2 3 4 5 6 7 8 9 
2 3 4 5 6 7 8 9 
2 3 4 5 6 7 8 9 10 11 14 
2 3 4 5 6 7 8 9 10 11 12 
3 4 5 6 7 8 9 
3 4 5 6 7 8 9 10 11 14 
2 3 4 5 6 7 8 9 11 
2 3 4 5 6 7 8 9 
2 3 4 5 6 7 8 9 
2 3 4 5 6 7 8 9 
2 3 4 5 6 7 9 
2 3 4 5 6 9 
3 4 5 9 
2 3 4 5 9 
2 3 4 5 6 7 10 11 
2 3 4 5 6 7 8 
2 3 4 5 6 7 8 
3 4 5 6 7 8 9 10 11 
2 3 4 5 6 7 8 9 
2 3 4 5 6 7 8 9 
2 3 4 5 6 7 8 9 
2 3 4 5 6 7 8 9 
2 3 4 5 6 7 9 
2 3 4 5 6 7 
2 3 4 5 6 7 10 
2 3 4 5 6 7 10 
3 4 5 6 7 8 
3 4 5 7 8 
2 3 4 5 6 7 8 9 
2 3 4 5 6 7 8 9 
2 3 4 5 6 7 8 9 
2 3 4 5 6 7 
2 3 4 5 6 7 
3 4 5 6 7 9 13 
3 4 5 6 9 13 
2 3 4 6 7 9 13 
2 3 4 5 6 7 9 13 
2 3 4 5 6 9 10 13 
3 4 5 6 7 9 10 13 
2 3 4 6 7 8 9 
2 3 4 5 6 7 8 9 
2 3 4 5 6 7 8 9 
2 3 4 5 6 8 9 
2 3 4 5 6 8 9 
2 3 4 5 7 9 
2 3 4 5 6 7 9 
2 3 4 5 6 9 
2 3 4 5 6 9 
3 4 5 9 
2 3 4 5 9 13 
2 3 4 5 9 13 
2 3 4 5 6 7 9 13 
2 3 4 5 6 7 8 9 
2 3 4 5 6 7 9 
2 3 4 5 6 7 9 
3 4 5 6 7 9 
2 3 4 5 6 9 
2 3 4 5 6 7 9 
2 3 4 5 6 9 
2 3 4 5 6 7 9 
2 3 4 5 6 7 9 
2 3 4 5 6 9 
3 4 5 6 9 
2 3 4 5 6 7 9 
2 3 4 5 6 7 9 
2 3 4 5 6 7 9 
3 4 5 6 9 
3 4 5 7 10 11 14 
2 3 4 5 6 7 8 10 11 
2 3 4 5 6 7 8 
2 3 4 5 6 7 8 9 
2 3 4 5 6 7 9 
3 4 5 6 9 
2 3 4 5 6 7 9 
2 3 4 5 6 7 9 
2 3 4 5 6 7 9 
2 3 4 5 6 7 
3 4 5 6 
2 3 4 6 7 
2 3 4 5 6 7 
2 3 4 5 6 7 8 10 11 12 
2 3 4 5 6 7 8 
2 3 4 5 6 8 9 
2 3 4 5 6 8 9 
2 3 4 5 6 7 9 
2 3 4 5 6 7 9 
2 3 4 5 6 9 
2 3 4 5 6 
2 3 4 6 7 
2 3 4 6 7 
2 3 4 6 7 
2 3 4 5 6 7 
2 3 4 5 6 
3 4 5 
2 3 4 5 
2 3 4 5 6 7 8 
2 3 4 5 6 7 8 
2 3 4 5 7 8 
2 3 4 5 7 8 
2 3 4 5 7 8 
2 3 4 5 6 7 8 
2 3 4 6 7 8 12 
2 3 4 5 6 8 9 12 13 
2 3 4 5 6 7 8 9 12 13 
2 3 4 5 6 7 13 17 
2 3 4 5 6 
2 3 4 6 
2 3 4 5 6 7 
2 3 4 5 6 7 
2 3 4 5 6 
2 3 4 5 6 7 
2 3 4 5 6 7 
2 3 4 5 6 7 
2 4 5 6 
2 3 4 5 
