2 3 4 6 7 8 
2 3 6 7 
2 3 6 7 
2 3 6 7 
2 3 6 7 
2 3 6 
2 3 6 
2 3 
2 3 10 14 
2 3 
2 3 
2 3 
3 

6 
2 6 10 14 
2 6 
2 6 9 
6 9 
6 9 
3 9 
3 9 
3 9 10 14 
2 3 6 
2 3 6 9 
2 3 6 
2 3 4 6 
2 3 4 9 10 14 
2 3 4 6 9 
2 3 4 6 10 14 
2 3 6 9 
2 3 9 
2 3 6 9 10 14 
2 3 6 10 14 
2 3 6 
2 3 6 
2 3 
2 3 
3 
3 6 
3 10 14 
3 6 13 
3 6 13 
2 3 6 9 13 
2 3 6 9 13 
2 3 6 9 13 
2 3 6 9 13 
2 3 6 7 9 13 
2 3 6 7 9 13 
2 3 6 7 9 
2 3 6 7 9 
2 3 6 7 11 
2 3 6 7 11 
2 3 4 6 7 8 11 12 
2 3 4 6 7 8 11 12 13 16 
2 3 4 6 7 8 12 13 16 17 
2 3 4 6 7 8 11 13 16 17 
3 4 6 7 8 11 13 
3 4 6 7 8 11 12 13 
4 6 7 8 11 12 13 16 17 
4 6 7 8 12 13 16 17 
4 5 6 7 8 9 11 17 
3 4 5 6 7 8 9 11 12 
4 5 6 9 11 12 13 15 16 17 
6 7 8 9 12 13 16 17 
6 7 8 9 
3 6 7 8 9 11 
6 7 8 9 11 12 13 
6 7 8 9 11 12 13 15 16 
2 6 7 8 9 12 13 16 17 
2 6 7 8 9 11 13 16 17 
2 3 7 8 9 11 12 13 
2 3 8 9 12 13 16 
2 3 4 8 9 12 16 17 
2 3 4 8 9 16 17 
2 3 4 8 9 
2 3 4 5 8 9 14 
2 3 4 5 8 9 10 14 
2 3 4 5 6 8 10 14 
6 8 10 
6 7 8 10 11 
6 7 8 10 11 
3 4 6 7 8 10 11 14 
4 6 7 8 10 14 
3 4 6 7 8 10 14 
3 4 6 7 8 10 11 
3 4 5 6 7 8 10 11 
2 3 4 5 6 7 8 10 11 
3 4 5 6 7 8 10 11 14 
4 5 6 7 8 10 14 
2 3 4 5 6 7 8 10 11 
3 4 5 6 7 8 10 11 
3 4 6 7 8 10 11 
2 3 4 6 7 8 10 11 
2 3 4 5 6 7 8 10 14 
4 5 6 7 8 10 14 
3 4 5 6 7 8 10 11 13 
3 4 6 7 8 10 11 13 17 
3 4 5 7 8 9 13 14 
2 3 4 5 6 7 8 10 13 14 
2 3 4 6 7 8 9 10 11 13 
3 4 6 7 8 9 10 11 13 
2 3 4 5 6 7 8 10 11 14 
2 3 4 5 6 7 8 10 14 
4 5 6 7 8 9 10 11 
3 4 5 6 7 8 9 10 11 
4 5 6 7 8 10 11 13 14 17 
4 7 8 9 10 11 13 14 17 
3 4 5 6 7 8 10 11 13 17 
3 4 5 6 7 8 10 11 13 17 
3 4 7 8 13 14 
3 4 5 6 7 8 9 10 12 13 14 
3 4 5 6 7 8 9 10 11 12 13 
2 3 4 6 7 8 11 
3 4 6 7 8 14 
2 3 4 5 6 7 8 9 10 11 14 
3 4 5 6 7 8 10 11 
3 4 6 7 8 10 11 
3 4 6 7 8 10 
2 3 4 5 6 7 8 10 14 
3 4 5 6 7 8 10 11 
3 4 5 6 7 8 10 11 
3 4 6 7 8 10 
3 4 5 6 7 8 
2 3 4 5 6 7 8 10 11 14 
3 4 6 7 8 10 11 14 15 
3 4 5 6 7 8 10 11 12 14 15 
3 4 5 6 7 8 9 10 11 12 
2 3 4 5 6 7 8 9 11 12 13 
2 3 4 5 6 7 8 13 
2 3 4 5 6 7 8 13 
2 3 4 5 6 7 8 9 10 13 14 15 
2 3 4 6 7 9 10 11 13 14 15 
2 3 4 6 7 8 9 10 11 13 14 15 16 
2 3 4 6 7 8 9 10 13 15 16 17 
2 3 6 7 8 9 10 14 15 16 17 
2 3 4 6 7 8 9 10 11 13 16 17 
2 3 4 6 7 8 9 11 
2 3 4 5 6 7 8 
2 3 4 5 6 7 8 
2 3 4 5 6 7 8 10 14 
2 3 4 6 7 8 10 11 
2 3 4 5 6 7 8 9 10 11 
2 3 4 5 6 7 8 10 11 12 
2 3 4 6 7 8 
2 3 4 6 7 8 10 14 
2 3 4 6 7 8 10 11 14 
2 3 4 5 6 7 8 10 11 
2 3 4 5 6 7 8 
2 3 4 6 7 8 
2 3 4 6 7 8 10 14 
2 3 4 6 7 8 10 11 
2 3 4 5 6 7 8 9 11 
2 3 4 5 6 7 8 9 
2 3 4 6 7 8 
2 3 4 6 7 8 
2 3 4 6 7 8 10 11 14 15 
2 3 4 5 6 7 8 10 11 14 15 
2 3 4 5 6 7 8 10 11 12 14 15 
2 3 4 6 7 8 10 11 12 
2 3 4 6 7 8 11 12 
2 3 4 6 7 8 
2 3 4 6 7 8 9 
3 4 5 6 7 8 9 
3 4 5 6 7 8 9 
3 4 5 6 7 8 9 13 
2 3 4 5 6 7 8 9 13 
2 3 4 5 6 7 8 9 13 
2 3 4 6 7 8 9 13 
2 3 4 6 7 8 
3 4 6 7 8 9 13 
3 4 7 9 13 
3 4 7 8 11 12 
3 4 5 7 8 9 11 12 
2 3 4 5 7 8 9 12 13 16 17 
3 4 5 7 8 9 12 13 16 17 
2 3 4 5 6 7 17 
3 4 6 7 
3 4 6 7 8 11 12 
2 3 4 5 6 7 8 11 12 
2 3 4 7 12 13 16 17 
3 4 7 12 13 16 17 
3 4 6 7 17 
2 3 4 6 7 
3 4 6 7 
3 4 6 7 
3 4 7 
2 3 4 6 7 8 
2 3 4 6 7 8 11 12 
2 3 4 6 7 8 11 12 
2 3 4 6 7 8 12 16 
2 3 4 7 8 11 12 13 16 17 
2 3 4 6 7 8 11 12 13 16 17 
2 3 4 6 7 8 12 17 
2 3 4 6 7 12 13 16 17 
2 3 4 6 9 12 13 16 17 
3 4 8 9 17 
2 3 4 6 8 9 
2 3 4 6 8 9 12 13 
2 3 4 6 8 9 12 13 
2 4 6 8 9 12 13 
2 8 9 12 13 17 
2 3 6 7 8 9 12 13 
6 7 8 13 
3 6 7 8 13 
3 6 7 8 9 12 13 
3 7 8 9 12 13 
3 6 7 8 9 13 
3 6 7 8 9 13 
3 6 7 8 9 13 
3 6 7 8 9 12 13 
3 6 7 8 9 12 13 17 
3 4 6 7 8 9 13 17 
3 4 6 7 8 9 13 
3 4 6 7 8 9 12 13 
2 3 4 5 6 7 8 9 12 13 
2 3 4 5 6 7 8 
3 4 7 8 13 17 
2 3 6 7 8 13 17 
2 3 6 7 8 9 12 13 
3 7 8 9 12 13 
3 7 8 13 17 
2 3 7 8 13 17 
2 3 6 7 8 13 17 
2 3 6 7 13 17 
3 7 9 12 13 
2 3 6 7 8 9 12 13 
2 3 6 7 
2 3 
2 3 
2 3 6 
3 
2 3 
2 3 6 
2 4 6 
2 6 
2 3 6 7 
2 3 6 7 
2 3 4 6 7 
2 3 6 7 
2 3 4 6 7 
2 3 6 7 
2 3 4 6 7 8 
2 3 4 6 7 8 
2 3 4 6 7 8 11 13 
2 3 4 6 7 8 11 13 
2 3 4 6 7 8 9 11 12 13 
2 3 4 6 7 8 11 12 16 
2 3 4 6 7 8 9 11 12 13 16 17 
2 3 4 5 6 7 8 9 11 12 13 16 17 
2 3 4 5 6 7 8 9 11 12 13 16 17 
2 3 4 5 6 7 8 9 11 12 16 17 
3 4 5 6 7 8 9 11 12 13 16 17 
3 4 6 7 8 11 12 13 16 17 
3 4 5 6 7 8 9 11 12 16 17 
3 4 6 7 8 11 12 16 
4 6 7 8 10 11 12 13 16 17 
4 6 7 8 11 12 13 16 17 
4 6 7 8 11 12 15 16 17 
4 6 7 8 9 10 11 12 13 15 16 17 
4 7 8 9 10 11 12 13 16 17 
4 7 8 9 11 12 13 16 17 
4 7 8 9 11 12 17 
3 4 8 9 11 12 13 15 16 17 
3 4 5 8 9 10 12 13 16 17 
3 4 5 8 9 10 16 17 
3 4 5 6 8 10 
4 6 8 10 14 
4 6 8 10 14 
3 4 6 7 8 10 11 14 
3 4 6 7 8 10 11 14 
3 4 6 7 8 10 11 14 
3 4 5 6 7 8 9 10 11 
3 4 5 6 7 10 11 
3 4 5 6 7 8 10 11 
2 3 4 6 7 8 14 
2 3 4 7 8 10 14 
2 3 4 7 8 10 14 
2 3 4 6 7 8 10 11 
2 3 4 6 7 8 10 11 14 
4 6 7 8 10 11 14 
4 6 7 8 10 11 
4 5 6 7 8 9 10 11 
4 5 6 7 8 10 11 14 
4 5 6 7 8 10 11 14 
4 7 8 10 11 
4 7 8 11 
4 7 8 11 
4 5 7 8 9 
4 5 7 8 
4 6 8 10 14 
4 5 6 7 8 10 11 
4 6 7 8 10 11 
4 6 7 8 10 11 
3 4 5 6 7 8 9 10 11 14 
3 6 7 8 10 11 
3 4 6 7 8 10 11 
2 3 4 6 7 8 
3 4 7 8 9 
2 3 4 5 6 7 8 9 
2 3 4 5 6 7 8 9 10 
2 3 4 5 6 7 8 10 11 14 
3 4 6 7 10 11 14 15 
3 4 5 6 7 8 10 11 14 15 
2 3 4 5 6 7 8 10 11 12 14 15 
2 3 4 5 6 7 8 10 11 12 
2 3 4 6 7 8 10 11 12 
2 3 4 5 6 7 8 10 11 
2 3 4 6 7 8 
2 3 4 5 6 7 8 9 
2 3 4 5 6 7 8 9 10 
3 4 5 6 7 8 9 10 11 14 
3 4 5 6 7 8 9 10 11 14 
3 4 6 7 8 9 10 11 
3 4 5 6 7 8 9 10 11 
3 4 6 7 8 9 10 11 
3 4 6 7 8 9 10 14 
3 4 6 7 8 9 10 14 
3 4 6 7 8 9 10 11 
3 4 6 7 8 9 10 11 14 
2 3 4 5 6 7 8 9 10 11 13 14 
2 3 4 6 7 8 9 10 11 13 
2 3 4 6 7 8 10 11 
2 3 4 5 6 7 8 9 10 11 13 
2 3 4 6 7 8 10 
2 3 4 5 6 7 8 9 10 13 14 
2 3 4 5 6 7 8 9 10 11 13 
3 4 5 6 7 8 10 11 13 
3 4 5 7 8 10 13 14 
3 4 5 6 7 8 10 11 13 17 
2 3 4 6 7 8 10 11 13 17 
2 3 4 5 6 7 8 10 11 13 17 
2 3 4 6 7 8 10 11 13 17 
2 3 4 6 7 8 10 
2 3 4 6 7 8 10 
2 3 4 6 7 8 
3 4 5 6 7 8 10 14 
3 4 5 6 7 8 10 11 
3 4 6 7 8 10 11 
3 4 7 8 
3 4 6 7 8 
2 3 4 6 7 8 10 14 
2 3 4 5 6 7 8 10 11 
2 3 4 5 6 7 8 9 10 11 
2 3 4 5 6 7 8 10 11 
2 3 4 5 6 7 8 
2 3 4 6 7 8 10 14 
3 4 6 7 8 10 11 14 15 
2 3 4 6 7 8 10 11 
2 3 4 5 6 7 8 9 
2 3 4 5 6 7 8 
2 3 4 6 7 8 10 14 
2 3 4 5 6 7 8 9 10 11 
2 3 4 5 6 7 8 9 11 
2 3 4 5 6 7 8 10 
3 5 6 7 8 10 11 
3 4 5 6 7 8 10 11 
2 3 4 6 7 8 10 11 12 
2 3 4 5 6 7 8 9 
2 3 4 6 7 8 
2 3 4 6 7 8 
2 3 4 6 7 8 
2 3 4 6 8 
2 3 4 5 7 
2 3 4 6 7 
2 3 4 6 7 
2 3 4 6 7 
2 3 4 6 7 
2 3 4 6 
2 3 4 6 7 
2 3 4 7 
2 3 4 7 
2 3 4 6 7 
2 3 4 7 
2 3 4 6 7 
2 3 4 7 
3 4 7 
2 3 4 6 7 11 
2 3 4 6 7 8 11 12 
3 4 6 7 8 11 12 
3 7 12 13 16 17 
2 3 4 7 12 13 16 17 
2 3 4 6 7 17 
2 3 6 7 8 11 12 
3 4 7 8 11 12 
2 3 4 6 7 12 13 16 17 
2 3 6 7 12 13 16 17 
2 4 6 7 8 11 12 17 
2 3 4 6 7 8 11 12 13 
2 3 4 6 7 9 11 12 13 15 16 17 
3 4 6 7 9 11 12 13 16 17 
3 4 6 7 8 9 11 12 13 16 17 
2 3 4 6 7 8 9 11 12 
2 3 6 7 8 9 11 12 15 16 
2 3 4 6 7 8 12 13 16 17 
2 3 4 6 7 8 16 17 
2 3 4 6 7 8 11 12 
3 4 7 8 11 12 
4 7 8 11 12 
4 8 12 13 16 17 
2 4 6 8 12 13 16 17 
3 4 5 8 9 17 
3 4 5 8 9 
2 3 4 5 6 8 9 12 13 
2 3 4 5 6 8 9 12 13 
3 4 5 8 9 12 13 
2 6 8 9 12 13 
3 4 8 12 
7 8 12 
2 6 7 8 
2 7 8 13 17 
2 4 7 13 17 
3 4 6 7 13 17 
3 4 6 7 12 13 
3 4 6 7 8 9 12 13 
2 3 6 7 8 9 12 13 
3 6 7 8 9 11 12 
2 3 4 7 8 
2 3 4 6 7 8 
2 6 7 8 
2 6 7 
2 6 7 
2 3 6 7 
2 3 6 7 
3 7 
2 3 6 7 
2 3 6 7 

2 
2 

2 6 
2 

2 6 




2 4 6 
2 6 14 
3 4 14 
3 4 6 14 
6 14 15 
6 14 15 
2 4 6 14 15 
3 6 10 11 12 14 15 16 
3 6 11 12 15 16 
3 6 7 12 13 16 17 
2 6 7 12 13 16 17 
6 7 11 13 17 
2 3 6 7 11 13 17 
2 3 6 7 8 11 12 13 
3 6 7 11 12 13 16 17 
3 6 7 8 11 12 13 16 17 
2 3 6 7 8 11 12 13 17 
3 4 6 12 13 16 17 
3 6 7 12 13 16 17 
2 3 6 7 
2 3 6 7 
6 7 10 11 
6 7 8 10 11 12 
2 6 7 8 11 12 
6 7 8 9 11 12 13 15 16 17 
2 6 7 8 9 11 12 13 15 16 17 
2 3 4 6 7 11 12 13 16 17 
6 7 11 
2 6 7 8 11 12 
3 4 6 11 12 16 
3 6 12 13 16 17 
3 6 7 17 
3 6 7 10 11 
3 7 11 12 
3 4 11 12 13 15 16 17 
3 16 17 
3 

2 3 6 
3 
2 3 

2 10 
2 10 
10 14 
6 10 14 
2 6 10 14 
2 6 10 
2 6 7 10 11 
2 3 6 7 10 11 
2 3 6 7 10 11 
2 3 6 7 8 10 11 
2 3 6 7 8 10 
2 3 6 7 8 10 
2 3 6 7 8 10 14 
2 3 4 6 7 8 10 11 14 
2 4 6 7 8 10 11 
2 4 5 6 7 8 10 11 
2 4 5 6 7 8 10 11 
2 4 6 7 8 
3 4 6 7 8 10 14 
2 3 4 6 7 8 9 10 11 14 
2 3 4 6 7 8 9 10 11 
2 3 4 6 7 8 9 10 11 14 
2 3 4 5 6 7 8 9 10 14 
2 4 5 6 7 8 9 10 11 
2 3 4 6 7 8 10 11 
2 3 4 7 8 9 11 
2 3 4 7 8 
2 3 4 7 8 9 14 
2 3 4 5 8 9 10 14 
2 3 4 5 6 7 8 9 10 11 
2 3 4 6 7 8 9 10 11 14 
2 3 4 5 7 8 10 14 
3 4 5 6 7 8 10 11 13 17 
2 3 4 5 6 7 8 10 11 13 17 
2 3 5 6 7 8 10 11 13 14 17 
2 3 4 6 7 8 9 10 11 13 14 15 17 
2 3 4 6 7 8 9 10 11 13 14 15 17 
2 3 4 5 6 7 8 9 10 11 12 13 14 15 
2 3 4 5 6 7 8 9 10 11 12 13 
2 3 4 5 6 7 8 9 11 12 13 
2 3 4 5 7 8 
2 3 4 8 
3 4 5 8 9 13 14 
3 4 5 6 7 8 9 10 11 14 15 
3 4 5 7 8 9 10 11 14 15 
3 4 5 6 7 8 9 10 11 12 14 15 
2 3 4 5 6 7 8 10 11 12 
2 3 4 6 7 8 11 12 
3 4 6 7 8 13 
2 3 4 6 7 8 13 
3 4 5 6 7 8 9 10 13 14 
2 3 4 5 6 7 8 9 10 11 13 14 
2 3 4 5 6 7 8 9 10 11 12 13 
2 3 4 6 7 8 11 12 13 
2 3 4 6 7 8 13 
2 3 4 6 7 8 13 
2 3 4 6 7 8 9 10 11 13 
3 4 5 6 7 8 9 10 11 12 13 
3 4 5 6 7 8 9 12 13 
2 3 4 5 6 7 8 
2 3 4 6 7 8 
2 4 6 8 
3 4 6 8 
2 3 4 6 
3 4 5 7 
3 4 5 6 7 10 11 
3 4 5 6 7 10 11 14 
2 3 4 5 6 7 8 10 11 12 14 
2 3 4 6 7 8 10 11 14 
2 3 4 6 7 8 10 14 15 
2 3 4 6 7 8 10 11 14 15 
2 3 4 6 7 8 10 11 14 15 16 
2 3 4 5 6 7 8 10 11 15 16 
2 3 4 5 6 7 8 10 15 16 
2 3 4 6 7 8 10 16 17 
2 3 4 6 7 8 16 17 
2 3 4 6 7 8 10 14 16 17 
2 3 4 5 6 7 8 10 11 17 
2 3 4 6 7 8 9 11 
2 3 4 6 7 8 9 
2 3 4 6 7 8 9 
2 3 4 5 6 7 8 14 
2 3 4 6 7 8 9 10 11 13 14 
2 3 4 5 6 7 8 9 10 11 13 
3 4 5 6 7 8 9 13 
3 4 6 7 8 9 13 
3 4 6 7 8 9 13 
2 3 4 6 7 8 9 13 
2 3 4 6 7 8 9 13 
3 4 5 6 7 8 9 13 
2 3 4 5 6 7 
2 3 6 7 
2 3 6 7 
2 3 6 7 
3 6 7 10 11 14 15 
2 3 6 7 8 10 11 12 14 15 16 
2 3 4 6 7 8 10 11 12 
2 3 4 6 7 8 10 11 12 
2 3 4 6 7 8 
2 3 4 6 7 8 
2 3 4 5 6 7 8 9 
2 3 4 5 6 7 8 9 
3 4 5 6 7 8 9 
3 4 5 6 7 8 9 12 13 
3 4 5 6 7 8 9 
2 3 4 5 6 7 8 9 
2 3 4 6 7 8 9 
2 3 4 5 6 7 8 9 
2 3 4 5 6 7 8 
3 4 6 7 8 9 13 
2 3 4 6 7 8 9 13 14 
3 4 6 7 8 9 12 13 14 
3 4 6 7 8 9 12 13 
2 3 4 6 7 8 
3 4 6 7 8 
2 3 4 5 6 7 8 9 
2 3 4 5 6 7 8 9 11 12 13 
4 5 6 7 8 9 11 12 
2 3 4 5 6 7 11 12 
