6 7 10 11 
6 7 11 12 
6 7 8 11 12 
4 6 7 8 12 13 
6 7 8 12 13 
6 7 8 13 
6 7 8 
7 8 10 
6 7 8 9 10 11 
5 6 7 8 9 10 11 
5 6 7 8 9 11 12 
5 6 7 8 9 11 12 
5 6 7 9 12 13 
6 7 8 12 13 
5 6 7 8 9 13 
5 6 8 9 13 
5 8 9 
5 8 9 
5 8 9 
5 
5 9 
5 9 
5 9 
5 6 9 13 
5 6 7 9 13 
5 7 8 9 12 13 
7 8 9 
7 8 
8 
7 8 
7 8 
7 8 
7 8 
5 6 7 8 9 
6 7 8 
5 6 7 9 
5 6 7 
6 7 
6 7 
6 
6 8 
4 7 8 
4 7 8 
6 7 
4 6 7 8 
4 6 7 8 
4 6 7 8 
4 6 7 8 
6 7 8 
6 7 8 
4 7 8 9 13 
6 7 9 13 
7 8 9 13 
6 7 8 9 13 
6 7 8 9 12 13 
6 7 8 9 
4 6 7 8 
6 7 8 
4 5 6 7 8 9 
4 6 7 8 
4 6 7 8 
4 6 7 8 
3 4 6 7 8 
6 7 8 
6 7 8 
5 6 7 8 9 
6 7 
6 7 10 
6 7 10 11 
6 10 11 
6 11 12 
6 8 11 12 
6 8 12 13 
6 7 8 12 13 
6 7 8 13 
7 8 
6 7 8 
6 7 8 
6 7 8 
6 7 8 
6 7 8 
6 7 8 
6 7 8 
6 8 
6 8 
6 7 8 
6 7 8 
6 7 8 
5 6 7 8 9 
7 8 
7 8 10 
5 6 7 8 9 10 
4 6 7 8 10 11 
4 6 7 8 11 
4 6 7 8 11 12 
6 7 11 12 
7 8 12 13 
7 8 13 
5 7 8 9 13 
4 6 8 
4 6 7 8 
6 7 
6 7 
6 7 
7 8 
5 7 8 9 
7 8 
7 8 
7 8 
8 
8 
8 
8 

6 
6 7 
6 7 
6 7 
6 7 8 
6 7 8 
7 8 
4 7 8 
4 7 8 
7 
5 6 7 
6 
6 







4 8 
4 8 
7 8 
5 7 8 
7 
6 7 
6 7 
6 
6 

5 8 
4 5 8 
4 5 8 
4 6 7 8 
4 6 7 8 
7 
4 6 7 8 
4 6 7 8 
3 4 6 7 8 
3 4 6 7 8 
7 
6 7 
6 7 
6 9 

5 
5 
5 
5 
5 
5 


4 5 
4 5 8 
4 8 
4 5 8 
4 8 
8 
8 
7 8 
4 7 
4 6 7 8 
4 6 7 8 
4 6 7 8 9 13 
4 6 7 8 9 13 
4 6 7 8 9 13 
4 6 7 8 9 13 
3 4 7 8 9 12 13 
3 4 7 8 9 12 13 
3 7 8 
7 8 9 
6 7 8 
5 6 7 8 9 
4 5 6 7 8 9 
5 7 8 9 
5 6 7 8 9 
6 7 8 
6 7 
7 
6 7 
6 
6 
4 8 
4 8 
3 4 7 8 
3 4 7 8 
7 8 
7 
6 7 10 
6 7 10 
6 7 10 11 
4 6 7 8 11 12 
4 7 8 11 12 
7 8 12 13 
7 8 12 13 
6 7 13 
6 7 
6 7 8 
6 7 8 
6 7 8 
7 
7 
6 7 
6 7 
6 
4 8 
4 6 8 
4 6 7 8 
4 6 7 8 
4 6 7 8 
3 4 6 7 8 
3 4 6 7 8 
3 4 7 8 
3 4 5 6 7 8 
6 7 8 
6 7 8 
5 6 7 9 
5 6 7 8 9 
5 6 7 8 9 13 
7 8 9 13 
4 6 8 9 13 
5 8 9 12 13 
4 5 6 7 8 9 12 13 
4 5 6 7 8 9 
4 5 7 8 9 
4 5 6 7 8 9 
4 5 6 7 8 9 
3 4 5 6 7 8 9 
3 4 5 6 7 8 9 
6 7 
6 7 
6 7 8 9 
6 7 8 9 
5 6 7 8 9 
5 6 7 8 9 
5 6 7 8 
6 7 
5 6 7 
6 7 8 
6 7 8 
7 8 
7 8 
5 8 
8 
6 
4 6 7 8 
4 5 6 7 8 9 
4 5 6 7 8 9 
6 7 8 
6 7 8 
6 7 8 
7 8 
6 7 8 
6 7 8 
6 7 8 9 
5 6 8 9 
5 6 9 
5 6 7 9 
5 6 7 8 9 
5 6 7 8 9 
5 6 7 8 
6 7 8 
6 7 8 
6 7 8 
6 7 8 
6 7 8 
6 7 8 
4 5 7 8 9 
4 5 7 8 9 
7 8 
7 8 
7 8 9 
4 7 8 
4 5 7 8 9 10 
4 5 7 8 9 10 11 13 
4 5 7 8 9 10 11 13 
4 7 8 9 11 12 13 
4 7 8 9 11 12 13 
7 8 9 10 12 13 
7 8 9 10 11 12 13 
6 7 8 10 11 13 
6 7 8 11 13 
6 7 8 11 12 
6 7 8 11 12 
6 7 8 12 13 
6 7 8 12 13 
5 6 7 8 9 13 
6 7 8 13 
6 7 8 
6 7 8 
6 7 8 
6 7 8 
6 7 8 
6 7 
6 7 8 
6 7 8 
4 6 7 8 
4 6 7 8 
4 7 8 
6 7 8 
4 6 7 8 
4 8 
4 8 





5 6 9 
6 7 
7 
7 
7 8 
6 7 8 
6 7 8 10 
6 7 10 
6 7 8 10 11 
6 7 8 10 11 
6 7 8 10 11 
7 8 11 12 
7 8 11 12 
7 8 11 12 
8 9 12 13 
4 8 9 12 13 
4 7 8 9 13 
6 7 8 13 
7 8 
7 8 
7 
7 
6 7 
6 7 8 
6 7 8 
8 
8 10 
8 10 
8 10 11 
8 10 11 
4 5 7 8 11 
5 7 8 11 12 
5 7 8 11 12 
6 7 8 12 13 
5 6 7 8 12 13 
6 7 8 13 
7 8 9 13 
6 7 8 9 
6 7 
7 
5 6 7 
5 6 7 
6 
6 

5 



8 
8 
6 7 8 
6 7 8 
5 6 7 
6 7 
5 6 
8 




9 

5 

4 8 
4 8 
4 8 
4 8 
4 8 
4 8 
3 4 7 8 
3 4 7 8 10 
3 4 6 7 8 10 11 
4 7 8 10 11 
4 7 8 11 12 
6 7 8 11 12 
6 7 8 12 13 
6 7 8 12 13 
5 6 7 8 13 
7 8 13 
7 8 
6 7 8 
6 7 8 
4 6 7 8 
6 7 8 9 13 
4 5 7 8 9 13 
4 5 6 7 8 9 12 13 
4 5 6 7 8 9 12 13 
6 7 8 9 
4 6 7 8 
4 6 7 8 
6 7 8 
6 7 8 
6 7 8 
6 7 8 
6 7 8 
6 7 
6 7 
6 7 
6 7 
7 8 
7 8 
4 6 7 8 
6 7 
6 7 
7 
7 8 
8 
6 8 
6 7 
7 8 9 
7 8 
5 8 9 
5 6 8 
5 6 
6 7 
6 7 
6 7 8 
5 6 7 8 9 
5 7 8 9 
5 7 8 10 
7 8 10 11 
7 11 12 
7 8 10 11 12 
5 7 8 9 10 11 12 13 
7 8 10 11 13 
7 8 11 12 13 
7 8 11 12 
6 7 8 12 13 
6 7 8 13 
5 6 7 8 13 
7 8 
5 7 
5 7 
5 6 7 9 
6 7 
6 
6 
6 7 
7 
7 
7 8 
8 
8 
10 
10 11 
4 8 10 11 
11 12 
4 8 11 12 
4 6 8 12 
3 4 6 7 8 12 13 
3 4 6 7 8 12 13 
3 6 7 8 13 
2 3 6 7 8 13 
6 7 8 
6 7 8 
6 7 8 
7 8 
8 

10 
4 6 8 10 
6 7 8 10 11 
6 7 8 10 11 
7 8 11 
7 8 11 12 
6 7 8 11 12 
6 7 8 10 12 
6 10 11 12 13 
4 8 10 11 12 13 
4 6 8 11 12 13 
4 6 7 8 11 12 13 
4 7 8 12 13 
4 6 7 8 12 13 
3 4 6 7 8 13 
3 4 6 7 8 13 
3 4 7 8 
4 6 7 8 10 
4 6 7 8 10 
3 4 6 7 8 10 11 
3 4 5 6 7 8 10 11 
4 6 7 8 11 12 
4 7 8 10 11 12 
4 5 6 7 8 9 10 12 13 
4 5 6 7 8 9 10 11 12 13 
4 5 6 7 8 9 10 11 13 
5 6 7 8 9 11 12 13 
4 6 7 8 10 11 12 
4 6 7 8 10 12 13 
6 7 8 10 11 12 13 
6 7 8 10 11 13 
6 7 8 11 12 13 
4 6 7 8 11 12 
6 7 8 12 13 
6 7 8 12 13 
6 7 8 9 13 
6 7 8 9 12 13 
4 6 7 8 9 12 13 
6 7 8 9 
5 6 7 8 9 
5 6 7 8 9 
5 6 7 8 9 
3 4 5 6 7 8 9 
4 6 7 8 
4 6 7 8 
6 7 8 
6 7 8 
4 6 7 8 
4 6 7 8 
4 6 7 8 
3 4 6 7 8 
3 4 5 6 7 8 9 
6 7 8 
6 7 8 
6 7 8 
6 7 8 
7 
6 7 8 
6 8 
4 6 8 
8 
7 8 
5 7 8 9 
5 7 
4 5 6 7 9 
4 5 6 7 8 9 
4 5 6 8 9 
4 5 8 
4 5 8 
4 5 8 
5 8 
4 5 7 8 
4 5 7 
4 5 7 
6 7 
4 5 6 7 8 
6 
4 8 
4 8 
4 8 
4 7 8 
7 8 
7 8 
7 8 
6 7 8 
6 7 8 
4 5 6 7 8 
6 7 8 
4 5 6 7 8 
4 5 7 8 
4 5 6 7 8 
4 5 6 7 8 
4 5 6 7 8 
4 7 8 
4 5 7 8 
4 5 7 8 9 
4 7 8 
6 7 
4 6 7 8 
4 6 7 8 
4 6 7 8 
6 7 8 
6 7 8 
6 7 8 
6 7 8 
6 7 8 
4 6 7 8 
4 6 8 

