2 3 4 5 6 7 8 9 10 11 14 15 
2 3 4 5 6 7 8 9 10 11 12 
3 4 5 6 7 8 9 10 11 
2 3 4 5 6 7 8 9 
2 3 4 5 6 7 8 9 10 
2 3 4 5 6 7 8 9 10 11 
2 3 4 5 6 7 8 9 
2 3 4 5 6 7 8 9 
2 3 4 5 6 7 8 9 
2 3 4 5 6 7 8 9 10 
2 3 4 5 6 7 8 9 10 11 
2 3 4 5 6 7 8 9 
2 3 4 5 6 7 8 9 
2 3 4 5 6 7 8 9 10 14 
2 3 4 5 6 7 8 9 10 11 14 15 
2 3 4 5 6 7 8 9 10 11 12 14 15 16 
2 3 4 5 6 7 8 9 10 11 12 13 14 15 16 
3 4 5 7 8 9 11 12 13 
3 4 5 8 9 
3 4 5 7 8 9 
2 3 4 5 6 7 8 9 
2 3 4 5 6 7 9 
2 3 4 5 6 9 
2 3 4 5 6 7 9 
2 3 4 5 6 7 9 
2 3 4 5 6 7 9 
2 3 4 5 6 7 
2 3 4 5 6 7 
2 3 4 5 6 7 
2 3 4 5 6 7 
2 3 4 5 6 7 
2 3 4 5 6 
2 3 5 6 7 
2 3 6 7 
2 3 4 5 6 7 
2 3 4 5 6 7 
2 4 5 6 
4 6 
2 3 4 5 6 
3 4 5 
2 3 4 6 7 
2 3 4 6 7 10 11 14 
2 3 4 5 6 7 8 11 12 
3 4 6 8 9 
3 4 5 7 8 9 
2 3 5 6 7 9 
3 4 5 6 9 
4 5 9 
4 5 
2 4 5 6 
4 5 
3 4 5 
3 4 
3 4 5 
3 4 5 
2 3 4 5 6 7 8 
2 3 4 5 6 7 8 
2 3 4 5 6 7 8 
3 4 6 7 8 
3 4 6 7 8 
3 4 5 7 8 
4 5 7 8 
4 5 7 8 
3 4 5 7 8 
3 4 5 7 8 9 12 13 
3 4 5 7 8 9 12 13 
3 4 7 8 13 17 
3 4 7 8 13 17 
2 3 4 5 6 7 8 
2 3 4 5 6 7 8 
2 3 4 5 6 7 8 9 
3 4 5 6 7 8 9 12 13 
2 3 4 6 7 8 9 12 13 
2 3 4 6 7 8 9 13 
3 4 7 8 9 13 
3 4 5 7 8 9 13 
3 4 5 7 8 14 
2 3 4 6 7 8 10 14 
2 3 4 6 7 8 10 14 
2 3 4 6 7 8 9 10 12 13 14 
3 4 6 7 8 9 10 12 13 
3 4 6 10 12 13 17 
3 4 5 6 7 13 17 
2 3 4 5 6 7 13 17 
4 5 6 
3 4 5 
3 4 5 10 
3 4 5 6 10 
2 4 5 6 10 
2 4 
2 3 4 5 
2 3 4 5 6 
2 3 4 5 6 7 
2 3 4 5 6 7 
2 3 4 5 6 7 
2 3 4 5 6 7 
2 3 4 5 6 7 
2 3 4 5 6 7 8 
3 4 5 6 7 8 
2 4 5 6 7 8 11 12 
4 5 7 8 11 12 
3 4 5 6 8 9 12 13 
2 4 5 6 8 9 12 13 16 17 
4 5 6 9 12 13 16 17 
3 4 5 6 9 
4 5 9 
4 5 9 
4 5 9 
4 5 9 
4 5 9 
5 
4 5 
4 5 


4 




6 7 10 11 
4 6 7 10 11 
6 7 10 11 
6 7 8 10 11 14 
2 6 7 8 10 11 14 
2 3 6 7 8 10 
2 3 6 7 8 10 11 
2 3 6 7 8 9 10 11 
2 3 4 6 7 8 9 10 11 12 
2 3 4 6 7 8 9 
2 3 4 5 6 7 8 9 
2 3 4 5 6 7 8 9 
2 3 4 5 6 7 8 9 10 
2 3 5 6 7 9 10 
2 3 5 6 7 9 
2 3 5 6 7 9 
2 3 5 6 7 9 10 
3 5 6 7 10 
2 3 5 6 7 8 10 
2 3 4 5 6 7 8 
2 3 4 5 6 7 8 9 
2 3 4 5 6 7 8 9 14 
2 3 5 6 7 8 9 10 11 12 14 
2 3 5 6 7 8 10 11 
2 3 4 5 6 7 8 9 10 11 
2 3 4 5 7 8 9 
2 3 4 5 8 9 
2 3 4 5 6 8 9 10 
2 3 4 5 6 7 8 9 10 11 
2 3 5 7 8 9 
2 3 4 5 8 9 10 14 
2 3 4 5 7 8 9 10 11 12 
2 3 4 5 7 8 9 11 12 
2 3 5 8 9 
2 3 5 8 9 
2 3 5 9 
2 3 5 9 
2 3 
2 3 
2 3 
2 3 
2 3 6 10 
2 3 6 7 8 10 11 14 
2 4 7 8 11 12 
2 4 5 8 9 
2 4 5 8 9 
5 6 7 9 10 11 
2 5 7 8 
2 5 8 9 
5 9 
5 9 
5 9 
5 
5 






3 




2 
2 6 7 10 11 14 
2 7 8 11 
2 8 9 
8 9 
2 3 4 5 9 
2 3 4 5 9 
3 4 5 6 7 8 9 10 11 
3 4 5 7 8 9 
2 3 4 5 8 9 
2 3 4 5 6 7 9 10 11 
2 3 4 5 6 7 8 
2 3 4 5 6 7 8 
2 3 4 5 6 7 8 9 
2 3 4 5 6 7 9 
3 4 5 6 
2 3 4 5 6 7 
2 3 4 6 7 
2 3 4 6 7 
3 4 6 
3 4 
2 3 4 5 6 7 
2 3 4 6 7 10 
2 3 4 6 7 8 10 11 12 
3 4 6 7 8 
3 4 5 8 9 
2 3 4 5 6 7 8 9 
2 3 4 5 6 7 9 14 
2 3 4 5 6 7 9 10 11 
2 3 4 5 6 7 8 9 11 12 
2 3 4 5 6 7 8 9 10 
2 3 4 5 6 7 8 9 10 11 
2 3 4 5 6 7 8 9 
2 3 4 5 6 8 9 
2 3 4 5 7 8 9 
2 3 4 5 6 7 9 10 
2 3 4 5 6 7 8 9 10 11 
3 4 5 6 7 8 
3 4 5 8 
2 3 4 5 6 7 8 9 10 11 14 
2 3 4 5 6 7 8 9 10 11 12 
2 3 4 5 6 7 8 9 
2 3 4 5 6 7 8 9 
2 3 4 5 6 7 8 9 
2 3 4 5 6 8 9 
3 4 5 6 7 9 
2 3 4 5 6 7 9 
2 3 4 5 6 7 9 
2 3 4 5 6 
2 3 4 6 
2 3 4 6 7 
2 3 4 5 6 7 8 10 11 12 
2 3 4 5 6 7 8 10 11 
2 3 4 5 6 7 8 9 10 11 
3 4 5 7 8 9 
2 3 4 5 6 7 8 9 10 11 14 
2 3 4 5 6 7 8 9 11 
2 4 5 6 8 9 
3 4 5 6 8 9 
3 4 5 6 7 8 9 10 11 14 
2 3 4 5 6 7 8 9 10 11 
2 3 4 5 6 7 8 9 
2 3 4 5 6 7 8 9 10 
2 3 4 5 6 7 8 9 10 11 
3 4 5 6 7 8 9 
2 3 4 5 6 7 8 9 
2 3 4 5 6 7 8 9 
2 3 4 5 6 7 9 
2 3 4 5 6 7 
2 3 4 5 6 7 
2 3 4 5 6 7 
2 3 4 5 6 7 
2 3 4 6 
2 3 4 6 7 
2 3 4 6 7 
2 3 4 6 
3 4 5 6 7 
2 3 4 6 7 
4 5 6 
4 6 
3 4 
3 4 5 
3 4 
3 4 
2 3 4 5 6 7 
2 3 4 5 6 7 
2 3 4 6 7 8 
2 3 4 6 7 
2 3 4 6 7 10 11 
3 4 6 7 8 10 11 
3 4 6 7 8 
3 4 8 9 
2 3 4 5 6 7 8 9 
2 3 4 5 6 7 9 
2 3 4 5 6 7 9 
2 3 4 5 6 9 
3 4 5 6 9 
3 4 5 
2 3 4 6 7 
2 3 4 6 
3 4 5 6 
2 3 4 5 6 
2 3 4 6 7 
2 3 4 5 6 7 
3 4 6 
3 4 6 
2 3 4 6 7 
2 3 4 6 7 
2 3 4 6 
3 4 6 
2 3 4 5 6 7 
2 3 4 5 6 7 14 
3 4 5 6 14 
2 3 4 6 7 10 14 
2 3 4 6 7 10 11 14 
2 3 4 6 
3 4 5 
3 4 6 10 
3 4 10 
3 4 6 10 
3 4 6 10 
3 4 6 10 
3 4 
2 3 4 
2 3 4 
2 3 4 
2 3 4 9 13 
2 3 4 8 9 12 13 
2 8 9 12 13 
2 3 4 7 8 9 13 
2 3 7 8 9 13 
2 3 4 7 8 9 12 13 
2 3 6 7 8 9 12 13 
3 4 6 7 8 9 13 
3 4 6 7 8 9 
3 6 7 8 
3 4 6 7 8 9 13 
3 4 6 7 8 9 13 
2 3 4 6 7 8 9 
2 3 5 6 7 8 
2 3 6 7 8 
2 3 4 6 7 8 
2 3 5 7 
2 3 5 7 
2 3 9 13 
2 3 4 5 9 13 
2 3 9 13 
2 3 9 13 
2 3 8 9 
2 3 8 9 
2 5 8 9 
2 8 
2 3 4 7 8 
2 3 4 7 8 
2 3 7 
2 3 7 
3 6 7 10 11 
3 6 7 10 11 
2 3 6 7 10 11 
2 3 6 7 10 11 
2 3 6 7 10 11 14 
2 6 7 8 10 11 14 
2 6 7 8 10 11 12 
2 4 6 7 8 10 11 12 
2 4 6 7 8 10 11 
2 4 5 7 8 9 11 12 
2 4 5 7 8 9 
2 8 9 14 
2 8 9 10 14 
4 5 8 9 10 11 14 
2 4 5 6 7 8 9 10 11 
2 6 7 8 10 11 12 
5 7 8 9 11 12 
5 7 8 9 
2 4 5 6 7 8 10 11 
6 7 8 9 14 
7 8 9 10 11 14 
4 6 7 8 9 10 11 
4 5 7 8 9 10 11 12 
4 5 6 7 8 9 10 
5 7 8 9 
5 7 8 9 
4 5 6 7 8 9 10 11 14 
4 5 6 7 8 9 10 11 12 
4 5 7 8 9 
4 5 6 7 8 9 10 11 14 15 
4 5 6 7 8 9 10 11 12 14 15 16 
4 5 7 8 9 10 11 12 13 15 16 17 
4 5 7 8 9 11 12 13 15 16 17 
4 5 8 9 12 13 16 17 
2 5 6 8 9 
2 5 6 9 13 17 
5 7 10 11 14 15 
4 5 7 8 9 10 11 12 14 15 16 
3 4 5 6 7 8 9 10 11 12 13 14 15 16 
3 4 5 7 8 9 
4 5 8 9 
4 5 8 9 
4 5 8 9 
2 5 6 9 
5 14 
6 7 10 11 14 
7 8 10 11 12 
2 3 4 5 6 7 8 9 10 11 12 
2 3 4 5 6 7 8 9 10 11 12 
2 3 4 5 6 7 8 9 10 11 14 
4 5 7 8 9 11 
4 5 8 9 
4 5 6 7 8 9 10 11 
5 6 7 8 9 
5 8 9 
4 5 8 9 
4 5 6 7 8 9 10 11 14 
5 6 7 8 9 10 11 
5 7 8 
5 8 9 
5 6 8 9 10 
5 6 7 9 10 11 
5 7 8 9 
5 8 9 
5 6 8 9 10 
5 6 7 8 9 10 11 
5 7 8 9 
3 4 5 8 9 
3 4 5 6 7 8 9 10 11 14 15 
2 3 4 5 6 7 8 9 10 11 12 14 15 
2 3 4 5 6 
2 3 4 5 6 7 8 10 11 12 
2 3 4 5 6 7 8 9 10 11 12 
3 4 5 7 8 9 
2 3 4 5 6 7 8 9 
2 3 4 5 6 7 8 9 
2 3 4 5 6 7 9 
2 3 4 5 6 7 9 
3 4 5 6 7 9 10 11 
2 3 4 5 6 7 8 9 
2 3 4 5 6 7 8 
2 3 4 5 6 7 8 9 10 11 14 
2 3 4 5 6 7 8 9 10 11 14 15 
2 3 4 5 6 7 8 9 10 11 14 15 
2 3 4 5 6 7 8 9 10 11 12 14 15 16 
2 3 4 5 6 8 9 10 11 12 13 14 15 16 17 
2 3 4 5 6 7 9 10 11 12 13 14 15 16 17 
2 3 4 5 6 7 8 9 10 11 12 13 15 16 17 
2 3 4 5 6 7 8 9 12 13 16 17 
2 3 4 5 6 7 8 9 10 12 13 16 17 
2 3 4 5 6 7 8 9 10 11 
2 3 4 5 6 7 8 9 10 11 
2 3 4 5 6 7 8 9 
2 3 4 5 6 7 8 9 14 
2 3 4 5 6 7 8 9 10 11 
2 3 4 5 6 7 8 9 10 11 
3 4 5 6 7 8 9 10 
2 3 4 5 6 7 8 9 
2 3 4 5 6 7 8 9 
3 4 5 6 8 9 
3 4 5 6 7 8 9 
2 3 4 5 6 7 8 9 
2 3 4 5 6 7 9 
3 4 5 6 9 
3 4 5 6 9 10 14 
3 4 5 6 7 10 11 
2 3 4 5 6 7 8 11 12 
2 3 4 5 6 7 8 9 10 
3 4 5 6 7 8 9 10 
2 3 4 5 6 7 8 9 10 11 
2 3 4 5 6 7 8 9 10 11 14 
2 3 4 5 6 7 8 9 10 11 12 
2 3 4 5 6 7 8 9 
2 3 4 5 6 7 8 9 
2 3 4 5 6 8 9 10 14 
2 3 4 5 6 7 8 9 10 11 
2 3 4 5 6 7 8 9 
2 3 4 5 6 7 8 9 
2 3 4 5 6 7 8 9 
2 4 5 6 9 10 
3 4 5 6 7 9 10 11 
2 3 4 5 6 7 8 9 10 11 14 
2 3 4 5 6 7 8 9 10 11 14 
3 4 5 7 8 9 11 
2 3 4 5 6 7 8 9 
2 3 4 5 6 7 8 9 
2 3 4 5 6 8 9 
3 4 5 6 9 10 
3 4 5 6 7 9 10 
2 3 4 5 6 7 8 9 
2 3 4 5 6 7 8 9 10 11 14 
2 3 4 5 6 7 8 9 10 11 12 
2 3 4 5 6 7 8 9 10 
2 3 4 5 6 7 8 9 10 
2 3 4 5 6 7 8 9 10 11 14 15 
2 3 4 5 6 7 8 9 10 11 12 14 15 16 
2 3 4 5 6 7 8 9 10 11 12 14 15 16 
2 3 4 5 6 7 8 9 10 11 12 14 15 16 
2 3 4 5 6 7 8 9 10 11 12 13 
2 3 4 5 6 7 8 9 
2 3 4 5 8 9 
2 3 4 5 8 9 
2 3 4 5 6 7 8 9 
2 3 4 5 6 9 
3 4 5 6 9 
2 3 4 5 6 7 9 
2 3 4 5 6 7 9 
2 6 
3 4 6 
3 4 
2 3 4 6 7 
2 3 6 7 
2 3 6 7 

10 14 


4 
4 
3 4 
3 4 
2 3 6 7 
2 3 6 7 
6 
6 
2 




4 
4 
4 
3 4 
3 4 
3 4 7 
2 3 4 6 7 
2 4 6 
2 4 5 
2 4 5 
2 4 
2 3 4 
2 3 4 
2 3 4 5 
2 4 
2 3 4 
2 3 4 
2 3 4 13 
2 3 4 9 13 
3 4 9 13 
2 3 4 7 9 13 
2 3 4 6 7 9 13 
3 4 7 8 9 13 
2 3 4 6 7 8 9 13 
4 8 9 12 13 
4 8 9 12 13 
3 4 5 7 8 9 13 
4 5 7 8 9 
4 5 7 8 9 
4 5 6 7 9 13 
4 5 6 7 9 13 
4 5 6 7 9 13 
4 5 6 8 9 12 13 
4 5 6 8 9 12 13 
5 8 9 
4 5 7 8 9 
4 5 7 8 9 
5 7 9 
5 7 
4 5 6 7 
4 5 6 7 
4 5 6 7 
4 5 6 
4 5 6 
2 4 5 6 9 13 
2 6 9 13 
2 6 8 9 13 
2 6 8 9 
2 3 6 7 8 
2 3 6 7 8 
2 3 4 6 7 8 
2 3 6 7 
2 3 6 7 
2 3 6 7 
2 3 6 7 8 
2 3 6 7 8 12 
2 3 6 7 8 9 12 13 
2 3 6 7 8 9 12 13 17 
2 6 7 8 13 17 
2 6 7 8 12 
2 4 8 9 12 13 
12 13 17 
13 17 






5 








10 
6 10 
6 10 
6 10 
6 7 10 11 14 
4 5 6 7 10 11 14 
4 5 6 7 10 14 
6 7 8 10 11 
4 6 7 8 10 11 
6 7 8 10 11 12 
4 6 7 8 10 11 
