7 8 12 

2 6 9 10 13 
4 7 8 9 12 13 

7 8 
6 9 10 
8 9 12 13 
7 8 11 

7 8 


8 
6 7 8 10 11 
3 6 7 10 11 
6 7 8 10 11 
5 7 8 9 12 13 17 
8 12 
6 8 
7 8 
4 5 7 8 9 11 12 13 16 17 
8 9 12 
6 7 8 9 10 11 12 13 
4 5 8 9 12 13 

7 
6 7 8 10 11 
8 
8 12 
5 9 13 17 
3 4 6 7 8 9 10 11 12 
8 


6 7 
7 8 


6 7 8 10 11 







8 12 
7 8 11 12 
5 9 13 
5 7 8 9 13 


7 8 11 12 
3 7 11 

6 
8 
6 8 
6 7 8 10 11 12 


5 6 7 9 11 13 17 
7 8 12 
8 
6 10 


6 7 10 11 
7 8 
6 

7 

6 7 8 10 11 
8 9 12 13 
8 12 

7 8 
8 
7 8 11 12 
7 
6 7 8 10 11 
7 
6 8 

9 
7 8 12 
7 8 11 

8 
6 7 8 10 11 12 
6 7 8 10 11 

6 7 10 11 
8 12 
7 11 

6 
3 7 8 11 
5 8 9 12 13 
6 7 8 10 11 12 
7 
6 8 12 
7 
7 8 11 12 
6 8 9 10 12 13 

6 






6 7 10 11 
6 8 9 

6 7 8 9 12 
5 8 9 12 13 17 
6 7 8 10 11 
6 
6 7 8 10 11 12 
7 11 






6 7 10 11 

7 8 
6 8 9 10 12 13 16 17 
6 

6 7 8 10 11 12 
6 7 10 11 

8 9 13 17 
8 

7 


7 9 13 17 
6 7 
6 

7 11 
8 

6 
7 8 
7 8 

6 


6 7 8 10 11 
7 8 12 
7 8 
6 7 
6 8 10 




6 7 8 10 11 
6 7 10 11 
8 12 
6 10 
6 7 8 
6 7 10 
6 8 10 
7 
8 
6 7 8 9 10 11 

6 7 8 10 11 12 
7 8 11 12 
7 11 
6 
7 
8 12 

2 3 6 7 10 11 
8 12 
6 7 8 10 11 12 
5 6 7 8 9 10 12 13 16 17 

7 8 11 12 
6 7 
6 
6 7 
6 7 8 9 12 13 
6 7 10 11 
7 8 
7 8 11 12 
8 9 13 

6 
6 7 8 10 11 12 

5 9 13 17 
8 12 
6 7 9 10 11 13 
6 10 

6 8 12 


8 
8 
6 7 8 
6 8 9 12 13 
8 9 
6 7 10 11 

6 7 8 10 

8 
8 
6 7 
6 7 
6 8 10 

7 

6 
4 8 12 
3 7 11 
6 7 8 10 
7 8 11 12 
8 




8 12 
6 10 
7 
7 

6 7 10 11 
7 8 9 13 
6 
6 7 10 
7 


6 7 10 11 
7 8 

5 8 9 13 17 

6 7 10 11 

3 6 7 8 10 11 12 
7 
3 6 7 10 11 
6 7 10 11 
3 6 7 10 11 
7 11 


6 7 10 
6 7 10 11 
7 8 9 12 13 
3 7 11 
6 8 10 
7 8 11 12 

7 8 12 

4 8 12 
6 7 11 

6 7 8 




4 5 8 9 12 13 16 17 

8 12 


6 7 10 11 



5 9 13 17 
6 
8 9 12 13 
8 12 
6 7 8 9 10 11 12 13 


7 


6 


6 7 10 11 

8 
8 
7 8 11 12 
8 9 

6 7 10 11 
6 7 
3 6 7 8 10 11 12 
4 5 8 9 12 13 16 17 
3 4 7 8 11 12 15 16 
2 6 10 
10 




6 
8 9 
7 11 
4 8 12 
6 7 8 


5 6 7 8 9 10 11 12 13 



7 11 
7 8 11 12 
8 
7 
4 5 8 9 12 13 16 17 
8 
6 
8 

8 9 
5 6 9 10 13 


6 7 

6 7 10 11 
6 7 

6 7 
7 

6 7 8 10 
8 
7 8 11 12 
7 8 11 12 
6 7 9 10 11 13 


7 

9 13 


7 

6 7 8 10 11 




6 8 9 
8 
6 10 
3 7 8 11 12 
7 8 11 12 
8 12 

3 4 6 7 8 9 10 11 12 
2 6 10 

6 7 10 11 
8 12 
7 8 11 12 


6 7 10 11 

8 

6 10 
6 7 8 12 
7 
8 
7 8 11 12 
7 8 11 12 
8 

7 8 11 12 
7 8 11 


6 
6 7 10 11 
8 12 

5 7 8 9 11 12 13 17 


7 8 

7 8 11 12 
8 
4 8 12 
7 11 

8 
8 
6 7 8 
6 7 8 10 11 
5 6 7 8 9 13 17 
6 8 
8 12 
6 7 8 9 10 11 13 
8 
7 8 
7 8 11 12 
7 8 11 12 


7 8 
6 7 8 
6 8 12 
6 7 10 11 
7 10 11 
4 5 8 9 12 13 
7 8 11 12 
9 13 
8 9 12 



6 7 10 11 

8 
6 7 8 10 11 
7 11 
8 

7 11 
8 12 
7 8 
8 9 12 13 

8 

6 7 10 
6 7 10 
2 3 4 5 6 7 8 9 10 11 12 13 16 17 
8 
6 7 8 10 11 12 
7 

6 7 8 10 11 
6 8 12 
6 7 8 



6 8 
7 

8 

7 
6 7 10 11 

7 8 
7 8 

8 
7 8 11 12 
6 7 10 
8 
6 


7 8 11 12 

6 

4 7 8 10 11 12 
7 8 12 
2 6 7 8 9 10 11 12 13 
6 7 10 11 

6 7 10 11 



7 



8 9 13 

8 
6 7 8 10 11 

6 7 

7 8 11 12 
7 11 
4 5 8 9 12 13 

6 7 10 
7 11 
7 8 12 
8 
7 



6 7 
6 8 

7 11 
6 7 


8 12 
7 

8 



8 
7 11 


7 8 9 

8 9 
8 
7 
7 8 



7 

4 5 6 8 9 12 13 16 17 
4 6 7 8 10 11 12 
8 

8 12 
6 7 8 9 10 11 12 13 
7 8 11 12 
6 10 


7 
8 
8 9 
6 7 10 11 
6 7 8 
6 7 8 10 11 12 

4 5 8 9 12 13 16 17 

7 11 

7 8 11 12 
6 
2 3 6 7 10 11 

6 7 8 10 11 12 
6 
7 
8 12 

7 
8 12 
6 7 10 11 
3 7 8 9 11 
3 7 11 

6 7 10 11 





6 

6 7 10 11 

6 7 
6 7 10 11 



5 8 9 12 13 
6 10 
4 5 7 8 9 11 12 13 
6 8 10 12 
