6 
6 10 
2 3 6 7 10 11 
3 6 7 10 11 
7 8 11 
6 7 8 9 10 11 12 
6 7 8 9 10 11 12 
6 7 8 9 12 
6 7 8 9 10 11 12 
7 8 12 
6 7 8 9 12 
7 8 9 
6 7 8 9 12 
6 7 8 9 12 13 16 17 
6 7 8 9 
6 7 8 9 10 
6 8 9 
6 8 12 
6 8 9 12 
6 7 8 9 11 
7 8 9 11 12 
6 7 8 10 
6 7 8 11 12 
6 7 9 10 11 
4 5 7 8 9 12 13 
6 8 9 
8 9 
6 9 
6 7 8 9 10 11 
8 9 
7 8 9 
6 7 8 
8 
6 7 8 9 10 11 
6 8 
6 7 8 
6 7 8 
6 7 10 11 
6 
6 8 9 
6 7 
6 
6 
6 
6 7 
6 
6 
6 
4 5 6 8 9 12 13 16 17 
6 7 10 11 
6 
6 7 9 
6 7 8 10 11 12 
7 
7 
6 8 
6 8 
6 7 8 
7 8 9 
6 7 8 9 
8 
9 
6 7 
6 7 8 10 11 12 
9 
6 7 8 9 10 
6 7 8 9 10 11 
6 7 8 9 10 11 12 
6 7 8 9 10 11 12 
6 7 8 9 10 11 
6 7 10 11 
3 7 11 
4 6 7 8 10 12 
5 9 10 13 17 
6 7 9 10 11 
8 9 
6 8 9 12 
7 8 11 12 
6 7 10 11 
6 7 9 
9 
8 9 
8 9 
7 8 9 11 12 
6 7 8 9 10 11 12 
6 7 8 10 11 
6 7 8 9 10 11 12 
6 7 8 10 11 12 
6 8 
6 8 9 
6 7 8 9 
6 7 8 9 
6 7 8 9 
6 7 8 12 
6 7 8 11 12 
6 7 8 10 11 12 
6 7 8 9 10 11 12 
6 7 11 
6 7 9 10 11 
6 9 10 
6 8 9 
2 3 6 7 8 10 11 12 
3 4 6 7 8 11 12 
6 7 8 9 10 11 12 
6 7 8 9 11 
6 7 8 10 11 12 
6 7 8 9 
6 9 


8 9 
8 9 
6 7 8 12 
6 8 9 10 
7 8 11 12 
6 7 10 11 
6 7 8 11 12 
8 9 12 
6 7 8 9 10 11 12 13 
8 10 12 
6 7 8 9 
2 3 6 7 9 10 11 
7 8 11 12 
6 7 8 9 10 11 
6 7 8 
6 7 9 


7 8 
8 9 

6 
6 
6 7 8 9 10 11 12 
6 7 8 9 







8 




6 
9 
8 12 
6 7 10 11 
6 

7 8 
6 8 
6 9 

6 
6 
6 

6 7 10 11 
8 
8 9 

8 9 
7 8 11 12 
7 10 11 

6 
6 


7 8 



6 

8 9 
6 8 9 10 
6 7 8 9 10 
6 7 8 
6 7 8 
6 7 8 12 
6 7 8 10 11 12 
3 7 8 9 11 12 13 
4 6 7 8 9 10 11 12 
5 6 7 8 9 10 11 13 17 
6 7 8 
7 8 
6 7 8 
6 9 
7 8 9 
6 8 9 
7 8 9 11 12 
6 7 8 10 11 
6 7 8 10 12 
6 7 8 12 
6 7 8 9 11 12 
7 11 
6 7 10 11 
10 





6 10 
6 7 
6 7 8 
6 

6 
6 7 8 10 11 12 
6 7 8 9 10 11 12 
6 8 9 
6 7 8 9 10 11 12 
6 8 9 
6 9 
6 9 
6 7 10 11 
6 8 9 12 13 16 17 
6 7 8 9 11 12 
6 7 10 
6 7 8 10 11 12 
7 
6 7 
6 7 8 9 12 13 
4 5 8 9 12 13 
8 12 
8 9 12 13 
9 13 
6 9 
9 


9 
6 7 9 10 11 
8 9 12 
8 9 
9 
9 
9 
6 7 9 10 11 
7 8 9 
8 9 
7 8 9 11 12 13 17 
4 5 7 8 9 12 13 16 17 
7 8 11 12 
7 8 11 
6 7 8 10 11 
6 7 10 
6 7 
7 
6 7 9 
6 8 9 
6 7 8 11 12 
6 7 8 9 
6 8 12 
6 9 13 
6 8 9 10 
6 7 8 10 11 12 
6 7 8 10 12 
6 7 8 9 12 
6 7 8 11 12 
7 8 9 11 
6 7 8 10 
6 7 8 9 10 
6 8 
6 7 8 10 11 
8 9 
6 8 9 
8 
8 

7 8 9 
5 8 9 13 17 
3 4 7 8 9 11 12 
3 7 8 9 11 
6 7 8 9 10 11 
6 7 8 9 10 11 
6 8 9 10 
6 7 8 10 
7 8 11 12 
6 7 9 10 11 
6 7 10 
2 3 6 7 8 10 11 
6 7 8 11 12 
6 7 8 12 
6 7 8 9 12 
6 7 8 9 11 
6 7 8 9 10 11 12 
6 7 8 9 10 11 12 
6 7 8 10 11 
6 8 
6 7 8 
6 7 8 
6 8 9 

8 9 12 13 16 17 
6 7 8 9 10 11 
6 7 8 9 11 12 
8 9 12 
8 9 12 
7 8 9 11 12 
6 7 8 11 12 
7 11 
6 7 10 11 
6 7 10 
6 7 
6 7 8 
8 
6 
6 
6 
6 7 
6 7 
6 7 
6 

6 7 

6 
6 7 
8 9 
6 7 8 9 
6 7 8 10 11 
6 7 8 
6 7 8 9 
6 7 8 
6 7 8 9 
6 7 9 
5 6 7 8 9 12 13 
6 8 9 12 13 
6 7 8 9 13 
6 7 8 9 10 11 12 13 
6 7 8 9 11 12 13 
6 8 9 10 12 
6 7 10 11 
6 7 8 12 
7 
6 7 8 9 
7 8 11 12 
6 7 8 9 10 
6 7 8 10 
6 7 8 10 11 12 
7 8 9 
6 7 8 9 10 11 
6 7 8 9 10 11 
8 
7 8 9 11 12 
6 7 8 9 10 11 12 
6 8 12 
7 8 11 
6 7 10 11 
6 7 
6 

6 7 8 11 12 
6 10 
6 7 10 11 
8 

6 
6 
6 
6 8 9 
6 7 9 10 11 
6 7 8 9 10 11 
8 9 
6 7 
6 7 
6 
6 7 9 10 11 
7 8 11 
8 9 


6 7 10 11 
8 
7 8 11 

6 7 
6 7 9 
6 7 

7 9 
9 

6 7 9 

6 7 8 
6 7 10 11 
6 8 9 
9 
7 8 9 
6 9 10 
8 9 
8 
8 
8 9 
7 8 9 
7 
7 
6 7 9 
6 7 9 
6 7 
6 7 
6 7 
7 8 9 
8 

6 7 8 10 11 12 
7 8 9 10 11 12 
6 7 8 9 10 11 
8 9 
8 12 
6 7 9 10 11 
8 9 
6 7 8 10 
6 7 8 10 12 
6 7 8 10 11 12 
6 7 8 9 11 12 
6 7 8 9 10 11 
6 8 10 
6 7 
7 
7 8 9 
6 7 8 11 
6 8 
8 
8 
6 7 8 9 
6 7 8 10 11 12 
6 7 8 9 
6 7 
7 8 
8 

7 8 
6 7 8 
6 7 10 11 
7 
7 8 
6 7 8 
6 
6 7 10 11 
6 
6 7 8 11 12 
7 8 9 11 
8 9 


9 
6 7 

6 7 8 10 11 
6 7 8 
6 8 9 10 
6 8 9 
6 8 10 
6 7 8 12 
7 8 12 
6 7 
4 5 6 7 8 9 12 13 
4 5 6 8 9 12 13 
5 6 9 13 
6 7 8 11 12 
8 9 
6 




9 

6 
6 7 10 
7 8 9 11 
8 
6 8 
6 8 
6 7 8 9 
6 7 8 9 
6 7 10 
6 7 9 10 11 
6 7 8 9 11 12 
6 7 10 
6 8 9 10 
6 7 8 9 10 11 
6 7 8 9 11 
6 7 8 9 11 12 
7 8 11 12 
6 7 8 11 12 
6 7 8 10 
6 7 8 9 
6 7 8 9 
6 8 9 
6 
6 
6 
6 9 
6 
6 10 
6 10 
6 7 10 11 
3 4 6 7 8 9 10 11 12 15 16 
4 6 7 8 9 11 12 13 15 16 17 
8 9 
6 
6 7 9 10 11 
6 8 9 
6 
6 
6 
5 9 13 
8 9 12 13 
6 9 13 
6 
6 8 9 
6 
6 9 
4 5 6 7 8 9 11 12 13 
3 4 6 7 8 9 11 12 
2 3 6 7 8 10 11 
2 6 7 8 10 11 12 
6 7 8 9 10 12 
6 8 9 10 
6 7 8 10 11 12 
6 7 8 11 12 
6 7 10 
7 8 11 12 
6 8 9 10 
6 7 8 
6 7 
6 
6 7 8 10 
6 
6 7 9 10 11 
7 8 9 
7 8 9 11 12 
6 7 8 9 10 11 

6 
6 9 
6 9 
8 
6 7 8 
6 7 10 11 
6 

6 
6 
9 
6 7 8 9 10 11 
7 8 9 12 13 
6 7 
6 10 
6 7 9 10 
6 7 10 11 
6 7 8 10 11 
6 7 8 11 12 
6 7 8 9 11 12 
6 8 9 12 13 
6 7 8 9 12 13 
7 8 11 13 
6 7 8 10 12 
6 7 8 11 12 
6 9 
6 
6 8 9 
3 4 7 8 11 12 15 16 
6 7 8 11 12 
6 7 
5 6 9 13 17 
4 6 8 9 12 
4 5 6 8 9 12 13 
5 6 7 9 13 17 
6 7 9 
4 5 6 7 8 9 10 12 13 
6 8 
4 5 6 8 9 12 13 16 17 
6 8 10 
5 6 7 8 9 10 12 13 16 17 
6 7 8 9 11 
6 7 8 9 10 11 13 
6 7 8 9 10 11 12 
6 7 8 10 11 12 
6 7 8 9 
5 6 7 8 9 10 11 13 17 
4 5 6 7 8 9 10 11 12 13 
6 8 9 12 
6 7 8 11 
6 7 8 9 11 
7 8 9 11 
6 7 10 11 
6 
6 
6 7 
6 
6 
6 


6 7 10 
6 8 
6 7 8 9 
6 7 8 
6 8 9 
6 7 8 9 10 
6 7 8 9 11 12 
6 7 8 9 
6 7 8 10 11 12 
6 7 8 9 11 12 
6 7 8 9 11 12 13 
6 8 9 
6 9 
6 9 10 13 
6 7 9 10 
6 7 8 9 10 11 
7 8 11 12 
6 7 10 11 
6 7 10 11 
6 7 8 
6 7 8 10 
6 7 8 10 
6 7 8 10 11 
6 7 10 11 
3 4 6 7 8 10 11 12 
3 4 5 6 7 8 9 11 12 13 16 17 
4 5 8 9 12 13 16 17 
5 8 9 12 13 17 
6 7 8 9 10 11 12 13 
6 7 9 
6 7 10 11 
8 9 
7 9 11 

6 10 
2 6 7 8 10 
6 7 8 


6 7 10 11 
7 8 9 
6 


6 7 8 


6 7 



7 9 
9 

6 
9 
6 7 8 9 
9 13 
6 8 9 10 12 13 
6 7 8 10 11 12 
6 7 
6 7 8 
6 8 12 
8 9 
6 7 10 11 
6 8 9 
6 
6 
6 9 10 13 
3 4 7 8 9 11 12 13 
6 7 8 9 12 
6 7 10 11 
6 7 10 11 
6 10 
8 9 
8 12 
6 7 8 12 
6 7 8 11 12 
6 7 11 
6 10 
6 
6 
6 
6 10 
6 8 
6 8 12 
7 8 9 12 13 
9 13 
6 
6 9 
2 3 6 7 10 11 
6 8 9 
6 8 9 
6 7 8 12 
6 7 8 10 12 
6 7 8 11 12 
6 7 9 11 
6 7 9 10 11 
10 

9 13 
6 9 
6 
6 
9 


6 
6 9 
6 7 8 9 11 12 
6 8 9 10 
6 9 10 
6 9 10 
6 7 10 11 
3 6 7 8 9 10 11 
3 4 6 7 8 11 12 
4 5 6 8 9 12 13 16 
6 9 
6 8 9 
6 8 
6 8 12 
6 8 12 
6 7 11 
6 7 9 10 11 13 
6 10 
6 
6 7 10 11 
6 8 9 10 
6 8 9 10 
6 8 10 
6 7 10 11 
3 4 6 7 8 9 11 12 
4 6 7 8 10 11 12 
6 7 8 
6 8 9 12 
6 7 10 11 
6 8 10 12 
6 8 9 12 
6 8 9 12 
2 3 4 6 7 8 9 10 11 12 
4 5 6 7 8 9 11 12 
6 7 10 11 
6 
6 

6 
6 
6 8 
6 7 8 9 10 11 
6 7 8 11 12 
6 8 9 10 
6 
6 
6 10 
6 8 9 
6 7 8 12 
8 9 12 
7 8 11 12 
6 7 8 9 10 11 
6 7 8 9 10 11 
6 9 
9 
9 
6 9 
9 
8 9 
7 8 
6 7 8 
6 7 8 9 
7 
7 8 9 12 13 
6 7 8 9 12 13 
6 9 10 13 
6 9 13 
6 
6 9 
6 8 9 
6 7 8 11 12 
6 7 10 11 
6 
7 8 9 
2 3 4 6 7 8 10 11 12 
6 7 10 
6 8 9 
7 8 11 12 
6 8 9 10 
6 7 8 10 11 12 
5 6 8 9 12 13 17 
4 5 8 9 12 13 
7 8 11 12 
6 7 11 
6 7 9 11 
6 8 9 
6 7 8 9 
6 7 8 9 12 
8 9 
7 8 9 10 11 12 
6 7 8 9 10 11 12 13 
6 7 8 9 10 11 12 13 
6 7 8 10 11 
6 7 10 11 
6 7 9 10 11 
6 7 8 10 
6 7 8 
6 8 
6 8 10 
6 7 8 9 10 12 
6 7 8 10 11 12 
6 7 8 10 11 12 
6 7 8 9 10 11 12 
6 7 8 9 10 11 12 
3 4 6 7 8 9 11 12 13 
4 5 6 8 9 12 13 16 17 
5 9 13 17 
6 
6 
6 7 10 11 
6 7 8 
6 8 
6 
6 10 
6 7 8 11 12 
6 9 10 
6 8 
6 7 8 9 



6 



6 7 10 11 
9 
6 
7 8 
6 9 



6 
9 
6 7 8 9 
6 8 9 
6 
4 5 6 7 8 9 12 13 16 17 
4 6 7 8 9 12 16 
3 4 7 8 11 12 
6 7 11 
6 8 9 
6 7 8 9 
6 7 8 10 11 
6 7 8 11 12 
6 8 10 12 
6 7 8 10 11 12 
6 7 8 9 11 
6 7 8 10 11 12 
6 8 10 12 
7 8 11 12 
6 7 8 11 
6 7 9 10 
6 9 

6 7 10 11 
6 
6 7 8 11 12 
5 6 9 13 17 
4 5 6 7 8 9 10 11 12 13 
6 8 12 
6 7 8 9 11 12 
6 7 11 
6 7 11 
6 7 10 11 
6 10 
6 10 
6 8 9 10 
6 7 10 11 
8 10 
7 
6 7 
6 
6 7 
6 7 8 
6 8 10 
2 6 10 
2 3 6 7 10 11 
3 4 7 8 9 11 12 
4 5 6 7 8 9 10 11 12 13 16 17 
6 
6 8 9 12 13 
6 7 8 11 12 
6 7 10 11 
6 8 9 
7 

6 8 9 10 
6 8 9 
6 8 12 
6 7 8 10 11 12 
6 7 8 10 12 
6 7 8 9 11 12 
6 7 8 10 11 
6 7 8 9 10 11 
6 7 8 10 
7 8 
7 8 9 
7 8 
6 7 8 9 
6 7 8 9 11 12 
8 9 12 
8 12 
7 8 9 11 12 
6 7 11 
6 7 8 10 11 
6 10 
6 9 
6 9 
6 9 
6 
6 7 8 
7 8 11 12 
6 7 8 9 10 13 
6 7 8 10 12 
6 7 8 12 
7 8 9 11 12 13 
5 6 7 8 9 11 13 
6 7 8 10 11 
6 7 8 10 
6 8 
6 8 9 10 
6 7 8 10 11 
7 8 9 
7 8 
6 7 8 9 10 11 
6 7 10 11 
8 9 13 
6 7 8 9 10 11 12 13 
8 9 12 13 
8 12 
7 8 11 12 
7 11 
7 11 
7 11 
7 9 
7 
6 7 10 11 
6 8 10 
6 7 8 9 10 11 
6 7 8 9 
6 7 8 9 11 12 
6 
6 7 10 11 
7 8 9 
7 8 9 
8 9 12 
8 9 12 
6 7 8 10 11 12 
6 7 8 9 10 11 12 13 
5 7 8 9 11 12 13 17 
7 8 9 
7 
6 7 8 9 10 
6 7 8 9 10 
7 8 9 
6 7 8 10 11 
7 8 
8 9 
6 7 8 9 10 11 
6 7 8 9 10 11 
7 8 9 12 
8 9 
8 9 12 
7 8 9 12 13 
7 8 9 13 
6 7 8 9 10 11 
6 7 8 9 10 11 
6 8 10 
7 8 9 
7 8 9 12 13 
7 8 12 
7 8 12 
7 8 9 
6 7 9 
6 7 
6 8 9 10 
6 7 8 9 10 11 13 
6 8 10 12 
6 7 8 10 11 12 
6 9 10 13 
6 7 
7 
7 8 12 
7 8 
7 8 11 12 
8 
6 7 8 9 10 13 
6 7 10 11 
6 7 9 11 
6 7 8 11 12 
6 8 12 
6 7 
6 9 
6 10 
6 9 10 
6 9 
6 9 
6 7 8 
8 9 
8 9 
6 9 10 13 
7 9 
6 9 
6 8 
6 10 
6 7 8 10 11 
3 4 6 7 8 9 10 11 12 
4 5 6 7 8 9 10 11 12 13 
6 7 
6 7 8 
6 7 8 9 10 11 
6 7 8 9 11 
6 8 9 
6 7 8 9 10 11 
7 8 11 
7 8 9 11 
7 9 11 13 
6 7 8 9 11 12 
8 9 12 
8 9 12 13 
9 13 17 

7 
9 
6 7 10 11 
8 9 


6 7 8 10 11 12 
8 9 
6 7 8 10 11 12 
6 8 10 
5 6 9 13 17 
4 6 8 9 12 13 
6 7 8 10 11 12 
6 7 8 11 
6 7 9 10 11 
4 5 6 7 8 9 10 11 12 13 16 17 
3 4 5 6 7 8 9 10 11 12 13 
6 7 8 10 11 12 
6 7 9 10 11 
6 7 9 10 11 
6 7 8 10 12 
6 7 8 10 11 
6 8 
7 9 
6 
6 
6 7 10 11 
7 8 9 
8 9 12 13 
6 7 8 9 10 11 12 13 
6 7 8 9 10 11 12 13 
7 8 9 13 
6 8 
6 7 8 9 10 
6 7 9 
6 7 8 9 13 
8 9 12 13 
6 8 9 12 13 
8 9 12 13 
6 7 8 10 11 12 13 
6 7 8 9 13 
4 6 7 8 12 
3 4 6 7 8 9 11 12 13 
8 
7 8 
3 7 8 9 11 
6 7 10 11 
6 7 
6 
6 10 
6 
6 8 9 13 
6 9 13 

6 9 13 
6 7 8 10 11 
6 8 9 
7 8 
8 9 
9 13 
9 13 



7 9 11 13 


6 

9 
6 7 9 10 11 
6 7 8 10 11 12 
8 9 
7 8 
8 9 
6 7 8 9 11 12 
6 7 9 11 
6 9 10 13 
6 7 8 10 11 
8 9 13 
3 6 7 10 11 
8 9 13 
8 9 
8 9 
3 6 7 8 9 10 11 13 
7 8 9 
5 8 9 12 13 17 
4 6 7 8 9 12 13 
6 7 8 
6 7 8 10 11 12 
6 7 8 10 11 12 
6 7 8 9 12 13 
6 8 9 
6 7 8 9 12 13 
6 7 9 13 
8 9 12 13 
9 13 
6 9 10 
6 9 13 
6 8 9 12 13 
9 
9 
7 8 11 12 



6 10 
6 7 10 11 
10 
7 8 
6 7 8 10 11 
6 7 8 9 
4 6 7 8 9 12 16 
5 6 8 9 12 13 17 
7 8 12 
6 7 8 9 10 11 12 13 
6 7 8 9 10 11 12 
3 6 7 9 11 
6 7 10 11 
6 10 
3 4 6 7 8 11 12 15 16 
3 4 6 7 8 9 11 12 13 15 16 
6 7 8 9 11 12 13 
5 6 7 9 10 11 13 17 
5 6 9 13 17 
6 7 9 
7 9 
7 
7 8 
8 
8 
8 
8 
8 



9 
8 9 13 
6 7 8 9 10 11 12 13 
7 8 11 12 

8 12 
7 8 9 10 11 12 13 
6 7 8 9 10 12 13 
6 7 8 9 12 
6 7 8 9 12 
6 7 11 
6 7 
8 
7 8 12 
6 7 8 9 10 11 12 13 
6 7 8 11 12 
6 7 10 11 
6 7 9 10 11 13 
6 7 8 9 10 12 13 
6 7 8 12 
7 

7 
9 
7 8 12 
6 7 
6 7 8 9 
6 7 10 
7 8 12 
8 9 12 
7 8 9 11 12 
6 7 8 9 11 12 
4 5 6 7 8 9 11 12 13 
5 6 7 8 9 10 11 12 13 
6 7 9 10 11 
6 8 9 10 
6 8 9 10 12 
6 8 9 10 12 
6 7 8 10 11 12 
6 7 8 10 11 
7 9 11 
6 7 10 
6 7 8 10 11 
6 8 
8 
8 9 12 13 
7 8 11 12 
8 9 13 
7 8 9 11 12 13 
6 7 8 9 10 11 12 13 
6 7 8 10 12 
6 7 8 10 
6 7 8 10 11 12 
6 7 8 12 
7 8 
6 7 8 10 
8 
6 7 8 9 10 11 
8 9 
8 9 
8 9 13 
8 9 12 13 



6 







6 


6 10 
7 11 
8 

7 8 11 12 
6 7 10 11 
7 8 

7 8 11 12 
6 7 10 11 

7 11 

7 8 11 12 
6 7 8 10 11 12 
5 6 7 9 10 11 13 17 
4 5 6 8 9 12 13 16 17 
3 4 7 8 11 12 
3 5 6 7 9 10 11 13 
4 5 6 7 8 9 10 11 12 13 
6 7 8 10 11 12 
6 7 8 10 11 12 
6 8 10 
7 8 11 12 
6 7 10 11 


6 7 8 12 
6 7 8 10 11 12 
6 10 

8 12 
6 8 12 
6 
6 8 12 
6 7 8 9 10 11 12 13 
6 7 8 10 11 
6 7 11 
6 8 9 12 13 17 
6 7 8 10 12 
7 8 9 11 
6 7 8 11 
6 8 10 
6 7 8 
7 
7 
6 7 8 10 
6 7 8 11 12 
6 
6 
6 
6 7 10 11 
6 7 8 
7 8 
6 7 8 12 
6 7 8 10 11 12 
6 7 8 10 11 12 
4 6 7 8 9 10 11 12 13 
5 6 7 8 9 10 11 12 13 17 
6 7 8 10 11 12 
6 7 8 9 10 
6 7 10 11 
6 8 
6 8 
6 7 8 9 10 
6 7 8 10 11 12 
6 7 10 11 
6 7 8 
6 7 
7 
7 8 
7 8 
8 
6 8 10 
3 7 8 11 
4 5 6 8 9 12 13 16 17 
8 



6 7 10 11 
3 7 8 11 12 
4 5 8 9 12 13 

8 
8 
8 12 
8 10 12 
6 7 8 10 11 12 
7 11 
6 7 8 10 11 
6 8 10 



6 



6 7 10 11 
6 8 10 
6 10 
6 
7 
7 
7 
6 7 10 11 
7 8 
8 
8 
6 8 
6 7 8 10 11 
7 8 11 
7 8 11 12 
8 10 12 
6 7 8 10 11 12 
6 8 
6 8 
6 7 8 
6 7 
7 10 
6 7 8 9 13 
6 7 8 9 10 12 13 
6 7 8 10 12 
6 7 8 10 11 12 
4 5 7 8 9 11 12 13 16 17 
3 4 7 8 11 12 
2 3 6 7 8 10 11 
6 7 10 11 
6 10 
6 9 
6 7 8 9 12 13 
6 7 8 12 
6 
8 12 
8 9 
8 9 
9 
6 
6 7 
6 7 10 11 
6 7 8 10 11 12 


6 7 9 10 11 
6 7 9 13 
9 13 
9 


7 8 12 
6 10 

6 10 


9 13 
9 13 
8 9 12 13 16 17 
6 7 8 10 11 12 
7 9 11 
6 7 10 11 
6 8 12 
6 
6 
6 7 10 11 
6 7 
6 7 9 10 11 13 
6 8 10 
6 7 8 10 11 
6 7 8 10 11 12 
6 7 8 10 11 
6 10 
6 7 8 10 11 12 
6 

6 10 




8 12 










6 7 

6 8 9 12 13 
7 8 9 10 11 12 13 
6 10 
6 



7 8 
7 8 
6 
6 7 8 9 11 12 13 
6 7 10 11 
6 10 
6 7 10 11 
6 7 10 11 
3 4 7 8 9 11 12 13 
5 9 13 
6 8 
6 7 10 11 





10 
6 7 8 10 11 12 
7 8 11 12 
4 5 6 8 9 12 13 16 17 
6 7 
7 8 12 
7 8 11 12 
8 9 12 13 
9 13 

7 8 9 11 12 

7 8 
6 7 9 
8 9 12 13 
9 13 
7 8 9 11 12 13 
8 12 

5 6 7 9 10 11 13 
5 6 7 8 9 13 
5 8 9 12 13 
5 9 13 
6 10 

6 7 10 11 
3 6 7 11 
3 4 6 7 8 11 12 
4 5 6 8 9 12 13 16 17 
6 7 8 10 11 12 


6 7 10 11 

7 8 9 11 12 13 
6 7 8 9 10 11 12 13 
6 7 8 9 11 12 13 
7 8 9 12 
6 7 8 9 10 11 12 13 
8 
6 8 9 13 
7 8 9 


6 
6 7 8 11 12 
9 13 
6 
6 8 10 12 
7 8 11 12 
8 9 12 13 
5 7 9 11 13 17 
4 5 6 7 8 9 11 12 13 
4 6 7 8 10 12 
6 7 8 10 12 
6 7 
8 12 
6 7 8 10 11 12 
8 12 

8 12 
7 8 11 12 
6 7 8 9 10 11 
7 8 12 
6 7 8 12 
9 


9 
9 13 
6 7 
9 13 
8 9 12 13 
9 
9 13 
8 9 13 
6 7 8 9 10 11 12 13 
7 8 9 11 12 13 
6 7 8 10 11 
6 7 9 10 11 13 
6 7 8 9 10 11 12 13 
5 9 13 

5 8 9 13 
7 
5 6 9 13 17 
4 5 8 9 12 13 
3 4 5 7 8 9 11 12 13 
7 11 
6 7 10 11 
6 10 
5 9 13 
6 10 

9 13 
4 5 8 9 12 13 
4 5 8 9 12 13 
8 9 12 13 
5 8 9 12 13 
4 5 6 7 8 9 10 11 12 13 
6 10 
4 6 8 12 
4 5 6 8 9 12 13 
4 5 6 7 8 9 12 13 
4 5 7 8 9 12 13 
8 12 
3 4 6 7 8 9 11 12 13 
9 13 
9 13 
8 12 
6 8 12 
6 7 9 13 
7 8 9 12 13 
9 13 
7 8 9 13 

6 8 
7 8 9 11 12 13 17 
6 7 8 10 11 12 
6 7 8 10 11 12 
8 12 
7 11 
6 7 10 11 
6 10 
9 13 

8 
6 7 8 10 11 
6 7 8 
7 8 9 13 
7 8 12 
2 6 7 8 10 11 12 
2 3 4 6 7 8 10 11 12 
3 4 6 7 8 10 11 
4 5 6 7 8 9 10 11 12 
6 7 8 11 12 
6 7 8 12 
7 8 11 12 
4 5 7 8 9 11 12 13 
7 8 9 11 12 13 
6 7 8 10 
6 7 10 11 
9 13 
7 8 11 
8 12 
5 7 8 9 11 12 13 17 
7 8 9 11 12 13 
6 7 8 10 11 12 
6 7 10 11 
6 10 
6 8 10 
6 7 8 10 11 
7 8 11 12 
8 12 
8 12 
7 8 9 11 12 13 
7 8 9 11 12 13 
7 8 9 11 12 
6 7 10 11 
6 7 8 10 11 
6 9 10 13 
8 9 13 
5 8 9 12 13 16 17 
6 7 8 10 11 12 
6 7 8 10 11 
6 7 8 9 10 11 13 
6 10 

6 8 

8 9 12 13 
6 7 10 11 
7 8 11 12 



6 7 8 
6 7 
6 7 8 10 11 12 
6 7 8 10 11 

6 8 
6 7 8 
6 7 8 9 13 
6 8 
6 7 8 
6 7 
7 8 11 12 
6 7 11 
6 7 8 10 11 
6 8 10 
6 8 10 
8 
6 8 
6 8 9 
6 
6 
6 7 10 11 
6 7 
7 
6 7 8 11 
6 7 8 10 11 12 
6 7 8 10 11 12 
6 7 8 10 11 12 
6 7 8 10 11 12 
5 8 9 13 
6 
6 
6 7 9 10 11 13 
7 8 9 11 13 
7 11 
6 7 8 9 11 
6 7 8 10 11 
7 8 11 12 
4 5 8 9 12 13 
5 6 7 9 10 11 13 17 
6 7 8 
6 7 
6 9 
6 7 9 10 11 13 
7 8 9 11 12 13 
6 
8 9 13 
6 8 9 12 13 16 17 

6 7 8 
6 7 
7 
6 
8 
8 

6 7 8 
7 10 11 
7 
8 9 13 
7 8 
6 7 10 11 
6 7 
6 7 8 10 11 
8 
6 8 
7 8 
9 13 
9 13 

9 13 
6 9 10 13 
6 7 10 11 
7 8 11 
7 8 9 11 12 13 
8 12 
8 12 
8 9 12 13 
7 8 9 11 12 13 
6 9 10 13 
6 8 9 10 12 13 
6 8 9 10 12 13 
7 8 9 12 13 
6 7 8 9 10 11 12 13 
6 7 8 10 11 


9 13 
9 13 
6 
9 13 
9 13 



9 13 
8 
8 12 
7 8 11 12 
6 7 9 11 13 
6 10 
7 
6 8 9 10 
6 7 10 11 
3 6 7 10 11 
3 4 7 8 11 12 
4 5 8 9 12 13 16 17 
6 8 9 12 13 
8 9 12 13 
6 7 8 
6 7 8 10 12 
8 12 
6 8 12 

6 7 8 10 11 12 
4 5 6 7 8 9 11 12 13 
5 6 7 9 13 17 
6 
6 
6 

6 

6 
6 
6 
6 
6 



6 
6 
6 
6 7 8 10 11 12 
6 7 8 
6 7 10 11 
6 7 8 9 12 13 
7 9 13 
7 8 
7 8 9 11 12 13 
8 9 13 
9 13 
6 7 8 9 12 13 
7 8 
5 7 8 9 13 17 
7 8 
7 8 
7 8 
7 8 11 
6 7 8 
6 8 

6 10 
6 10 
4 5 6 7 8 9 12 13 16 17 
6 7 8 12 
7 8 12 
6 7 8 9 12 
2 3 6 7 8 10 11 
8 9 13 
6 8 
8 
5 6 7 8 9 12 13 17 
7 8 9 12 13 
6 7 8 12 
6 7 8 10 12 
3 6 7 8 9 10 11 12 13 
4 6 7 8 10 11 12 
5 6 9 13 17 
6 
6 

6 

6 7 8 10 11 



6 7 10 11 
8 

6 7 10 11 
7 8 11 12 
6 7 8 10 11 
8 


6 7 10 11 
6 7 8 9 10 11 12 13 
7 8 9 11 12 13 
6 8 10 12 
6 
6 7 8 12 
7 8 
7 8 12 
7 8 
8 9 12 13 
8 9 12 13 
9 13 

6 7 9 10 11 13 
7 8 9 11 12 
8 12 
7 11 

4 5 6 8 9 12 13 
5 8 9 13 17 
6 7 8 10 11 
6 7 8 10 11 
7 8 9 11 13 
6 7 8 10 11 
8 
5 8 9 13 
8 
5 8 9 12 13 
8 9 13 
8 
8 9 13 
6 7 8 9 10 11 13 
7 8 
8 
8 
7 8 11 12 
8 9 12 13 
6 8 
6 8 9 13 
5 6 8 9 13 
6 8 
8 
5 8 9 13 
6 8 
6 8 
8 
6 8 
6 8 
8 
8 
8 
8 9 13 
7 8 9 13 
8 
6 8 9 10 12 13 
7 8 
8 
5 8 9 13 
4 5 8 9 12 13 
8 9 12 13 
6 8 12 
6 8 
6 8 9 13 
6 7 8 10 11 
6 7 8 10 
6 7 8 9 10 13 
6 8 9 10 13 
7 8 11 12 
8 
6 7 8 10 11 
6 7 8 
8 
8 
6 8 
8 
7 8 11 
5 7 8 9 11 12 13 
8 12 
6 8 12 
6 7 8 11 12 
6 7 8 10 11 
6 7 8 10 
6 8 10 
8 9 13 
8 
6 8 9 13 
6 8 
6 7 8 9 13 
9 13 
8 
6 8 
8 
6 8 
8 
6 8 
6 7 8 10 
6 7 8 10 11 
6 7 8 10 11 
6 7 8 11 12 
6 7 8 10 
6 7 8 
6 7 8 10 
7 8 
7 8 11 12 
8 12 
6 7 8 11 
7 8 11 12 
4 5 6 7 8 9 10 11 12 13 16 17 
8 
7 8 11 
3 4 7 8 11 12 
4 8 9 12 13 16 17 
6 7 8 10 11 
4 5 7 8 9 11 12 13 16 17 
4 5 6 7 8 9 10 11 12 13 
6 8 9 12 13 
4 5 7 8 9 11 12 13 16 17 
5 7 8 9 11 12 13 17 
8 
6 7 8 
2 3 5 6 7 8 9 10 11 13 17 
2 3 4 5 6 7 8 9 10 11 12 13 16 17 
4 8 9 12 13 
3 4 7 8 9 11 12 13 
6 7 8 10 11 
7 8 9 10 13 
6 8 9 
6 8 
6 7 8 9 12 13 
6 7 8 9 10 11 13 
4 5 6 7 8 9 10 11 12 13 
6 7 8 10 11 12 
3 4 6 7 8 10 11 12 
3 6 7 8 11 12 
2 3 4 5 6 7 8 9 10 11 12 13 
6 7 9 10 11 13 
6 7 8 
6 7 8 
6 8 
6 7 8 10 11 
7 8 9 11 12 13 
6 7 8 9 10 11 12 13 
6 8 9 12 13 
5 6 7 9 13 
6 8 
9 13 
6 8 9 12 13 
6 8 9 12 13 
8 12 
5 8 9 12 13 
8 12 



7 8 12 
8 9 12 13 
8 9 12 13 
7 8 9 11 12 
7 9 11 13 
6 7 8 10 11 
6 8 10 
6 7 8 10 11 
7 8 
6 7 8 
8 
8 9 13 
8 
8 9 10 13 
2 5 6 7 8 9 10 11 12 13 
3 7 8 9 11 13 
3 4 7 8 11 12 
4 5 6 8 9 12 13 16 17 
5 6 8 9 10 13 17 
8 9 12 13 
7 8 11 
6 7 8 9 10 11 12 13 
6 7 8 10 
6 8 10 12 
6 8 9 12 
7 8 11 
6 7 8 10 11 
8 
7 8 
6 7 8 10 12 
6 7 8 10 11 
7 8 
6 7 8 12 
6 8 9 12 
4 5 6 8 9 12 13 16 17 
5 6 8 9 12 13 17 
6 8 
6 8 
8 
8 
9 13 
4 5 7 8 9 11 12 13 
6 7 8 10 11 
8 10 12 
7 8 11 12 
6 7 10 11 
6 7 8 10 11 12 
6 7 8 10 11 
6 7 8 
2 6 7 10 11 
2 3 4 6 7 8 10 11 12 
3 4 6 7 8 10 11 12 
6 7 8 10 
7 8 11 12 
7 8 10 11 12 
6 7 8 10 11 
6 7 8 10 11 
6 7 8 10 11 
7 8 11 12 
5 6 7 8 9 10 12 13 17 
6 7 
5 6 7 8 9 10 11 13 
6 7 8 9 10 11 12 
6 7 8 9 10 11 12 13 
8 9 
4 5 7 8 9 11 12 13 16 17 
6 8 9 10 13 
8 9 
8 
8 
7 8 
6 7 8 
6 7 8 
8 
6 7 8 9 
6 7 8 
7 8 11 
7 8 9 11 12 13 17 
8 
6 7 8 9 10 11 12 13 
8 9 13 
6 7 8 
8 
7 8 9 
8 9 
8 9 
2 3 4 6 7 8 
8 9 12 
8 9 
8 9 12 
7 8 9 12 
6 8 12 

6 8 

7 8 11 12 

6 7 8 10 11 12 
6 7 8 9 10 11 12 13 
8 9 12 13 
6 7 8 9 10 11 12 13 
2 3 6 7 8 9 10 11 12 13 
3 6 7 8 9 10 11 13 
3 4 6 7 8 9 10 11 12 13 
5 6 8 9 10 12 13 17 
7 8 9 
7 8 9 11 12 13 


7 8 9 11 12 13 
6 8 9 10 12 13 
9 
7 8 9 12 
6 7 8 9 12 13 
6 8 9 10 12 13 
6 7 8 9 11 12 13 
8 9 12 13 
6 7 8 9 10 11 13 
6 7 8 10 11 12 
6 8 
6 9 
6 9 
6 7 8 10 11 
6 7 8 9 13 
6 9 
6 9 13 
6 8 
6 10 
6 7 8 9 10 11 12 13 
6 7 11 
7 8 9 11 12 13 
7 8 11 
6 7 8 10 11 12 
4 5 7 8 9 10 11 12 13 
5 7 8 9 11 12 13 17 
4 5 8 9 12 13 16 17 
8 9 12 13 16 17 

6 8 9 
7 
7 8 9 
6 7 
6 8 9 12 13 16 17 
6 
8 
4 5 8 9 12 13 16 17 
4 5 7 8 9 11 12 13 16 17 
7 9 11 
4 5 6 7 8 9 10 11 12 13 16 17 
4 5 6 8 9 10 12 13 16 17 

6 7 8 9 10 11 12 13 15 16 17 
5 6 7 8 9 10 11 12 13 
7 8 9 13 
8 9 10 12 13 
9 13 
6 9 10 
7 8 9 13 
6 7 10 11 
9 
7 8 11 12 
6 7 9 10 11 13 
5 6 7 9 10 11 13 
6 7 8 
6 8 9 10 
6 7 8 9 10 11 12 13 
6 7 8 9 10 11 12 13 
4 5 6 8 9 12 13 16 17 
3 4 7 8 9 11 12 
3 7 8 11 
2 6 9 10 13 
7 
9 
6 8 10 
6 7 8 10 11 12 
6 7 8 10 11 
6 7 10 11 
6 10 
6 8 
6 7 10 11 
8 10 
6 7 8 9 10 11 12 
6 8 9 10 12 13 16 17 
6 7 9 10 13 
3 6 7 9 11 13 
4 5 6 7 8 9 10 11 12 13 
6 7 8 9 12 13 
7 8 
8 9 12 13 

6 8 9 12 13 


6 7 8 9 10 11 12 13 
6 7 8 9 10 
6 7 8 
6 
8 
6 8 
6 8 
6 
6 7 8 
6 7 9 10 11 13 17 
7 8 9 11 12 13 
6 7 8 9 10 11 
6 7 8 9 10 11 12 13 
6 7 8 9 13 
9 
6 8 9 13 
6 8 9 10 12 13 
6 7 8 9 10 11 12 13 
6 7 8 9 10 11 12 13 
7 8 
4 5 8 9 12 13 16 17 
4 7 8 9 11 12 
7 11 
6 7 8 9 10 11 12 13 
7 8 11 12 
8 9 12 13 
4 5 7 8 9 11 12 13 
2 3 5 6 7 8 9 10 11 12 13 17 
6 7 8 9 10 11 12 13 
7 10 11 
6 7 10 11 
7 
7 8 9 
8 9 12 13 

9 
8 9 12 13 
9 
8 9 12 13 

6 7 10 11 
6 7 8 9 10 11 12 13 
6 
6 7 8 
6 7 10 
6 7 
6 7 8 
6 7 
6 7 8 9 12 13 
6 7 9 
6 7 8 9 10 11 12 13 
6 8 9 10 12 13 
6 7 8 9 10 11 12 13 
6 7 8 9 10 11 12 
6 7 11 
6 7 9 10 11 
6 7 8 10 11 12 
6 7 

8 9 12 13 
4 5 6 8 9 10 12 13 16 17 
8 12 
8 9 12 13 
5 8 9 12 13 17 
5 9 13 

8 9 12 13 
8 9 12 13 
9 13 
9 13 

9 13 
6 7 8 10 11 12 
6 9 13 
6 7 8 10 11 12 
6 7 8 9 12 13 
6 7 8 12 
8 9 12 
6 8 12 
6 
6 
9 
8 
9 


9 
7 8 9 11 12 13 
6 7 8 10 11 12 
3 4 7 8 9 11 12 13 
6 7 10 11 
6 10 
8 9 
5 8 9 12 13 
4 5 7 8 9 12 13 
6 7 11 
8 9 
6 8 9 
9 
6 8 10 12 
6 7 8 9 10 12 13 
5 6 7 8 9 10 11 12 13 
6 7 8 10 
6 7 10 11 
6 7 8 10 12 
6 7 8 9 10 11 12 
6 7 8 11 12 
6 7 8 9 10 11 12 
6 7 8 10 11 12 
6 7 8 10 11 12 
6 7 8 10 11 12 
6 7 8 10 11 
6 
6 8 9 10 
7 8 11 
7 8 
6 7 8 
6 7 10 11 
6 
5 8 9 13 
7 8 11 
6 8 
8 
2 3 4 5 6 7 8 9 10 11 12 13 16 17 
3 6 7 8 9 11 13 
6 7 8 10 11 
6 7 10 
7 8 9 12 13 17 
7 
6 7 
6 7 8 9 10 11 12 13 
6 7 8 10 11 12 
7 8 9 11 12 13 
6 7 8 10 11 12 
6 7 8 9 10 11 12 13 
6 7 9 11 13 
6 7 10 11 
6 7 10 
6 7 8 
6 7 8 9 
6 7 10 11 
6 7 8 9 10 11 12 13 
8 9 13 
6 7 10 11 
6 7 8 9 13 
6 7 10 11 
7 8 11 12 
8 12 
6 8 9 12 13 
6 8 12 
6 7 11 
6 7 9 10 11 13 
6 10 
6 7 8 

6 8 9 12 13 
6 8 12 
6 8 9 12 13 
7 11 
6 7 10 11 
6 10 
6 7 8 
6 

6 
6 
6 
6 
6 7 
6 
6 
6 8 
6 7 8 10 11 12 
6 7 8 
6 
6 7 8 

6 7 8 11 12 

6 
6 8 9 12 13 
6 7 8 10 11 12 
8 10 
7 
2 6 7 10 
2 3 6 7 10 11 
3 7 11 
3 4 7 8 10 11 12 
4 5 7 8 9 12 13 16 17 
6 7 8 11 12 
6 8 9 13 
7 8 9 13 
7 9 13 
7 11 
6 7 8 9 10 11 13 
6 8 10 
8 9 10 12 13 
7 8 12 
7 8 9 13 
6 7 8 10 11 
7 8 11 12 
6 7 10 11 
6 7 8 10 12 
6 7 8 
6 
6 7 10 11 
6 
8 9 12 13 

9 13 
9 13 
6 7 



6 


6 

8 12 
6 7 8 9 10 11 12 13 
6 7 10 11 
7 8 
7 8 11 12 
6 7 8 9 10 11 12 
7 8 11 12 
6 7 8 10 11 12 
6 7 8 10 11 12 
7 8 11 12 
6 7 8 10 11 
6 7 8 10 11 
6 7 10 
7 
6 7 8 9 12 13 
6 
5 6 8 9 10 12 13 17 
4 5 8 9 12 13 
3 4 7 8 9 11 12 13 
3 7 11 
6 7 8 9 10 11 12 13 
6 7 8 9 10 11 12 13 
8 9 12 13 
6 8 9 12 13 
4 5 6 8 9 12 13 
6 
6 9 13 
6 
2 3 4 6 7 8 10 11 
2 3 6 7 9 10 11 13 
3 6 7 8 9 10 11 13 
4 8 9 12 13 
5 6 8 9 12 13 17 
9 10 13 
6 7 8 10 11 12 
6 7 8 9 10 11 12 13 
6 7 8 10 11 12 
5 7 8 9 11 12 13 16 17 
6 7 8 9 11 12 13 
6 7 8 9 11 12 13 
7 8 11 12 
4 7 8 9 12 13 
5 6 8 9 12 13 17 
8 9 12 13 
7 8 9 11 12 13 
6 7 8 9 10 11 12 13 
6 7 8 11 12 
6 7 8 9 11 12 13 
6 7 8 9 10 11 12 13 
6 7 8 9 10 11 12 13 
8 12 
8 10 12 
6 8 9 10 12 13 
6 7 8 10 11 12 
6 7 8 9 11 
6 7 8 9 11 12 13 
6 7 8 11 12 
6 8 12 
6 7 8 9 10 11 12 13 
3 4 6 7 8 9 11 12 13 
4 5 6 8 9 12 13 16 17 

6 8 12 
8 9 12 13 
8 9 12 13 
8 9 12 13 
8 9 13 
7 8 9 13 
6 10 
6 7 8 10 11 
6 8 9 13 
2 3 6 7 8 10 11 12 
8 9 
6 9 13 

6 7 9 13 
7 8 
8 
6 10 
6 8 10 
7 
2 6 7 10 
7 
7 8 11 

8 
8 9 13 
8 12 
6 7 8 10 11 12 
6 7 10 11 
4 5 6 8 9 10 12 13 16 17 
3 4 7 8 11 12 
3 7 8 11 
6 7 10 11 
6 
2 3 6 7 10 11 
8 
6 
6 
6 7 8 9 12 13 
6 7 8 10 11 
8 9 12 13 
6 8 12 
6 7 8 9 12 13 
7 8 
7 8 11 12 
7 11 
3 7 8 11 12 
3 4 7 8 9 11 12 13 
3 4 7 8 9 11 12 13 17 
4 6 7 8 10 11 12 16 
4 6 7 8 9 10 11 12 13 16 
4 5 7 8 9 11 12 13 16 17 
5 6 7 8 9 11 12 13 17 
6 8 9 10 13 
6 7 8 9 10 11 12 13 
6 8 9 12 13 
8 9 13 
6 7 9 10 13 
6 7 8 11 12 
6 9 13 17 
6 7 8 
7 
6 8 
7 8 
6 7 8 
6 7 
6 

7 8 9 13 
6 7 8 11 12 
6 7 8 
8 

8 12 
6 9 13 
7 8 11 
6 7 8 9 10 11 
8 
6 9 13 
7 11 
7 8 

6 7 8 9 11 12 13 
6 7 10 11 
6 8 9 10 13 
6 8 10 
6 8 
6 8 
8 10 
6 8 10 
6 7 
6 7 
6 7 10 11 
6 7 8 
6 8 
6 7 10 11 
6 8 10 
8 
8 
6 7 8 10 11 
8 9 13 
5 7 8 9 12 13 17 
4 6 8 12 
6 7 11 
6 8 9 10 12 13 
8 9 13 
8 9 12 13 
6 
8 12 
6 8 9 10 12 13 
7 8 9 13 
8 
6 
6 8 9 12 13 
6 7 8 10 11 12 
6 7 8 10 11 
7 8 
7 8 9 12 13 
6 8 12 
3 4 7 8 11 12 
3 6 7 11 
6 8 9 12 13 
6 8 9 12 13 
6 7 10 
6 7 8 9 12 13 
6 7 8 9 10 11 12 13 
8 9 12 13 
8 9 12 13 
8 9 12 13 
6 8 9 12 13 
3 6 7 8 9 10 11 12 13 
6 10 
6 7 8 10 
6 7 8 9 11 12 13 
3 4 6 7 8 9 10 11 12 13 
6 7 8 9 10 11 12 13 
6 7 8 10 11 
6 7 8 10 
7 8 
8 
8 
6 8 


6 
7 8 11 12 

6 7 10 11 
6 7 8 9 10 11 12 13 
6 7 8 10 11 
7 8 12 
8 9 12 13 
6 8 12 
7 8 11 12 
6 7 11 

6 7 10 11 
6 7 10 11 
3 6 7 8 10 11 
4 7 8 12 
4 5 7 8 9 12 13 

4 5 6 8 9 12 13 16 17 
6 7 10 11 
6 8 
6 7 8 9 10 11 12 13 
6 7 8 9 10 11 12 13 
6 8 
6 9 13 
6 
9 13 
6 8 9 12 13 
6 7 8 10 11 12 
8 9 10 

8 9 12 13 
6 8 9 12 13 

7 8 9 11 12 13 
6 9 10 13 
9 13 

6 
6 7 8 9 10 11 13 
7 8 11 12 
8 
7 
6 8 9 
6 8 9 13 
8 9 13 
7 8 12 
4 5 6 8 9 12 13 16 17 
4 6 8 9 10 11 12 13 
6 7 8 10 11 12 
6 7 10 11 
6 7 9 10 11 13 
6 7 10 11 
2 6 7 8 10 11 
6 7 8 10 11 12 
6 7 8 9 10 11 12 13 
5 6 7 8 9 11 12 13 17 
8 9 13 
8 9 13 
8 9 12 13 
6 8 9 12 13 
8 12 
8 9 12 13 
6 8 
6 
6 10 
6 10 
6 7 

2 3 6 7 9 10 11 13 
2 6 7 8 10 
7 8 9 13 
7 8 9 13 
8 
6 8 9 
6 7 8 10 
6 7 8 10 11 12 
6 7 8 10 11 
7 8 
7 8 
5 9 13 17 
8 9 12 13 
7 8 11 12 
7 9 11 13 
6 7 10 11 
6 7 10 11 
6 8 10 
6 10 
6 10 
6 
6 
6 
6 10 
6 7 8 10 11 12 
6 
6 7 9 10 13 
6 7 8 9 13 
6 7 9 13 
6 7 8 9 10 11 13 
7 8 9 13 
8 9 13 
6 8 9 12 13 
6 7 8 9 11 12 
6 7 8 10 11 12 
6 10 
6 7 8 10 11 
8 


9 13 
6 9 13 
6 8 

8 
8 12 
8 12 
7 8 11 12 
7 8 11 12 
6 10 


5 9 13 
4 5 8 9 
4 5 8 9 
4 5 7 8 9 
6 7 8 
3 4 7 8 11 12 
2 3 4 6 7 8 9 10 11 12 
2 3 6 7 8 10 11 12 
5 6 7 8 9 10 11 12 13 
6 7 10 11 
6 
2 6 10 
2 3 6 7 10 11 
7 8 
6 7 8 
5 6 9 13 

7 8 11 

6 9 13 
9 13 
7 10 11 
7 8 9 11 12 13 
9 13 
6 7 9 10 11 13 
5 8 9 13 
6 
6 8 9 13 
8 9 
6 7 8 9 10 
6 8 
9 
2 3 4 6 7 8 9 10 11 12 13 
6 8 9 
8 9 
6 
6 7 8 10 11 12 
6 7 8 11 12 
8 12 
7 8 12 
6 
6 8 12 
6 8 12 
8 12 
6 8 12 
6 8 12 
6 8 12 
6 8 12 
6 8 12 
6 8 12 
6 8 12 
6 7 8 12 
6 7 8 12 
6 7 8 10 12 
6 8 10 12 
6 7 8 12 
7 8 12 
7 8 11 12 
8 12 
8 12 
6 8 10 12 
8 12 
6 7 8 9 11 12 13 
6 10 
4 5 8 9 12 13 
8 12 
6 8 12 
6 8 12 
6 7 8 11 12 
8 9 12 13 
4 5 6 7 8 9 11 12 13 
3 4 6 7 8 9 11 12 13 
3 7 8 9 11 12 13 
6 7 9 10 11 13 
6 7 8 9 10 11 12 13 
6 7 8 9 11 12 13 
6 7 9 11 13 
7 8 9 13 
6 8 9 
6 7 
7 8 9 
6 7 8 10 11 12 
5 7 8 9 11 12 13 17 
7 8 9 11 12 
6 7 8 9 10 11 13 
6 7 8 10 11 
6 7 8 9 10 12 13 16 17 
6 8 10 
7 8 11 12 
6 7 8 9 10 11 
6 7 8 10 
6 7 8 
6 8 
6 7 8 9 12 
6 8 9 12 13 
6 7 8 11 
6 7 8 9 10 11 
6 10 
6 
6 
7 8 12 
6 7 8 
6 8 10 
8 9 12 
6 7 8 10 11 12 
2 3 4 6 7 8 10 11 12 
6 8 9 
6 7 10 11 
6 8 9 12 13 
7 8 10 
7 8 10 11 12 
6 7 8 9 10 11 12 13 
6 7 8 9 10 11 12 13 
7 8 9 11 12 13 
3 4 7 8 9 11 12 13 
4 5 8 9 12 13 16 17 
5 6 7 8 9 12 13 17 
7 8 9 12 13 
6 7 
6 8 
2 6 8 9 10 13 
3 4 6 7 8 9 12 13 
6 7 8 10 11 12 
6 7 8 11 12 
6 7 10 11 
6 8 9 10 
6 7 8 10 11 12 
6 7 8 12 
6 7 8 11 12 
7 9 11 13 
6 7 9 10 11 13 
2 6 10 
6 7 8 9 10 11 12 13 
6 7 8 9 10 11 12 13 
5 8 9 12 13 
3 4 6 7 8 10 11 12 
6 7 8 9 10 11 
6 7 8 11 12 
6 7 9 13 
4 5 6 7 8 9 10 11 12 13 16 17 
6 8 9 13 
6 7 10 11 
7 8 
6 7 10 11 
7 8 
4 5 6 8 9 12 13 16 17 
6 7 8 11 12 
6 7 9 10 11 13 
6 7 8 9 10 12 13 
6 7 8 

8 12 
8 12 
6 
6 9 13 
4 5 6 7 8 9 12 13 
4 6 7 8 11 12 
6 7 8 10 11 
4 7 8 12 
6 
6 
6 8 12 
6 8 12 
8 12 
7 8 11 12 
6 10 
7 8 11 12 
6 7 8 10 11 12 
7 8 11 12 
6 7 8 10 11 12 
6 8 10 12 
7 8 


6 7 8 9 10 11 
6 7 8 10 11 12 
6 8 9 12 
6 7 8 
6 7 8 12 
6 7 8 9 11 12 13 
3 4 6 7 8 9 11 12 
6 7 8 11 12 
6 7 8 9 10 11 12 13 
6 7 8 9 12 13 
6 8 12 
6 7 8 12 
6 7 8 10 11 12 
6 7 8 10 11 12 
6 7 8 10 11 12 
6 8 12 
6 7 8 10 11 
6 7 8 9 12 
6 8 12 
6 8 12 
6 8 12 
6 7 8 12 
6 7 8 11 12 
6 7 8 11 
6 7 8 10 11 12 
6 7 8 10 11 12 
3 4 7 8 9 11 12 13 
8 9 12 13 
6 7 9 10 11 13 
4 5 6 8 9 12 13 
6 8 9 12 13 
6 
7 
7 
7 8 9 13 
8 9 13 
6 8 9 13 
6 7 8 9 11 12 13 
6 7 8 11 12 
6 7 8 9 11 
6 7 8 10 11 12 
6 7 8 9 10 12 13 
7 8 12 
6 7 8 10 11 12 
3 6 7 8 10 11 12 
2 3 6 7 8 10 11 12 
6 7 8 10 11 12 
6 7 8 10 11 
6 7 8 10 11 12 
8 


5 9 13 

6 10 

6 7 10 11 
7 8 


8 12 
6 7 8 10 11 12 
6 7 8 10 11 12 
6 10 
6 

6 7 10 11 
8 9 
6 7 10 11 
10 

8 9 
8 12 
6 8 9 
6 8 12 
7 8 12 
7 8 9 12 13 
6 7 8 10 11 12 
8 12 
6 7 8 10 11 12 
6 7 8 9 10 11 12 13 
6 7 8 10 11 12 
7 8 11 
6 7 11 
7 8 9 11 12 13 
6 7 8 10 11 12 
6 7 10 11 
6 7 8 10 11 
6 10 
8 9 12 13 
8 9 
8 12 
6 7 8 10 11 12 
6 10 
6 7 10 11 
7 9 13 
6 7 8 10 11 12 
8 9 12 13 
6 8 12 
7 8 11 12 
6 7 8 9 10 11 12 13 16 17 
9 13 
7 8 11 12 
7 8 9 11 12 

9 
6 9 10 
7 8 11 
6 8 
8 12 
6 8 12 
8 9 12 13 16 17 

8 12 
6 7 10 11 
7 
7 8 11 12 
6 7 8 10 11 
5 7 8 9 13 17 
6 8 12 

6 7 8 11 12 
6 7 8 
6 7 8 10 11 12 
6 7 8 11 12 

6 7 8 
6 7 9 10 11 13 
6 7 8 
5 7 8 9 11 12 13 
6 8 10 
6 10 
6 7 8 9 10 11 13 
6 7 8 11 12 
4 5 6 8 9 12 13 
5 6 7 8 9 11 12 13 17 
6 7 8 10 11 
6 7 8 9 10 11 12 13 
6 7 8 10 11 12 
6 7 8 9 11 12 13 
6 10 
6 7 9 10 11 
9 13 
6 8 9 12 13 
8 12 
6 7 8 10 11 12 
6 8 12 
6 8 9 12 13 
6 
6 
4 5 6 7 8 9 10 11 12 13 
6 7 8 11 
6 8 
6 7 8 
6 7 10 11 
6 8 9 13 
6 8 
8 9 12 13 
6 7 8 11 12 
6 7 8 9 12 13 
6 8 9 12 13 
8 9 12 13 

6 7 10 11 
6 8 
6 7 10 11 
6 7 9 13 
6 7 11 
7 11 
7 11 
6 7 8 11 12 
6 7 8 11 12 
6 7 8 10 11 12 
4 5 6 7 8 9 10 11 12 13 
6 7 8 9 10 11 12 13 
5 6 7 8 9 11 12 13 
6 7 8 10 11 12 
6 7 8 12 
8 9 
6 
6 
7 
7 11 
7 11 
6 7 11 
7 8 11 12 
7 8 11 12 
8 12 
5 6 9 10 13 17 
6 7 8 10 11 
8 
8 
8 
8 12 

7 8 9 11 12 13 
8 12 
6 8 9 12 13 
6 7 8 9 12 13 
6 7 

6 8 9 12 13 
6 8 12 
6 8 9 12 13 
5 6 7 8 9 12 13 
4 5 7 8 9 12 13 16 17 
4 6 8 12 16 
3 4 7 8 11 12 
3 7 11 
3 6 7 10 11 
2 3 6 7 9 10 11 13 
6 7 10 
6 7 8 9 13 
5 6 7 8 9 13 
7 8 
5 7 8 9 11 12 13 17 
4 5 6 7 8 9 10 11 12 13 
6 7 8 9 12 13 
5 6 7 8 9 13 
6 7 8 11 
6 7 8 9 10 11 13 
6 7 9 11 
4 5 6 7 8 9 11 12 13 
6 7 8 9 10 11 12 13 
6 7 8 10 11 12 
6 7 8 9 11 12 13 
6 7 8 9 11 13 17 
6 7 8 9 10 11 12 13 
6 7 8 10 12 
6 7 8 10 12 
6 7 8 9 13 
6 7 8 9 12 13 
6 7 
6 8 
6 7 8 12 
6 7 8 
6 7 
6 7 
6 8 12 
6 8 9 12 13 
7 8 11 12 
6 7 8 10 11 
4 5 6 8 9 10 12 13 16 17 
6 7 8 9 11 12 13 
2 3 4 6 7 8 9 10 11 12 13 
6 7 8 9 13 
6 7 10 
6 7 8 9 10 11 
6 7 8 9 13 
6 7 8 9 12 13 
5 7 8 9 12 13 
4 5 7 8 9 11 12 13 
4 5 7 8 9 11 12 13 
5 7 9 11 13 
6 7 10 11 
6 10 
6 8 9 10 13 
6 7 8 10 11 12 
6 7 8 10 11 
6 8 9 13 
7 8 9 13 
6 7 8 12 
6 7 8 9 12 13 
6 7 8 9 12 13 
6 9 10 13 
6 10 
6 7 
6 7 10 
6 7 8 10 11 12 
6 7 8 9 10 11 12 
6 7 8 9 
7 8 
6 7 8 
6 7 8 9 13 
7 8 
7 8 
8 9 
6 7 8 12 
6 7 8 10 12 
6 7 8 9 10 11 
6 7 8 9 11 
6 7 8 9 10 11 13 
6 7 8 10 
6 8 12 
6 8 9 12 
6 7 8 11 12 
6 7 11 
6 7 10 11 
6 10 




9 13 
8 9 
6 7 10 

9 13 
6 


6 9 13 
6 7 8 
2 6 7 8 9 10 11 13 
3 6 7 8 9 10 11 13 
4 6 7 8 10 11 12 
5 7 8 9 11 12 13 17 
6 7 
6 7 8 9 13 
6 
6 
6 
6 8 
6 7 8 
8 
8 

6 8 
6 7 8 9 
6 7 8 9 10 11 13 
8 9 12 13 

6 7 8 

5 9 13 17 
4 5 6 8 9 12 13 
8 9 12 13 
7 11 
7 11 
6 7 11 
6 7 8 10 11 
6 9 10 13 
6 

6 10 
6 7 10 11 
6 7 
6 7 
7 8 9 
6 7 8 10 
6 7 8 
6 8 9 
6 
8 
8 
6 7 8 10 11 12 
6 7 8 9 10 11 
7 8 11 
7 8 11 12 
7 8 12 
6 7 8 10 11 12 
6 8 12 
6 
6 7 10 11 
6 
8 

6 8 
8 
6 7 10 11 
6 8 
6 7 8 
6 7 8 
6 7 8 
6 7 
6 
6 
6 


6 
6 
6 
6 
8 12 
6 7 8 10 11 12 
6 7 8 10 11 12 
6 7 8 10 11 12 
6 8 10 
7 8 11 12 
7 8 11 12 
8 12 
6 7 8 10 11 12 
6 7 10 11 
5 6 7 8 9 10 11 12 13 17 
4 5 8 9 12 13 
6 8 10 12 
6 7 8 10 11 12 
7 8 10 11 12 
7 8 10 11 12 
6 7 8 9 10 11 
6 7 8 10 11 12 
6 8 12 

8 
4 5 8 9 12 13 
5 8 9 12 13 17 
6 7 8 10 11 12 
6 7 8 10 11 12 
6 7 8 10 11 
6 7 8 9 10 11 12 13 
6 10 
6 
7 8 11 
4 8 9 12 13 
4 5 6 8 9 12 13 16 17 
7 8 9 11 12 
6 8 
6 8 9 13 17 
7 8 9 12 13 16 17 
7 8 12 
6 7 8 12 
6 
6 7 8 10 11 12 
6 7 8 10 11 
6 8 9 12 13 
8 9 13 
8 
8 
6 7 8 10 11 
8 9 

8 
4 5 6 8 9 10 12 13 17 
3 4 6 7 8 10 11 12 
6 7 8 9 10 11 
6 7 8 10 11 12 
6 7 8 9 11 12 
8 12 
7 8 11 
6 7 8 10 11 
6 8 10 
6 
6 
6 
6 
6 
9 


6 7 10 11 
6 8 10 
6 7 8 11 12 
6 7 
6 7 10 11 
6 7 8 
6 7 
8 12 
8 12 
6 7 8 11 12 
7 11 
6 7 10 11 
7 8 10 11 12 
6 7 8 10 11 12 
6 10 




6 7 8 10 11 

6 



6 10 
6 7 8 10 11 12 
6 
9 13 
8 9 12 13 
8 12 
8 12 
6 8 10 12 
2 3 6 7 8 10 11 
3 4 6 7 8 10 11 12 
4 5 6 7 8 9 10 11 12 13 17 
5 6 7 8 9 13 
6 7 8 9 12 13 
7 8 12 
6 7 8 9 11 12 13 
5 6 8 9 10 12 13 
6 8 12 
6 7 8 9 12 
7 8 9 12 
6 8 12 
6 7 8 9 10 11 12 
6 7 8 10 11 12 
6 7 8 10 11 12 
6 8 12 
6 7 10 11 
6 7 8 10 
6 8 10 
6 8 10 
6 7 8 11 
3 4 6 7 8 9 10 11 12 
4 5 6 8 9 12 13 16 17 
5 8 9 12 13 17 
6 7 8 11 12 
4 6 8 12 
4 5 6 7 8 9 10 11 12 13 
5 6 7 8 9 10 12 13 
6 
6 7 8 10 
8 9 
6 8 12 
7 8 11 12 

6 8 9 12 13 
6 8 9 12 13 
6 8 9 12 
6 7 8 9 10 11 12 
7 8 9 12 13 
7 8 9 11 12 13 
6 7 8 9 10 
6 8 9 10 
6 8 9 10 
8 9 
7 8 9 
7 8 9 12 
6 7 8 9 10 12 
7 8 9 11 12 
7 11 
6 8 9 
6 7 8 10 11 12 
6 8 9 10 
6 7 10 11 
8 9 

7 8 9 11 
8 9 

8 
7 8 9 11 12 
6 7 8 9 10 
7 8 9 11 12 
8 9 
8 9 


6 8 9 10 
6 8 9 10 
6 7 8 9 10 11 
8 9 
8 9 
6 7 8 9 
6 7 8 9 
6 7 8 10 11 
6 7 8 9 10 11 12 13 
7 11 
6 7 8 9 10 11 12 
6 8 9 12 13 
7 8 
7 8 9 

6 7 8 10 11 12 
8 10 12 
5 7 8 9 13 17 
7 8 11 12 
6 8 9 10 
6 8 9 
6 8 9 
8 9 
6 7 8 12 
6 7 8 9 10 11 
6 8 9 
6 8 9 
6 
8 9 
4 5 6 7 8 9 10 11 12 13 16 17 
3 4 7 8 9 11 12 
6 7 8 9 11 
6 8 9 
6 7 8 9 

2 3 4 6 7 8 10 11 12 
3 4 5 6 7 8 9 10 11 
6 8 9 10 
6 7 8 9 10 
6 7 8 9 10 
6 8 10 
6 7 8 9 10 11 12 
3 6 7 8 10 11 12 
3 4 6 7 8 10 11 12 
4 5 6 7 8 9 10 11 12 13 
4 5 6 7 8 9 10 11 12 13 
5 6 7 8 9 10 11 12 13 
6 8 9 10 12 
6 8 9 10 
6 8 9 10 
8 9 10 12 13 
8 9 12 13 
8 9 12 13 
2 3 4 6 7 8 9 10 11 12 13 
6 7 8 10 11 

8 9 
7 8 9 11 12 
4 5 7 8 9 11 12 13 
6 7 8 9 10 11 
8 9 

8 9 


6 8 
6 7 10 11 
6 8 9 10 
6 8 9 10 
6 8 9 
6 7 8 9 10 
6 7 8 9 10 11 
6 7 8 9 
6 7 8 9 10 
6 7 8 10 
7 8 9 11 
7 8 9 12 
7 8 9 11 12 
7 8 9 11 
6 7 8 10 11 12 
2 6 7 8 10 11 12 
7 8 9 11 12 
6 7 8 9 10 11 
6 7 8 9 10 11 
6 7 10 11 
8 9 
6 8 9 
6 8 9 
6 8 9 
6 7 8 9 12 
6 7 8 9 12 
7 8 9 11 
6 7 8 10 11 
6 7 8 9 10 
6 8 
8 9 

8 9 
6 7 10 11 
7 8 9 
8 9 12 
7 8 9 11 
4 5 6 7 8 9 10 11 12 13 16 17 
3 4 6 7 8 9 10 11 12 
2 6 7 8 10 11 12 
2 3 6 7 10 11 
3 4 6 7 8 10 11 12 
3 4 6 7 8 9 11 12 13 
4 5 6 8 9 12 13 16 17 
5 6 7 8 9 13 17 
6 7 8 9 10 11 

8 9 



6 8 9 10 
6 7 10 11 
6 7 8 10 
8 
6 8 9 12 13 
6 9 
8 
6 8 9 
5 8 9 12 13 17 
4 7 8 12 16 
3 6 7 8 10 11 
2 6 7 8 10 11 12 
6 7 8 10 11 
6 7 8 9 
6 7 10 
6 7 8 9 10 
6 7 
6 10 
2 6 7 10 11 
3 6 7 8 9 10 11 12 
3 4 6 7 8 9 10 11 12 
4 5 6 8 9 12 13 16 17 
6 7 8 11 
6 7 8 9 
6 7 8 9 10 11 
6 7 8 9 10 11 
6 7 8 10 
6 7 8 
6 8 10 
6 7 8 9 10 11 12 
6 7 8 10 11 
6 7 8 10 11 
2 6 7 10 11 
2 3 6 7 8 9 10 11 
3 4 6 7 8 9 11 12 
4 6 7 8 9 12 16 
4 5 6 7 8 9 10 11 12 13 16 17 
5 6 8 9 12 13 
6 7 8 
7 
7 
6 7 8 
6 7 8 12 
6 7 8 12 
6 8 12 
8 
6 7 10 11 
6 8 9 
6 7 8 10 
6 7 8 9 
6 7 8 10 11 
6 7 8 9 10 
6 7 8 9 10 11 12 
6 7 10 11 
6 7 8 9 11 12 
5 8 9 12 13 
6 8 9 
6 8 9 
6 
6 7 8 9 11 
6 7 
7 
6 7 10 11 
6 7 8 9 10 11 
3 4 7 8 11 12 15 16 
7 8 
6 
3 4 6 7 8 9 10 11 12 15 16 
3 4 6 7 8 10 11 12 15 16 
4 5 6 7 8 9 11 12 13 16 17 

8 9 
7 8 12 
6 7 8 9 11 
4 5 6 7 8 9 10 11 12 13 16 17 
5 9 13 
6 7 8 10 11 
6 7 8 9 10 11 12 13 
7 8 9 12 13 
7 8 11 12 
7 8 9 11 
6 7 8 10 11 
5 8 9 12 13 
5 8 9 12 13 
8 9 
