2 3 6 7 8 9 10 11 12 13 15 16 17 
2 3 6 7 8 9 10 11 12 13 15 16 17 
2 3 6 7 8 10 11 12 13 15 16 17 
2 3 4 6 7 8 10 11 12 13 14 15 16 17 
2 4 6 7 8 11 12 13 15 16 17 
2 3 6 7 8 10 11 12 13 15 16 17 
3 6 7 8 10 11 12 15 16 17 
2 3 6 7 8 10 11 12 14 15 16 
2 3 6 7 8 10 11 12 14 15 16 
2 3 6 7 8 10 11 12 13 14 15 16 17 
2 4 6 7 8 10 11 12 13 14 15 16 17 
2 3 4 6 7 8 10 11 12 13 15 16 17 
2 3 6 7 8 11 12 13 15 16 17 
2 3 6 7 8 10 11 12 15 16 17 
2 6 7 8 10 11 12 15 16 
2 3 4 6 7 8 10 11 12 15 16 17 
2 3 6 7 8 10 11 12 14 15 
2 3 6 7 8 10 11 12 14 15 16 
2 3 4 6 7 8 10 11 12 15 16 17 
2 3 4 6 7 8 11 12 15 16 
2 3 4 6 7 8 11 12 15 16 
2 3 6 7 8 10 11 12 13 15 16 17 
2 3 4 6 7 8 10 11 12 13 15 16 17 
2 3 4 6 7 8 9 10 11 12 13 14 15 16 
2 3 4 6 7 8 9 10 11 12 13 15 16 
2 3 4 6 7 8 9 11 12 13 15 16 17 
2 3 4 6 7 8 9 11 12 13 15 16 17 
2 3 4 6 7 8 9 10 11 12 13 15 16 17 
2 3 4 6 7 8 9 10 11 12 13 14 15 16 17 
2 3 4 6 7 8 9 10 11 12 13 14 15 
2 3 4 6 7 8 9 10 11 12 13 15 
2 3 6 7 8 9 10 11 12 13 15 16 
2 3 6 7 8 9 11 12 13 15 16 17 
2 3 6 7 8 11 12 13 15 16 17 
2 3 6 7 8 11 12 13 15 
2 3 6 7 8 10 11 12 13 15 16 
2 3 6 7 8 10 11 12 13 14 15 16 17 
3 6 7 8 10 11 12 13 14 15 16 17 
2 3 6 7 8 10 11 12 13 14 15 16 
2 3 6 7 8 10 11 12 13 15 16 17 
2 3 6 7 8 11 12 13 15 16 17 
2 3 6 7 8 9 10 11 12 13 15 16 17 
2 3 6 7 8 9 10 11 12 13 15 16 17 
2 3 4 6 7 8 10 11 12 13 15 16 17 
2 3 6 7 8 11 12 13 15 16 17 
2 3 6 7 8 10 11 12 13 15 16 17 
2 3 6 7 8 11 12 15 16 17 
2 3 6 7 8 10 11 12 15 16 17 
2 3 6 7 8 10 11 12 15 16 
2 3 6 7 8 10 11 12 15 16 
2 3 6 7 8 11 12 13 15 16 17 
2 3 6 7 8 10 11 12 13 15 16 17 
2 3 6 7 8 10 11 12 13 15 16 17 
2 3 6 7 8 11 12 13 15 16 17 
2 3 6 7 8 11 12 13 15 16 17 
2 3 4 6 7 8 12 13 15 16 17 
2 3 6 7 8 10 11 12 13 16 17 
2 3 6 7 8 10 11 12 15 16 17 
2 3 6 7 8 11 12 13 15 16 17 
2 3 4 6 7 8 10 11 12 15 16 17 
2 3 4 6 7 8 10 11 12 15 16 
2 3 4 6 7 8 10 11 12 15 16 17 
2 3 4 6 7 8 10 11 12 15 16 
2 3 4 6 7 8 11 12 15 16 
2 3 4 6 7 8 11 12 15 16 
2 3 4 6 7 11 
2 3 4 6 8 11 14 15 

2 3 4 6 7 8 10 12 
2 3 4 6 7 8 9 10 11 12 13 15 16 
2 3 4 5 6 7 8 9 11 12 13 15 16 17 
2 3 4 6 7 8 9 10 11 12 15 16 17 
2 3 4 6 7 8 9 12 13 16 17 
2 3 4 6 7 8 9 11 12 13 16 17 
2 3 4 6 7 8 9 10 11 12 13 14 15 17 
2 3 4 5 6 8 10 13 14 15 17 
2 3 4 5 6 8 10 
2 3 4 5 6 8 9 12 13 
2 3 4 5 6 8 9 12 13 16 17 
2 3 4 5 6 7 10 
2 3 4 5 6 7 11 
2 3 4 6 7 8 10 11 14 15 
2 3 4 6 7 8 10 11 12 14 15 
2 3 4 6 7 8 10 12 16 
2 3 4 6 7 8 9 11 12 13 15 16 
2 3 4 6 7 8 9 11 12 13 15 16 17 
2 3 4 6 7 8 10 13 17 
2 3 4 6 7 8 11 12 
2 3 4 6 7 8 11 12 16 
2 3 4 6 7 8 9 11 12 13 14 15 16 17 
2 3 4 6 7 8 10 11 12 
2 3 4 6 7 8 11 12 15 16 
2 3 4 6 11 12 15 16 
2 3 4 6 
2 3 4 6 8 
2 3 4 6 8 10 
2 3 4 6 7 8 10 12 16 
2 3 4 6 7 8 12 13 16 17 
2 3 4 6 7 8 10 12 
2 3 4 6 7 8 12 16 
2 3 4 6 7 8 12 13 16 17 
2 3 4 6 7 11 15 17 
2 3 4 6 7 8 11 15 
2 3 4 6 7 8 
2 3 4 6 7 8 11 12 16 
2 3 4 6 7 8 11 12 14 15 16 
2 3 4 6 7 8 11 12 15 16 
2 3 4 6 7 8 9 12 16 
2 3 4 6 7 8 9 10 11 12 13 16 17 
2 3 4 6 7 8 11 12 13 15 16 17 
2 3 4 6 7 8 10 11 12 16 17 
2 3 4 6 7 8 10 11 12 14 15 16 17 
2 3 4 6 7 8 11 12 13 15 16 17 
2 3 4 6 7 8 11 12 13 15 16 17 
2 3 4 6 7 8 11 12 15 16 
2 3 4 6 7 8 10 11 12 13 14 15 16 17 
2 3 4 5 6 7 8 9 10 11 12 13 14 15 16 17 
2 3 4 5 6 7 8 9 10 11 12 13 14 15 
2 3 4 5 6 7 8 9 11 12 13 14 15 16 17 
2 3 4 6 7 8 9 10 11 12 13 14 15 16 17 
2 3 4 6 7 8 9 10 11 12 13 14 15 16 17 
2 3 4 6 7 8 9 11 13 
2 3 4 6 7 8 9 10 11 12 15 
2 3 4 6 7 8 9 11 12 15 16 17 
2 3 4 6 7 8 9 10 11 12 13 15 16 17 
2 3 4 6 7 8 9 10 11 12 13 14 15 16 17 
2 3 4 5 6 7 8 9 11 12 13 15 16 17 
2 3 4 5 6 7 8 9 10 11 12 13 15 16 
2 3 4 5 6 7 8 9 11 12 13 15 16 17 
2 3 4 5 6 7 8 9 10 11 12 13 15 16 17 
2 3 4 5 6 7 8 9 10 11 12 14 15 16 17 
2 3 4 5 6 7 8 9 10 11 12 14 15 16 
2 3 4 5 6 7 8 9 10 11 12 14 15 16 
2 3 4 5 6 7 8 9 10 11 12 13 14 15 16 17 
2 3 4 6 7 8 9 10 11 12 13 15 16 17 
2 3 4 5 6 7 8 9 11 12 13 15 16 17 
2 3 4 5 6 7 8 9 11 12 13 15 16 17 
2 3 4 5 6 7 8 9 11 12 13 15 16 17 
2 3 4 5 6 7 8 9 10 11 12 13 14 15 16 17 
2 3 4 5 6 7 8 9 10 12 13 16 17 
2 3 4 5 6 7 8 9 11 12 13 15 16 17 
2 3 4 5 6 7 8 9 11 12 13 15 16 17 
2 3 4 5 6 7 8 9 11 12 13 16 
2 3 4 5 6 7 8 9 10 11 12 13 14 15 17 
2 3 4 5 6 7 8 9 11 12 13 17 
2 3 4 5 6 7 8 9 11 12 13 15 16 
2 3 4 7 8 9 11 12 13 15 16 17 
2 3 4 5 7 8 9 11 12 13 15 16 17 
2 3 4 6 7 8 9 11 12 13 16 17 
2 3 4 6 7 8 11 12 13 15 16 17 
2 3 4 6 7 8 11 12 13 16 17 
2 3 4 6 7 8 10 11 12 16 
2 4 6 7 8 10 11 12 14 15 
2 3 4 5 6 7 8 10 11 12 13 14 15 16 
2 3 4 5 6 7 8 12 13 16 17 
2 3 4 5 6 7 8 11 12 13 16 17 
2 3 4 6 7 8 11 12 15 
2 3 4 6 8 11 12 15 16 17 
2 3 4 7 8 12 
2 3 4 6 7 8 12 13 16 17 
2 3 4 7 8 11 12 13 16 17 
2 3 4 5 7 8 10 11 12 14 15 
2 3 4 5 7 8 11 12 15 16 
2 3 4 5 6 7 8 9 11 12 13 15 16 
2 3 4 6 7 8 9 11 12 13 15 16 17 
2 3 4 5 6 7 8 9 11 12 13 15 16 17 
2 3 4 5 7 8 9 10 11 12 13 14 15 16 
2 3 4 5 7 8 9 10 11 12 13 14 15 16 17 
2 3 4 5 7 8 9 12 13 16 17 
2 3 4 7 8 9 11 12 13 16 17 
2 3 4 6 7 8 10 11 12 13 15 16 17 
2 3 4 6 7 8 11 12 15 16 17 
2 3 4 6 7 8 10 11 12 13 15 16 
2 3 4 6 7 8 10 11 12 13 14 15 16 17 
2 3 4 6 7 8 11 12 13 15 16 17 
2 3 4 7 8 11 12 13 15 16 17 
2 3 4 6 7 8 10 11 12 14 15 16 
2 3 4 6 7 8 10 11 12 16 
2 3 4 6 7 8 11 12 15 16 17 
2 3 4 7 8 11 12 16 
2 3 4 7 8 11 12 13 15 16 17 
2 3 4 7 8 9 11 12 13 15 16 17 
2 3 4 6 7 8 10 11 12 13 14 15 16 17 
2 3 4 5 6 7 8 11 12 15 
2 3 4 5 6 7 8 11 12 13 15 16 17 
2 3 4 5 6 7 8 11 12 13 15 16 17 
2 3 4 5 6 7 8 11 12 13 15 16 17 
2 3 4 5 7 8 9 11 12 13 15 16 17 
2 3 4 5 6 7 8 9 11 12 13 15 16 17 
2 3 4 5 6 7 8 9 11 12 13 16 17 
2 3 4 5 6 7 8 9 11 12 13 15 16 17 
2 3 4 6 7 8 9 11 12 13 15 16 17 
2 3 4 6 7 8 9 10 11 12 13 14 15 16 17 
2 3 4 7 8 9 10 11 12 13 14 15 16 17 
2 3 4 6 7 8 9 11 12 13 15 16 17 
2 3 4 6 7 8 9 11 12 13 16 17 
2 3 4 6 7 8 9 11 12 13 15 16 17 
2 3 4 7 8 9 10 11 12 13 14 15 16 17 
2 3 4 7 8 9 10 11 12 13 14 15 16 17 

2 3 4 6 8 11 12 15 16 
2 3 4 6 7 8 12 15 16 
2 3 4 7 8 11 12 16 
2 3 4 7 8 11 12 15 16 
2 3 4 6 7 8 10 11 12 15 16 
2 3 4 6 7 8 11 12 15 16 
2 3 4 6 7 8 9 11 12 13 15 16 17 
2 3 4 6 7 8 11 12 13 15 16 17 
2 3 4 6 7 8 10 11 12 13 14 15 16 17 
2 3 4 6 8 11 12 13 14 15 16 17 
2 3 4 6 7 8 12 13 15 16 17 
2 3 4 6 7 8 12 13 
2 3 4 6 7 10 11 13 17 
2 3 4 6 7 8 10 11 14 15 
2 3 4 6 7 8 12 14 15 
2 3 4 7 8 10 11 12 15 16 
2 3 4 6 8 11 12 13 15 16 17 
2 3 4 6 7 8 
2 3 4 6 7 8 11 12 
2 3 4 6 8 12 13 16 17 
2 3 4 6 7 8 12 
2 3 4 6 7 8 11 12 16 17 
2 3 4 7 10 11 15 16 
2 3 4 6 7 11 
2 3 4 6 7 8 11 15 
2 3 6 8 11 12 15 
2 3 4 6 10 12 16 
2 3 6 7 
2 3 4 6 7 10 
2 3 4 6 7 11 
2 3 4 6 7 8 11 15 
2 3 4 6 7 8 10 12 
2 3 4 5 6 7 8 9 12 13 16 
2 3 4 5 6 7 8 9 11 12 13 16 17 
2 3 4 6 7 8 10 11 12 15 16 
2 3 4 5 6 7 8 9 12 13 16 17 
2 3 4 6 7 8 9 11 12 13 16 17 
2 3 4 7 8 9 11 12 13 15 
2 3 4 6 7 8 9 10 11 12 13 15 16 
2 3 4 5 6 7 8 11 12 13 15 16 
2 3 4 6 7 8 
2 3 4 5 6 7 8 10 11 12 16 
2 3 4 5 6 7 8 11 12 15 16 
2 3 4 6 7 8 11 12 14 15 16 
2 3 4 6 7 8 10 11 12 13 15 16 17 
2 3 4 6 8 11 12 15 16 
2 3 4 6 7 8 12 13 16 17 
2 3 4 6 7 8 9 11 12 13 
2 3 4 6 7 8 9 10 11 12 13 14 15 16 17 
2 3 4 6 7 8 12 13 14 15 16 17 
2 3 4 6 7 8 11 12 16 
2 3 4 6 7 8 11 12 13 15 16 17 
2 3 4 6 7 8 10 11 12 13 14 15 16 17 
2 3 4 6 7 8 9 12 13 17 
2 3 4 5 6 7 8 9 11 12 13 17 
2 3 4 5 6 7 8 9 10 11 12 13 14 15 16 17 
2 3 4 7 8 10 11 12 14 15 16 
2 3 4 6 7 8 9 10 11 12 13 15 16 17 
2 3 4 6 7 8 9 11 12 13 15 16 17 
2 3 4 6 7 8 10 11 13 17 
2 3 4 6 7 8 10 11 12 14 15 
2 3 4 6 8 10 12 13 14 15 16 17 
2 3 4 6 8 10 
2 3 4 5 6 7 8 9 
2 3 4 6 7 8 9 10 11 
2 3 4 6 7 8 9 11 12 13 15 
2 3 4 6 7 8 9 11 12 13 15 16 17 
2 3 4 5 6 7 8 9 11 12 13 15 16 17 
2 3 4 6 7 8 9 10 11 12 13 14 15 16 17 
2 3 4 6 7 8 9 10 11 12 13 15 16 17 
2 3 6 8 9 12 13 16 
2 3 6 7 8 9 12 13 16 17 
2 3 4 6 7 8 12 13 16 17 
2 3 4 6 7 8 9 12 13 16 17 
2 3 6 7 8 11 12 13 16 17 
2 3 4 6 7 8 10 11 12 14 15 16 
2 3 4 6 7 8 11 12 14 15 16 17 
2 3 4 6 7 8 9 11 12 13 15 16 17 
2 3 4 6 7 8 10 11 12 13 14 15 16 17 
2 3 4 6 7 8 10 11 12 14 15 16 
2 3 4 6 7 8 10 12 15 16 
2 3 4 6 7 8 9 11 12 13 
2 3 6 7 8 9 11 12 13 15 16 17 
2 3 4 6 7 8 9 10 11 12 13 15 16 17 
2 3 4 6 7 8 10 11 12 13 16 17 
2 3 4 6 7 8 11 15 
2 3 4 6 7 8 10 11 12 14 15 
2 3 4 6 7 8 10 11 12 13 14 15 16 17 
2 3 4 6 7 8 11 12 14 15 16 
2 3 4 6 7 8 11 12 15 16 
2 3 4 6 7 8 11 12 13 15 16 17 
2 3 4 6 7 8 9 11 12 13 15 16 
2 3 4 6 7 8 10 12 13 16 17 
2 3 4 6 7 8 10 11 12 13 
2 3 4 6 7 8 10 11 12 13 15 16 17 
2 3 4 6 7 8 
2 3 4 6 7 8 9 11 12 
2 3 4 6 7 8 9 10 11 12 13 14 15 16 17 
2 3 4 6 7 8 9 10 11 12 13 14 15 16 17 
2 3 4 6 7 8 9 10 11 12 13 15 16 17 
2 3 4 6 7 8 10 11 12 14 15 
2 3 4 6 7 8 9 10 11 12 13 16 17 
2 3 4 6 7 8 11 12 13 15 16 17 
2 3 4 6 7 8 10 11 12 13 14 15 16 17 
2 3 4 6 7 8 12 16 
2 3 4 6 7 8 10 11 12 13 16 17 
2 3 4 6 8 11 12 13 15 16 17 
2 3 4 6 7 8 12 
2 3 4 6 7 8 10 11 12 
2 3 4 5 6 7 8 9 10 11 12 13 15 16 
2 3 4 5 6 7 8 9 11 12 13 15 16 17 
2 3 4 5 6 7 8 9 11 12 13 16 17 
2 3 4 5 6 7 8 9 11 12 13 15 16 17 
2 3 4 5 6 7 8 9 11 12 13 15 16 17 
2 3 4 6 7 8 9 11 12 15 16 17 
2 3 4 6 8 9 10 12 13 15 16 
2 3 4 6 8 9 12 13 
2 3 4 6 7 8 9 12 13 16 
2 3 4 6 7 8 10 12 13 16 17 
2 3 4 6 7 8 9 11 12 13 
2 3 4 6 7 8 9 11 12 13 15 16 17 
2 3 4 6 7 8 9 10 11 12 13 14 15 16 17 
2 3 4 6 7 8 9 10 11 12 13 14 15 16 
2 3 4 6 7 8 9 11 12 13 15 16 17 
2 3 4 6 7 8 9 11 12 13 15 16 17 
2 3 4 6 7 8 9 11 12 15 16 17 
2 3 4 5 6 7 8 9 10 11 12 13 14 15 16 17 
2 4 5 6 7 8 9 11 12 13 14 15 16 
2 3 4 6 7 8 11 12 13 15 16 17 
2 3 4 6 7 8 11 12 13 15 16 17 
2 3 4 6 7 8 9 10 12 13 16 17 
2 3 4 6 7 8 11 12 16 17 
2 3 4 6 8 9 11 12 13 15 16 
2 3 4 6 7 8 9 12 13 16 17 
2 3 4 6 7 8 13 17 
2 3 4 6 7 8 10 11 15 
2 3 4 6 7 8 10 11 12 14 15 
2 3 4 6 7 8 11 12 13 16 17 
2 3 4 6 7 8 9 10 11 12 13 14 15 16 17 
2 3 4 6 7 8 9 10 11 12 13 14 15 
2 3 4 6 7 8 9 11 12 13 16 
2 3 4 5 6 7 8 9 10 11 13 14 15 17 
2 3 4 6 7 8 9 10 11 12 13 14 15 16 17 
2 3 4 6 7 8 9 11 12 13 16 17 
2 3 4 6 7 8 9 10 11 12 13 15 16 17 
2 3 4 6 7 8 9 10 11 12 13 14 15 16 17 
2 3 4 6 7 8 9 11 12 13 15 16 17 
2 3 4 6 7 8 9 10 11 12 13 14 15 16 17 
2 3 4 6 7 8 9 10 11 13 15 17 
2 3 4 6 7 8 11 12 15 
2 3 4 6 7 8 11 12 13 15 16 17 
2 3 4 6 7 8 11 12 13 15 16 17 
2 3 4 6 7 8 9 10 11 12 13 14 15 
2 3 4 5 6 7 8 9 10 11 12 13 14 15 16 17 
2 3 4 6 7 8 11 12 13 16 17 
2 3 4 6 7 8 10 11 12 13 14 15 16 17 
2 3 4 6 7 8 9 10 11 12 13 14 15 16 17 
2 3 4 6 7 8 9 10 11 12 13 14 15 16 17 
2 3 4 6 7 8 10 11 12 13 14 15 16 17 
2 3 4 6 7 8 11 12 13 15 16 17 
2 3 4 6 7 8 9 10 11 12 13 14 15 16 17 
2 3 4 6 7 8 9 11 12 13 15 16 17 
2 3 4 6 7 8 11 12 13 15 16 17 
2 3 4 6 7 8 9 10 11 13 14 15 17 
2 3 4 7 8 9 10 12 13 15 17 
2 3 4 6 7 8 10 12 13 17 
2 3 4 6 7 8 9 11 17 
2 3 4 5 6 7 8 9 11 12 15 
2 3 4 5 6 7 8 9 10 11 12 13 15 16 
2 3 4 5 6 7 8 9 11 12 13 15 16 17 
2 3 4 5 6 7 8 9 11 12 13 15 16 17 
2 3 4 7 8 10 11 12 13 14 15 16 17 
2 3 4 5 6 8 11 12 14 15 16 
2 3 4 5 6 7 8 12 13 16 17 
2 3 4 5 6 7 8 11 12 13 16 17 
2 3 4 5 6 7 8 11 12 15 
2 3 4 5 6 7 8 11 12 13 15 16 17 
2 3 4 5 6 7 8 10 11 12 13 14 15 16 17 
2 3 4 5 7 8 9 11 12 13 15 16 
2 3 4 6 7 8 10 11 12 13 15 16 17 
2 3 4 6 7 8 11 12 15 
2 3 4 6 7 8 11 12 15 16 
2 3 4 6 7 8 9 10 11 12 14 15 16 
2 3 4 6 7 8 9 10 11 12 13 14 15 16 
2 3 4 6 7 8 9 11 12 13 14 15 16 17 
2 3 4 6 7 8 9 11 12 13 15 16 17 
2 3 4 6 7 8 9 11 12 13 15 16 17 
2 3 4 6 7 8 9 10 11 12 13 14 15 16 17 
2 3 4 6 7 8 11 12 13 14 15 16 17 
2 3 4 6 7 8 10 11 12 13 16 17 
2 3 4 6 7 8 10 11 12 14 15 
2 3 4 6 7 8 11 12 15 
2 3 4 6 7 8 10 11 12 13 14 15 16 17 
2 3 4 6 7 8 9 10 11 12 13 14 15 16 17 
2 3 4 6 7 8 9 10 11 12 13 14 15 
2 3 4 6 7 8 10 11 12 13 14 15 17 
2 3 4 6 7 8 11 12 13 15 16 17 
2 3 4 5 6 7 8 9 10 11 12 13 14 15 16 17 
2 3 4 6 7 8 9 11 12 13 16 17 
2 3 4 6 7 8 9 10 11 12 14 15 
2 3 4 6 7 8 9 10 11 12 13 14 15 16 
2 3 4 6 7 8 9 11 12 13 15 16 17 
2 3 4 6 7 8 9 10 11 12 13 14 15 16 17 
2 3 4 6 7 8 9 10 11 12 13 14 15 16 17 
2 3 4 6 7 8 9 11 12 13 15 16 17 
2 3 4 6 7 8 9 11 12 13 15 16 17 
2 3 4 5 6 7 8 9 10 11 12 13 14 15 16 
2 3 4 5 6 7 8 9 10 11 12 13 14 15 16 17 
2 3 4 5 6 7 8 9 10 11 12 13 14 15 16 17 
2 3 4 6 7 8 10 11 12 14 15 16 
2 3 4 6 7 8 9 10 11 12 13 14 15 16 17 
2 3 4 5 6 7 8 9 11 12 13 14 15 16 17 
2 3 4 5 6 7 8 9 10 11 12 13 14 15 16 17 
2 3 4 6 7 8 9 10 11 12 14 15 16 17 
2 3 4 6 7 8 9 11 12 15 16 
2 3 4 5 6 7 8 9 11 12 13 
2 3 4 6 7 8 9 11 12 13 15 16 
2 3 4 6 7 8 9 10 11 12 13 15 16 
2 3 4 6 7 8 9 12 13 16 17 
2 3 4 6 7 8 10 11 12 13 17 
2 3 4 6 7 8 11 12 13 15 16 17 
2 3 4 6 7 8 11 12 13 15 16 17 
2 3 4 5 6 7 8 9 10 11 12 13 14 15 17 
2 3 4 5 6 7 8 9 10 11 12 13 14 15 16 
2 3 4 5 6 7 8 9 10 11 12 13 14 15 16 17 
2 3 4 6 7 8 10 11 12 14 15 16 
2 3 4 6 7 8 9 10 11 12 13 14 15 16 17 
2 3 4 6 7 8 10 11 12 13 14 15 16 17 
2 3 4 6 7 8 9 11 12 13 15 16 17 
2 3 4 6 7 8 9 10 11 12 13 14 15 16 17 
2 3 4 6 7 8 10 11 12 13 14 15 17 
2 3 4 5 6 7 8 9 10 11 12 13 15 16 17 
2 3 4 5 6 7 8 9 11 12 13 15 16 
2 3 4 5 6 7 8 9 11 12 13 15 16 17 
2 3 4 6 7 8 11 12 15 16 
2 3 4 6 7 8 9 10 11 12 13 14 15 16 17 
2 3 4 6 7 8 9 10 11 12 13 14 15 16 17 
2 3 4 6 7 8 9 11 12 13 15 16 
2 3 4 6 7 8 9 11 12 13 15 16 
2 3 4 6 7 8 9 10 11 12 13 15 16 17 
2 3 4 6 7 10 11 12 13 14 15 16 17 
2 3 4 5 6 7 8 10 11 12 15 16 
2 3 4 5 6 7 8 10 11 
2 3 4 5 6 8 11 12 15 16 
2 3 4 6 7 8 12 15 16 
2 3 4 5 6 8 12 13 16 17 
2 3 4 5 6 8 10 16 
2 3 4 5 6 7 8 9 
2 3 4 5 6 7 8 9 10 12 13 
2 3 4 5 6 7 8 9 10 11 12 13 15 16 17 
2 3 4 5 6 7 8 11 12 15 
2 3 4 5 6 7 8 9 11 12 13 15 16 17 
2 3 4 6 7 8 9 11 12 13 15 16 17 
2 3 4 5 6 7 8 9 10 
2 3 4 6 7 8 9 12 
2 3 4 6 7 8 9 12 13 16 17 
2 3 4 6 7 8 9 10 12 13 16 17 
2 3 4 6 7 8 11 12 13 17 
2 3 4 6 7 8 9 11 12 13 14 15 16 17 
2 3 4 6 7 8 11 15 
2 3 4 6 7 8 11 12 15 16 
2 3 4 6 7 8 9 11 12 13 15 16 17 
2 3 4 5 6 7 8 9 11 12 13 15 16 17 
2 3 4 5 6 7 8 9 11 12 13 15 16 17 
2 3 4 6 8 9 11 12 13 15 16 17 
2 3 4 6 8 10 12 
2 3 4 6 8 9 12 13 16 17 
2 3 4 6 7 8 12 13 16 17 
2 3 4 5 6 7 8 10 12 
2 3 4 5 6 7 8 12 16 
2 3 4 5 6 7 8 11 12 16 
2 3 4 5 6 7 8 11 12 14 15 16 17 
2 3 4 5 6 7 11 12 13 15 16 17 
2 3 4 5 6 7 8 11 15 
2 3 4 5 6 7 8 12 
2 3 4 5 6 7 8 9 10 11 12 13 17 
2 3 4 5 6 7 8 11 12 13 15 16 17 
2 3 4 6 7 8 9 10 12 13 16 17 
2 3 4 6 7 8 11 12 13 16 17 
2 3 4 6 7 8 9 11 12 13 15 16 
2 3 4 6 7 8 9 10 12 13 17 
2 3 4 6 7 11 12 13 16 17 
2 3 4 6 7 8 11 15 
2 3 4 6 7 8 10 11 14 15 
2 3 4 5 6 8 9 11 15 16 
2 3 4 5 6 8 9 
2 3 4 7 8 9 12 
2 3 4 6 7 8 9 11 12 13 16 
2 3 4 6 7 8 9 11 12 13 15 
2 3 4 6 7 8 9 10 11 12 13 15 16 17 
2 3 4 6 7 8 11 12 13 15 16 17 
2 3 4 6 7 8 11 12 13 15 16 17 
2 3 4 6 7 8 9 11 12 13 15 17 
2 3 4 6 7 8 10 11 12 13 14 15 16 17 
2 3 4 6 7 8 10 11 12 14 15 16 17 
2 3 4 6 7 8 10 11 12 15 16 
2 3 4 6 7 8 11 12 15 16 
2 3 4 6 8 12 
2 3 4 6 7 8 12 16 
2 3 4 6 7 8 12 16 
2 3 4 6 7 8 11 12 
2 3 4 6 7 8 9 11 12 15 16 
2 3 4 6 8 9 11 12 13 15 16 
2 3 4 6 7 8 9 10 12 13 17 
2 3 4 6 7 8 9 11 12 13 16 17 
2 3 4 6 7 8 9 11 12 13 15 16 17 
2 3 4 6 7 8 10 11 12 13 15 16 17 
2 3 4 6 7 8 9 11 12 13 15 16 
2 3 4 5 6 8 11 12 13 15 16 17 
2 3 4 5 6 7 8 9 10 12 13 16 17 
2 3 4 6 7 8 9 10 12 13 16 17 
2 3 4 6 7 8 9 11 12 13 
2 3 4 6 7 8 9 10 11 12 13 15 16 17 
2 3 4 6 7 8 9 11 12 13 15 16 17 
2 3 4 6 7 8 10 11 12 13 14 15 17 
2 3 4 5 6 7 8 9 10 12 13 14 15 16 17 
2 3 4 6 7 8 9 12 13 16 17 
2 3 4 6 7 8 9 10 11 12 13 16 17 
2 3 4 6 7 8 9 11 12 13 16 17 
2 3 4 6 7 8 9 11 12 13 15 16 17 
2 3 4 6 7 8 10 11 12 13 14 15 16 17 
2 3 4 6 7 8 10 11 12 14 15 16 
2 3 4 5 6 7 8 10 11 12 14 15 
2 3 4 5 6 7 8 9 10 11 12 13 14 15 16 17 
2 3 4 6 7 8 9 10 11 12 13 14 15 16 17 
2 3 4 6 7 8 11 12 16 
2 3 4 5 6 7 8 9 10 11 12 13 14 15 16 
2 3 4 5 6 7 8 9 10 11 12 13 14 15 16 17 
2 3 4 5 6 7 8 9 10 11 12 13 14 15 16 17 
2 3 4 6 7 8 9 10 11 12 13 14 15 16 17 
2 3 4 7 8 9 11 12 13 15 16 17 
2 3 4 6 7 8 9 10 11 12 13 15 16 17 
2 3 4 6 7 8 9 10 11 12 13 14 15 16 17 
2 3 4 6 7 8 11 12 13 15 16 17 
2 3 4 6 7 8 10 11 12 14 15 16 17 
2 3 4 6 7 8 11 12 14 15 16 
2 3 4 6 7 8 9 10 11 12 13 14 15 16 17 
2 3 4 6 7 8 9 10 11 12 13 14 15 16 17 
2 3 4 6 7 8 9 11 12 13 15 16 17 
2 3 4 6 7 8 9 10 11 12 13 15 16 17 
2 3 4 6 7 8 9 11 12 13 15 16 17 
2 3 4 6 7 8 9 11 12 13 15 16 17 
2 3 4 5 6 7 8 9 10 11 12 13 14 15 16 17 
2 3 4 5 6 7 8 9 10 11 12 13 14 15 16 17 
2 3 4 6 7 8 9 11 12 13 16 17 
2 3 4 6 7 8 9 10 11 12 13 14 15 16 17 
2 3 4 6 7 8 11 12 13 14 15 16 17 
2 3 4 6 7 8 9 11 12 15 16 
2 3 4 6 7 8 9 11 12 13 15 16 17 
2 3 4 6 7 8 9 10 11 12 13 15 16 17 
2 3 4 6 7 8 9 11 12 13 16 17 
2 3 4 6 7 8 9 10 11 12 13 15 16 17 
2 3 4 6 7 8 10 11 12 14 15 16 17 
2 3 4 6 8 10 12 13 16 17 
2 3 4 6 7 8 12 13 17 
2 3 4 6 7 8 12 16 
2 3 4 6 7 8 10 11 12 13 16 17 
2 3 4 5 6 7 8 9 11 12 15 16 
2 3 4 5 6 7 8 9 11 12 13 15 16 17 
2 3 4 6 7 8 9 11 12 13 15 16 17 
2 3 4 6 7 8 9 10 11 12 13 15 16 17 
2 3 4 6 7 8 9 10 11 12 13 14 15 16 17 
2 3 4 6 7 8 9 11 12 13 16 17 
2 3 4 6 7 8 9 10 11 12 13 14 15 16 
2 3 4 6 7 8 9 10 12 13 14 15 16 
2 3 4 6 7 8 9 11 12 13 17 
2 3 4 6 7 8 9 10 11 12 13 15 16 17 
2 3 4 6 7 8 10 11 12 13 14 15 16 17 
2 3 4 6 7 8 10 11 12 14 15 16 17 
2 3 4 7 8 11 12 13 15 16 17 
2 3 4 6 7 8 10 11 12 15 16 
2 3 4 6 7 8 9 10 11 12 13 14 15 17 
2 3 4 6 7 8 11 12 13 15 16 17 
2 3 4 6 7 8 9 10 11 12 13 14 15 16 17 
2 3 4 6 7 8 11 12 13 14 15 16 17 
2 3 4 7 8 10 11 12 14 15 16 17 
2 3 4 6 7 8 11 12 14 15 16 
2 3 4 6 7 8 9 10 12 13 16 17 
2 3 4 6 7 8 9 11 12 13 16 17 
2 3 4 6 7 8 9 10 11 12 13 15 16 
2 3 4 6 7 8 10 11 12 13 14 15 16 17 
2 3 4 6 7 8 10 11 12 14 15 16 
2 3 4 6 7 8 9 11 12 13 16 
2 3 4 6 7 8 9 10 11 12 13 15 16 17 
2 3 4 6 7 8 10 11 12 13 14 15 16 17 
2 3 4 6 7 8 9 11 12 13 15 16 
2 3 4 6 7 8 9 10 11 12 13 14 15 16 17 
2 3 4 6 7 8 10 11 12 13 14 15 16 17 
2 3 4 6 7 8 10 11 12 13 14 15 16 17 
2 3 4 6 7 8 9 11 12 13 14 15 16 17 
2 3 4 6 7 8 9 10 11 12 13 14 15 16 17 
2 3 4 6 7 8 10 11 12 13 14 15 16 17 
2 3 4 7 8 10 11 12 14 15 16 
2 3 4 6 7 8 9 10 11 12 13 14 15 16 17 
2 3 4 6 7 8 9 10 11 12 13 14 15 16 17 
2 3 4 6 7 8 9 10 11 12 13 14 15 16 17 
2 3 4 6 7 8 9 11 12 13 15 16 
2 3 4 6 7 8 9 11 12 13 15 16 
2 3 4 6 7 8 9 12 13 16 17 
2 3 4 6 7 8 11 12 13 16 17 
2 3 4 6 7 8 9 11 12 15 16 17 
2 3 4 7 8 9 10 11 12 13 14 15 16 17 
2 3 4 6 7 8 9 10 11 12 13 14 15 
2 3 4 6 7 8 9 11 12 13 15 16 17 
2 3 4 6 7 8 10 11 12 13 15 16 17 
2 3 4 6 7 8 11 12 15 
2 3 4 6 7 8 11 12 15 16 
2 3 4 6 7 8 10 11 12 14 15 16 
2 3 4 6 7 8 11 12 13 15 16 17 
2 3 4 6 7 8 10 12 
2 3 4 6 7 8 11 12 13 16 
2 3 4 6 7 8 11 12 13 15 16 17 
2 3 4 6 7 8 11 12 15 16 17 
2 3 4 6 7 8 9 11 12 13 15 16 
2 3 4 6 8 9 11 12 13 15 16 17 
2 3 4 6 7 8 9 12 13 16 17 
2 3 4 6 7 8 9 12 16 
2 3 4 6 7 8 9 10 12 13 16 
2 3 4 6 7 8 9 10 11 12 13 15 16 17 
2 3 4 6 7 8 11 12 13 14 15 16 17 
2 3 4 6 7 8 10 11 12 13 14 15 16 17 
2 3 4 6 7 8 9 10 11 12 13 16 17 
2 3 4 6 7 8 9 10 11 12 13 14 15 16 17 
2 3 4 6 7 8 10 11 12 13 14 15 16 17 
2 3 4 5 6 7 8 9 11 12 13 15 16 
2 3 4 5 6 7 8 9 10 11 12 13 16 17 
2 3 4 6 7 8 10 11 12 13 15 16 17 
2 3 4 6 7 8 11 12 13 15 16 17 
2 3 4 6 7 8 10 11 12 14 15 16 
2 3 4 6 7 8 9 10 11 12 13 14 15 16 17 
2 3 4 6 7 8 9 11 12 13 15 
2 3 4 6 7 8 9 10 11 12 13 14 15 16 
2 3 4 6 7 8 9 10 11 12 13 16 17 
2 3 4 6 7 8 9 11 12 13 15 16 17 
2 3 4 6 7 8 11 12 13 15 16 17 
2 3 4 6 7 8 11 12 16 
2 3 4 6 7 8 11 12 13 15 16 17 
2 3 4 6 7 8 9 10 11 12 14 15 16 
2 3 4 6 7 8 9 10 11 12 14 15 16 
2 3 4 6 7 8 9 10 11 12 13 14 15 16 
2 3 4 6 7 8 9 11 12 13 15 16 17 
2 3 4 6 7 8 12 13 16 17 
2 3 4 6 7 8 9 10 11 12 13 16 17 
2 3 4 6 7 8 11 12 13 15 16 17 
2 3 4 6 7 8 10 11 12 14 15 16 17 
2 3 4 6 7 8 9 10 11 12 13 14 15 16 17 
2 3 4 6 7 8 9 10 11 12 13 14 15 16 17 
2 3 4 6 7 8 9 11 12 13 15 16 17 
2 3 4 6 7 8 9 10 11 12 13 14 15 16 17 
2 3 4 6 7 8 10 11 12 13 14 15 16 17 
2 3 4 6 7 8 9 11 12 13 16 17 
2 3 4 6 7 8 9 11 12 13 15 16 17 
2 3 4 7 8 9 12 13 15 16 17 
2 3 4 6 7 8 11 12 13 16 17 
2 3 4 6 7 8 11 12 15 16 
2 3 4 6 7 8 11 12 13 15 16 17 
2 3 4 6 7 8 10 11 12 13 14 15 16 17 
2 3 4 6 7 8 10 11 14 15 
2 3 4 7 8 11 12 15 
2 3 4 6 7 8 10 11 12 13 15 16 17 
2 3 4 6 7 8 11 12 13 15 16 17 
2 3 4 6 7 8 9 10 11 12 14 15 16 
2 3 4 6 7 8 9 10 11 12 13 15 16 17 
2 3 4 6 7 8 9 10 11 12 13 14 15 17 
2 3 4 6 7 8 10 11 12 13 14 15 16 17 
2 3 4 7 8 9 10 11 12 13 14 15 16 17 
2 3 4 6 7 8 9 10 11 12 13 15 16 17 
2 3 4 6 7 8 10 11 12 13 15 16 17 
2 3 4 6 7 8 10 11 12 13 14 15 16 17 
2 3 4 6 7 8 9 11 12 13 14 15 16 
2 3 4 6 7 8 9 11 12 13 15 16 17 
2 3 4 7 8 9 10 11 12 13 14 15 16 17 
2 3 4 6 7 8 9 10 11 12 13 15 16 17 
2 3 4 6 7 8 11 13 16 17 
2 3 4 6 7 8 9 11 12 15 
2 3 4 6 7 8 9 12 13 16 17 
2 3 4 6 7 8 9 10 11 12 13 
2 3 4 6 7 8 9 11 12 13 15 16 17 
2 3 4 6 7 8 11 12 13 14 15 17 
2 3 4 6 7 8 11 12 13 16 17 
2 3 4 6 7 8 10 11 12 13 15 16 17 
2 3 4 6 7 8 11 
2 3 4 6 7 8 11 12 15 
2 3 4 6 7 8 11 12 13 14 15 16 17 
2 3 4 6 7 8 10 11 12 13 15 16 17 
2 3 4 5 6 7 8 9 11 12 15 16 17 
2 3 4 5 6 7 8 9 11 15 
2 3 4 5 6 7 8 9 12 13 
2 3 4 5 6 7 8 9 10 11 12 13 14 15 16 
2 3 4 5 6 7 8 9 10 11 12 13 14 15 17 
2 3 4 5 6 7 8 9 11 12 13 17 
2 3 4 6 7 8 10 11 12 13 16 17 
2 3 6 7 8 11 12 15 16 
2 3 4 6 8 10 12 13 16 17 
2 3 4 6 7 8 9 10 11 12 13 16 17 
2 3 4 6 7 8 11 12 13 15 16 17 
2 3 4 6 7 8 10 11 12 16 17 
2 3 4 6 7 8 11 12 13 15 16 
2 3 4 6 7 8 11 12 13 15 16 17 
2 3 4 6 7 8 9 11 12 13 15 16 17 
2 3 4 6 7 8 9 11 12 13 15 16 17 
2 3 4 6 7 8 9 10 11 12 15 16 17 
2 3 6 7 8 9 10 11 12 13 15 16 17 
2 3 4 6 7 8 9 11 12 13 15 16 17 
2 3 4 6 7 8 9 11 12 13 15 16 17 
2 3 4 6 7 8 9 10 11 12 13 15 16 17 
2 3 4 6 7 8 9 11 12 13 15 16 17 
2 3 4 6 7 8 9 10 11 12 13 15 17 
2 3 4 6 7 8 9 10 11 12 13 14 15 17 
2 3 4 6 7 8 9 11 12 13 15 16 17 
2 3 4 6 7 8 9 11 12 13 15 16 
2 3 4 6 7 8 9 11 12 13 15 16 17 
2 3 4 5 6 7 8 9 10 11 12 13 15 16 17 
2 3 4 5 6 7 8 9 10 11 12 13 14 15 16 
2 3 4 5 6 7 8 9 10 11 12 13 14 15 16 17 
2 3 4 6 7 8 10 11 12 13 15 16 
2 3 4 6 7 8 10 11 12 15 16 
2 3 4 6 7 8 9 11 12 13 15 16 17 
2 3 4 6 7 8 10 11 12 13 14 15 16 17 
2 3 4 6 7 8 11 12 15 16 
2 3 4 6 7 8 11 12 15 16 17 
2 3 4 7 8 11 12 13 16 17 
2 3 4 6 7 8 10 11 12 14 15 16 17 
2 3 4 6 7 8 10 11 12 15 16 
2 3 4 6 7 8 10 11 12 14 15 16 17 
2 3 4 6 7 8 10 11 12 14 15 16 
2 3 4 6 7 8 11 12 13 15 16 17 
2 3 4 6 7 8 11 12 15 16 17 
2 3 4 6 7 8 9 10 11 12 13 14 15 16 17 
2 3 4 6 7 8 9 11 12 13 14 15 16 17 
2 3 4 6 7 8 9 10 11 12 13 15 16 17 
2 3 4 6 7 8 11 12 13 15 16 17 
2 3 4 6 7 8 11 12 15 16 17 
2 3 4 6 7 8 11 12 13 15 16 17 
2 3 4 6 7 8 10 11 12 13 14 15 16 17 
2 3 4 6 7 8 11 12 14 15 16 
2 3 4 6 7 8 10 11 12 14 15 
2 3 4 6 7 8 11 12 13 15 16 17 
2 3 4 6 7 8 10 11 12 13 15 16 17 
2 3 4 6 7 8 9 11 12 13 15 16 17 
2 3 4 6 7 8 11 12 13 15 17 
2 3 4 6 7 8 9 11 12 13 15 16 17 
2 3 4 6 7 8 9 11 12 13 14 15 16 17 
2 3 4 6 7 8 9 11 12 13 14 15 16 17 
2 3 4 6 7 8 9 11 12 13 15 16 17 
2 3 4 6 7 8 9 10 11 12 13 15 16 17 
2 3 4 6 7 8 9 11 12 13 17 
2 3 4 6 7 8 9 10 11 12 13 15 16 
2 3 4 6 7 8 9 11 12 13 14 15 16 17 
2 3 4 6 7 8 9 10 11 12 13 15 16 17 
2 3 4 6 7 8 9 12 15 16 
2 3 4 6 7 8 9 11 12 16 
2 3 4 6 7 8 9 10 11 12 15 
2 3 4 6 7 8 9 10 11 12 13 15 16 17 
2 3 4 6 7 8 10 11 12 13 15 16 17 
2 3 4 6 7 8 9 10 11 12 13 15 16 17 
2 3 4 6 7 8 11 12 13 15 17 
2 3 4 6 7 8 11 12 13 15 16 17 
2 3 4 6 7 8 11 12 16 17 
2 3 4 6 7 8 11 12 15 16 
2 3 4 6 7 8 9 11 12 13 15 16 17 
2 3 4 6 7 8 10 11 12 13 16 17 
2 3 4 6 7 8 9 11 12 13 15 16 
2 3 4 6 7 8 9 11 12 13 15 16 17 
2 3 4 6 7 10 11 12 13 15 16 17 
2 3 4 6 7 8 10 11 15 
2 3 4 6 7 8 10 11 15 
2 3 4 6 7 8 10 11 12 
2 3 4 6 7 8 10 11 12 15 16 
3 4 6 7 8 10 11 12 14 15 16 
2 3 4 6 7 8 11 12 13 15 
2 3 4 6 7 8 9 10 11 12 13 15 16 17 
2 3 4 6 7 8 9 10 11 12 13 14 15 16 17 
2 3 4 6 7 8 10 12 13 16 17 
2 3 4 6 7 8 9 10 11 12 13 16 
2 3 4 6 7 8 9 10 11 12 13 15 
2 3 4 6 7 8 11 12 13 15 16 17 
2 3 4 6 7 8 10 11 12 13 15 16 17 
2 3 4 6 7 8 10 11 12 15 16 17 
2 3 4 6 7 8 10 11 12 13 15 16 17 
2 3 4 6 7 8 10 11 12 15 16 17 
2 3 4 6 7 8 10 11 12 13 15 16 17 
2 3 4 6 7 8 9 10 11 12 13 14 15 16 17 
2 3 4 6 7 8 9 10 11 12 13 15 16 
2 3 4 6 7 8 10 11 12 13 15 16 17 
2 3 4 6 7 8 10 12 14 15 16 17 
2 3 4 6 7 8 
2 3 4 6 7 8 10 12 
2 3 4 6 7 8 10 12 16 
2 3 4 6 7 8 11 12 16 
2 3 4 6 7 8 11 12 15 16 
2 3 4 6 7 8 10 11 12 14 15 16 17 
2 3 4 6 7 8 10 11 12 15 16 
2 3 4 6 7 8 10 11 12 14 15 16 
2 3 4 6 7 8 10 11 12 13 15 16 17 
2 3 4 6 7 8 9 10 11 12 13 15 16 17 
2 3 4 6 7 8 9 10 12 13 16 17 
2 3 4 6 7 8 9 10 12 13 16 17 
2 3 4 6 7 8 9 10 11 12 13 16 17 
2 3 4 6 7 8 10 11 12 13 14 15 16 17 
2 3 4 6 7 8 10 11 12 13 14 15 16 17 
2 3 4 6 7 8 10 11 12 13 14 15 16 17 
2 3 4 6 7 8 10 11 12 13 15 16 17 
2 3 4 6 7 8 9 10 11 12 13 15 16 
2 3 4 6 7 8 9 10 11 12 13 15 16 17 
2 3 4 6 7 8 9 11 12 13 15 16 17 
2 3 6 7 8 9 11 12 13 14 15 16 17 
2 3 6 7 8 11 12 13 15 16 17 
2 3 4 6 7 8 9 10 11 12 13 14 15 16 17 
2 3 4 6 7 8 9 11 12 13 15 16 17 
2 3 4 5 6 7 8 10 11 12 13 14 15 16 17 
2 3 4 6 7 8 9 10 11 12 13 15 16 17 
2 3 4 6 7 8 10 11 12 13 15 16 17 
2 3 4 6 7 8 9 10 11 12 13 14 15 16 17 
2 3 4 6 7 8 10 11 12 13 16 17 
2 3 4 6 7 8 11 12 15 16 
2 3 4 6 7 8 10 11 12 14 15 16 
2 3 4 6 7 8 10 11 12 14 15 16 
2 3 4 6 7 8 9 10 11 12 13 15 16 17 
2 3 4 6 7 8 10 11 12 13 15 16 17 
2 3 4 6 7 8 9 10 11 12 13 15 16 17 
2 3 4 6 7 8 9 11 12 13 15 16 17 
2 3 4 6 7 8 11 12 13 15 16 17 
2 3 4 6 7 8 10 11 12 14 15 16 
2 3 4 6 7 8 11 12 15 16 
2 3 4 6 7 8 10 11 12 15 16 
2 3 4 6 7 8 10 11 12 13 15 16 17 
2 3 4 6 7 8 9 10 11 12 13 15 16 17 
2 3 4 6 7 8 9 10 11 12 13 15 16 17 
2 3 4 6 7 8 9 11 12 13 15 16 17 
2 3 6 7 8 9 10 11 12 13 15 16 
2 3 4 6 7 8 11 12 13 16 17 
2 3 4 6 7 8 11 12 13 16 17 
2 3 6 7 8 10 11 12 15 16 17 
2 3 4 6 7 8 9 10 11 12 13 15 
2 3 4 6 7 8 11 12 13 15 16 17 
2 3 4 6 7 8 10 11 12 13 15 16 17 
2 3 4 6 7 8 10 11 12 13 15 16 
2 3 4 6 7 8 10 11 12 13 15 16 17 
2 3 4 6 7 8 11 12 13 15 16 
2 3 4 6 7 8 10 11 12 13 15 16 17 
2 3 6 7 8 9 10 11 12 13 15 
2 3 5 6 7 8 9 10 11 12 13 17 
2 3 4 5 6 7 8 10 11 12 13 15 16 17 
2 3 4 6 7 8 10 11 12 13 15 16 17 
2 3 4 5 6 7 8 9 11 12 13 15 16 17 
2 3 6 7 8 9 10 11 12 13 15 16 17 
2 3 4 5 6 7 8 9 10 11 12 13 14 15 16 17 
2 3 4 5 6 7 8 10 12 13 14 15 16 17 
2 3 5 6 7 8 10 12 13 16 17 
2 3 4 5 6 7 8 10 11 12 13 16 17 
2 3 4 5 6 7 8 11 12 13 15 16 17 
2 3 4 5 6 7 8 9 11 12 15 16 
2 3 4 6 7 8 10 11 12 13 14 15 16 17 
2 3 4 6 7 8 10 11 12 13 16 17 
2 3 4 6 7 8 10 11 12 13 15 16 17 
2 3 4 6 7 8 10 11 12 15 16 
2 3 4 6 7 8 9 12 16 
2 3 4 6 7 8 9 10 12 13 16 
2 3 6 7 8 9 10 11 13 
2 3 6 7 8 11 12 13 15 17 
2 3 4 6 7 8 11 12 15 16 
2 3 4 6 7 8 11 12 16 17 
2 3 4 6 7 8 11 15 
2 3 4 6 7 8 11 12 15 
2 3 4 6 7 8 9 10 11 12 13 14 15 16 17 
2 3 4 6 7 8 10 11 12 13 16 17 
2 3 4 6 7 8 10 11 12 15 16 
2 3 4 6 7 8 11 12 15 
2 3 4 5 6 7 8 10 11 12 15 16 
2 3 4 6 7 8 10 11 12 15 16 
2 3 4 6 7 8 11 12 15 16 
2 3 4 6 7 8 9 11 12 13 15 16 17 
2 3 4 6 7 8 10 11 12 13 15 16 17 
2 3 4 6 7 8 10 11 12 15 16 
2 3 4 5 6 7 8 9 10 11 12 13 15 16 17 
2 3 4 6 7 8 9 10 11 12 13 16 17 
2 3 4 5 6 7 8 11 12 13 15 16 17 
2 3 4 6 7 8 11 12 13 16 17 
2 3 4 5 6 7 8 11 12 13 15 
2 3 4 5 6 7 8 10 11 12 13 15 16 17 
2 3 4 5 6 7 8 9 11 12 13 15 17 
2 3 4 6 7 8 10 12 13 15 16 17 
2 3 4 5 6 7 8 11 
2 3 4 5 6 7 8 10 11 12 15 
2 3 4 5 6 7 8 10 11 12 13 15 16 17 
2 3 4 5 6 7 8 10 12 13 16 17 
2 3 4 5 6 7 8 10 11 12 16 
2 3 4 6 7 8 10 11 12 15 16 
2 3 4 5 6 7 8 9 11 12 13 16 
2 3 4 5 6 7 8 9 11 12 13 15 16 17 
2 3 4 5 6 7 8 9 11 12 13 16 17 
2 3 4 5 6 7 8 10 11 13 15 17 
2 3 4 5 6 7 8 11 12 15 
2 3 4 6 7 8 10 11 12 15 16 
2 3 4 6 7 8 12 16 
2 3 4 5 6 7 8 12 16 
2 3 4 5 6 7 8 9 10 11 12 13 16 17 
2 3 4 5 6 7 8 11 12 13 15 16 17 
2 3 4 5 6 7 8 11 12 15 16 17 
2 3 4 5 6 7 8 11 12 15 16 
2 3 4 5 6 7 8 10 11 12 
2 3 4 6 7 8 10 11 12 15 16 
2 3 4 5 6 7 8 9 11 12 15 16 
2 3 4 5 6 7 8 9 10 12 13 
2 3 4 5 6 7 8 9 10 12 13 16 17 
2 3 4 5 6 7 8 9 11 12 13 16 17 
2 3 4 5 6 7 8 9 11 12 13 15 16 17 
2 3 4 6 7 8 11 12 17 
2 3 4 5 6 7 8 10 11 12 15 16 
2 3 4 6 7 8 10 11 12 16 
2 3 4 5 6 7 8 9 10 11 12 13 15 
2 3 4 6 7 8 9 12 13 
2 3 4 6 7 8 11 12 13 16 17 
2 3 4 6 7 8 11 12 15 16 
2 3 4 5 6 7 8 11 12 13 15 16 17 
2 3 4 7 8 10 11 12 15 16 
2 3 4 5 6 7 8 9 11 12 13 15 16 17 
2 3 4 6 7 8 11 12 13 15 16 17 
2 3 4 5 6 7 8 11 12 16 
2 3 4 6 7 8 9 10 11 12 13 15 16 
2 3 4 6 7 8 9 11 12 13 15 16 17 
2 3 4 6 7 8 11 12 13 16 17 
2 3 4 6 7 8 11 12 13 14 15 16 17 
2 3 4 5 6 7 8 9 10 11 12 13 15 16 17 
2 3 4 5 6 7 8 9 11 12 13 15 16 17 
2 3 4 6 7 8 9 11 12 13 15 16 17 
2 3 4 5 6 7 8 9 10 11 12 13 15 16 17 
2 3 4 5 6 7 8 11 12 13 16 17 
2 3 4 6 7 8 10 11 12 15 16 17 
2 3 4 6 7 8 10 11 12 15 16 
2 3 4 6 7 8 9 11 12 13 15 16 17 
2 3 4 6 7 8 9 10 11 12 13 15 16 17 
2 3 4 6 7 8 9 10 11 12 13 15 16 17 
2 3 4 6 7 8 9 11 12 13 15 16 17 
2 3 4 6 7 8 11 12 13 15 16 17 
2 3 4 6 7 8 9 11 12 13 15 16 17 
2 3 4 6 7 8 10 11 12 13 16 17 
2 3 4 6 7 8 11 12 15 16 
2 3 4 6 7 8 9 10 11 12 13 15 16 17 
2 3 4 6 7 8 10 12 13 16 17 
2 3 4 6 7 8 11 12 16 17 
2 3 4 6 7 8 11 12 15 16 
2 3 4 6 7 8 11 12 15 16 
2 3 4 6 7 8 9 10 11 12 14 15 16 
2 3 4 6 7 8 9 10 11 12 15 16 
2 3 4 6 7 8 9 10 11 12 13 15 16 17 
2 3 4 6 7 8 9 11 12 13 15 16 17 
2 3 4 6 7 8 9 10 11 12 13 15 16 17 
2 3 4 6 7 8 9 10 11 12 13 14 15 16 17 
2 3 4 6 7 8 9 11 12 14 15 16 
2 3 4 6 7 8 9 10 11 12 13 15 16 17 
2 3 4 6 7 8 9 11 12 13 15 16 17 
2 3 4 6 7 8 9 10 11 12 13 14 15 16 17 
2 3 4 6 7 8 9 10 11 12 13 15 16 17 
2 3 4 6 7 8 9 11 12 13 15 16 17 
2 3 4 6 7 8 9 10 11 12 13 15 16 17 
2 3 6 7 8 9 10 11 12 13 14 15 16 17 
2 3 6 7 8 9 11 12 13 15 16 17 
2 3 4 6 7 8 9 11 12 13 15 16 17 
2 3 4 6 7 8 9 10 11 12 13 15 16 
2 3 4 6 7 8 9 11 12 13 15 16 
2 3 4 6 7 8 9 10 11 12 13 14 15 16 
2 3 4 6 7 8 9 11 12 13 15 16 17 
2 3 4 6 7 8 9 11 12 13 15 16 
2 3 4 6 7 8 9 10 11 12 13 15 16 
2 3 4 6 7 8 9 10 11 12 13 15 16 17 
2 3 4 6 7 8 10 12 13 16 17 
2 3 4 6 7 8 9 10 11 12 13 16 17 
2 3 4 6 7 8 10 11 12 13 14 15 16 17 
2 3 4 6 7 8 10 11 12 14 15 16 
2 3 4 6 7 8 10 11 14 15 
2 3 4 6 7 8 9 10 11 12 13 14 15 
2 3 4 6 7 8 9 11 12 13 14 15 17 
2 3 4 6 7 8 9 10 11 12 13 14 15 16 17 
2 3 4 6 7 8 10 11 12 13 15 16 17 
2 3 4 6 7 8 10 11 12 13 15 16 17 
2 3 4 6 7 8 10 11 12 13 15 16 17 
2 3 4 6 7 8 10 11 12 13 15 16 17 
2 3 4 6 7 8 10 11 12 14 15 16 17 
2 3 4 6 7 8 11 12 13 14 15 16 17 
2 3 4 6 7 8 9 10 11 12 13 15 16 17 
2 3 4 6 7 8 9 10 11 12 13 14 15 16 17 
2 3 4 6 7 8 10 11 12 13 14 15 16 17 
2 3 4 6 7 8 10 11 12 15 16 17 
2 3 4 6 7 8 10 11 12 14 15 16 17 
2 3 4 6 7 8 10 11 12 14 15 16 
2 3 4 6 7 8 11 12 15 16 
2 3 4 5 6 7 8 9 10 11 12 13 15 
2 3 4 5 6 7 8 9 11 12 13 15 16 17 
2 3 4 6 7 8 9 10 11 12 13 14 15 16 17 
2 3 4 6 7 8 9 10 11 12 13 14 15 16 17 
2 3 4 6 7 8 10 11 13 15 17 
2 3 4 6 7 8 10 11 12 15 
2 3 4 6 7 8 11 12 13 15 16 17 
2 3 4 6 7 8 11 12 13 15 16 17 
2 3 4 6 7 8 9 10 11 12 13 15 16 17 
2 3 4 6 7 8 9 11 12 13 15 16 17 
2 3 4 5 6 7 8 10 11 12 13 15 16 17 
2 3 4 6 7 8 10 11 12 15 17 
2 3 4 5 6 7 8 11 12 15 16 
2 3 4 5 6 7 8 11 12 15 16 17 
2 3 4 5 6 7 8 11 12 15 
2 3 4 6 7 8 9 10 11 12 13 14 15 16 17 
2 3 4 5 6 7 8 10 11 12 13 14 15 16 17 
2 3 4 5 6 7 8 10 11 12 15 16 17 
2 3 4 6 7 8 10 11 12 15 16 
2 3 4 5 6 7 8 9 10 11 12 13 14 15 16 
2 3 4 5 6 7 8 11 12 13 15 16 17 
2 3 4 6 7 8 9 10 11 12 13 15 16 17 
2 3 4 6 7 8 9 11 12 13 15 16 17 
2 3 4 6 7 8 10 11 12 13 14 15 16 17 
2 3 4 6 7 8 10 11 12 13 14 15 16 17 
2 3 4 6 7 8 11 12 13 15 16 17 
2 3 4 6 7 8 11 12 13 15 16 17 
2 3 4 6 7 8 9 10 11 12 13 14 15 16 17 
2 3 4 6 7 8 10 11 12 14 15 16 17 
2 3 4 6 7 8 11 12 16 
2 3 4 6 7 8 9 10 11 12 13 14 15 16 17 
2 3 4 6 7 8 9 10 11 12 13 14 15 16 17 
2 3 4 6 7 8 9 10 12 13 16 17 
2 3 4 6 7 8 9 11 12 13 16 
2 3 4 5 6 7 8 9 11 12 13 15 16 
2 3 4 5 6 7 8 9 10 11 12 13 15 16 17 
2 3 4 6 7 8 9 11 12 13 16 17 
2 3 4 6 7 8 9 10 11 12 13 16 17 
2 3 4 6 7 8 9 10 11 12 15 16 
2 3 4 6 7 8 9 12 13 15 16 17 
2 3 4 6 7 8 9 10 11 12 13 16 17 
2 3 4 6 7 8 9 10 11 12 13 14 15 17 
2 3 4 6 7 10 11 12 13 14 15 16 17 
2 3 4 6 7 11 15 
2 3 4 6 7 
2 3 4 6 7 10 
2 3 4 6 7 8 11 
2 3 4 6 7 8 10 11 12 15 
2 3 4 6 7 8 11 12 15 16 
2 3 4 6 7 8 10 11 12 15 16 
2 3 4 6 7 8 9 10 11 12 13 
2 3 4 5 6 7 8 9 10 11 12 13 16 17 
2 3 4 6 7 8 9 10 11 12 13 14 15 16 17 
2 3 4 6 7 8 11 12 13 14 15 16 17 
2 3 4 6 7 8 11 15 16 
2 3 4 6 7 8 10 11 15 
2 3 4 5 6 7 8 9 10 11 12 13 15 
2 3 4 5 6 7 8 9 10 11 12 13 15 16 17 
2 3 4 6 7 8 9 10 11 12 13 15 16 17 
2 3 4 6 7 8 9 10 11 12 13 16 17 
2 3 4 6 7 8 11 12 13 15 16 17 
2 3 6 7 8 11 12 15 16 
2 3 6 7 8 9 11 12 13 14 15 16 
2 3 4 6 7 8 9 10 11 12 13 16 17 
2 3 4 6 7 8 10 11 12 13 15 16 17 
2 3 4 6 7 8 11 12 15 16 17 
2 3 4 6 7 8 10 11 12 14 15 16 
2 3 4 6 7 8 10 11 12 15 16 
2 3 4 6 7 10 11 12 13 14 15 16 17 
2 3 4 6 7 8 10 14 15 
2 3 4 6 7 8 
2 3 4 6 7 8 11 12 
2 3 4 6 7 8 11 12 15 16 
2 3 4 6 7 8 11 15 16 
2 3 4 6 7 8 10 11 12 15 
2 3 4 6 7 8 11 12 16 17 
2 3 4 6 7 8 11 12 15 16 
2 3 4 6 7 8 10 11 12 14 15 16 
2 3 4 6 7 8 11 12 15 

2 3 4 6 7 8 11 12 15 16 
2 3 4 6 7 8 9 10 11 12 13 16 
2 3 4 6 7 8 9 10 11 12 13 15 16 
2 3 4 6 7 8 11 12 13 15 16 17 
2 3 4 6 7 8 10 11 12 15 16 17 
2 3 4 6 7 8 10 12 
2 3 4 6 7 8 10 12 16 
2 3 4 6 7 8 10 12 16 
2 3 4 6 7 8 10 12 16 
2 3 4 6 7 8 10 11 12 16 
2 3 4 6 7 8 10 11 12 13 14 15 16 17 
2 3 4 6 7 8 9 10 12 13 16 17 
2 3 4 6 7 8 11 12 13 16 17 
2 3 4 6 7 8 11 12 15 
2 3 4 6 7 8 10 11 12 15 16 
2 3 4 7 8 10 11 12 14 15 16 
2 3 4 6 7 8 9 12 13 
2 3 4 6 7 8 9 11 12 13 16 17 
2 3 4 7 8 9 10 11 12 13 15 16 17 
2 3 4 6 7 8 12 13 15 16 17 
2 3 4 6 7 8 12 13 16 17 
2 3 4 6 7 8 10 12 13 16 17 
2 3 4 6 7 8 10 12 13 16 17 
2 3 4 6 7 8 11 12 13 16 17 
2 3 4 6 7 8 11 12 15 
2 3 4 6 7 8 12 13 15 16 17 
2 3 4 6 7 8 10 11 12 16 
2 3 4 6 7 8 11 12 13 15 16 17 
2 3 4 6 7 8 11 12 13 15 16 17 
2 3 4 6 7 8 10 11 12 13 15 16 17 
2 3 4 6 7 8 9 11 12 13 15 16 17 
2 3 4 6 7 8 10 11 12 13 15 16 17 
2 3 4 6 7 8 9 11 12 13 15 16 17 
2 3 4 6 7 8 9 11 12 13 15 16 17 
2 3 4 6 7 8 10 11 12 13 16 17 
2 3 4 6 7 8 11 12 13 15 16 17 
2 3 4 6 7 8 11 12 13 15 16 17 
2 3 4 6 7 8 10 11 12 13 14 15 
2 3 4 6 7 8 9 10 11 12 13 14 15 16 17 
2 3 4 6 7 8 9 11 12 13 15 16 17 
2 3 4 6 7 10 11 12 13 15 16 17 
2 3 4 6 7 8 11 12 15 16 17 
2 3 4 6 7 8 10 11 12 14 15 16 
2 3 4 6 7 8 10 11 12 14 15 16 
2 3 4 6 7 8 10 11 12 13 16 17 
2 3 4 6 7 8 9 10 11 12 13 15 16 17 
2 3 4 6 7 8 9 10 11 12 13 15 16 17 
2 3 4 6 7 8 10 11 12 13 16 17 
2 3 4 5 6 7 8 9 12 13 16 
2 3 4 5 6 7 8 9 10 11 12 13 16 17 
2 3 4 6 7 8 9 11 12 13 15 16 17 
2 3 4 6 7 8 9 10 11 12 13 17 
2 3 6 7 8 10 11 12 13 15 16 17 
2 3 4 6 7 8 11 12 13 15 16 17 
2 3 4 6 8 9 10 13 16 17 
2 3 4 6 7 8 9 10 12 13 
2 3 4 6 7 8 9 12 13 16 17 
2 3 4 6 7 8 11 12 13 16 17 
2 3 4 6 7 8 10 11 12 13 15 16 17 
2 3 4 6 7 8 11 15 17 
2 3 4 6 7 8 10 
2 3 4 5 6 7 8 9 11 12 13 
2 3 4 6 7 8 9 10 11 12 13 15 16 17 
2 3 4 6 7 8 9 10 12 13 15 16 17 
2 3 4 6 7 8 9 11 12 13 16 17 
2 3 4 5 6 7 8 10 11 12 13 15 16 17 
2 3 4 5 6 7 8 11 12 15 16 
2 3 4 5 6 7 8 9 11 12 13 15 16 17 
2 3 4 5 6 7 8 10 11 12 13 14 15 16 17 
2 3 4 6 7 8 10 11 12 14 15 16 
2 3 4 5 6 7 8 10 12 15 16 
2 3 4 5 6 7 8 10 11 12 16 
2 3 4 5 6 7 8 11 12 15 16 
2 3 4 6 7 8 11 12 13 15 16 17 
2 3 4 6 7 8 10 11 12 13 16 17 
2 3 4 6 7 8 11 12 15 16 
2 3 4 6 7 8 10 11 12 13 14 15 16 17 
2 3 4 5 6 7 8 9 10 11 12 13 14 15 16 17 
2 3 4 5 6 7 8 9 10 11 12 13 15 16 17 
2 3 4 6 7 8 9 10 11 12 13 14 15 16 17 
2 3 4 6 7 8 9 11 12 13 15 16 17 
2 3 4 6 7 8 9 11 12 13 14 15 16 17 
2 3 4 6 7 8 9 10 11 12 13 15 16 
2 3 4 6 7 8 9 10 11 12 13 14 15 17 
2 3 4 6 7 8 9 10 11 12 13 14 15 16 17 
2 3 4 6 7 8 9 11 12 13 16 17 
2 3 4 6 7 8 11 12 13 16 17 
2 3 4 6 7 8 9 11 12 13 14 15 16 17 
2 3 4 6 7 8 9 10 11 12 13 15 16 
2 3 4 6 7 8 10 11 12 13 14 15 16 17 
2 3 4 5 6 7 8 10 12 13 14 15 16 17 
2 3 4 5 6 7 8 11 12 13 16 17 
2 3 4 5 6 7 8 10 11 12 15 16 
2 3 4 5 6 7 8 9 11 12 13 14 15 16 
2 3 4 5 6 7 8 9 11 12 13 15 
2 3 4 5 6 7 8 10 11 12 13 15 16 17 
2 3 4 5 6 7 8 10 11 12 13 15 16 17 
2 3 4 5 6 7 8 9 11 12 13 15 16 17 
2 3 4 5 6 7 8 9 10 11 12 13 14 15 16 17 
2 3 4 5 6 7 8 9 11 12 13 14 15 16 17 
2 3 4 5 6 7 8 10 11 12 15 16 
2 3 4 5 6 7 8 9 10 11 12 13 15 16 17 
2 3 4 6 7 8 9 11 12 13 16 17 
2 3 4 6 7 8 9 10 11 12 13 16 17 
2 3 4 5 6 7 8 9 10 11 12 13 14 15 16 17 
2 3 4 5 6 7 8 11 12 13 15 16 17 
2 3 4 5 6 7 8 9 10 11 12 13 14 15 16 17 
2 3 4 5 6 7 8 9 10 11 12 13 15 
2 3 4 5 6 7 8 10 11 12 13 15 16 17 
2 3 4 5 6 7 8 10 11 12 14 15 16 
2 3 4 5 6 7 8 10 11 12 14 15 16 
2 3 4 5 6 7 8 10 11 12 13 16 17 
2 3 4 5 6 7 8 10 11 12 13 14 15 16 17 
2 3 4 5 6 7 8 9 10 11 12 13 14 15 16 17 
2 3 4 5 6 7 8 10 11 12 13 15 16 17 
2 3 4 5 6 7 8 10 11 12 13 14 15 16 17 
2 3 4 5 6 7 8 11 12 15 16 17 
2 3 4 5 6 7 8 9 11 12 13 15 16 
2 3 4 6 7 8 9 10 12 13 14 15 16 17 
2 3 4 5 6 7 8 9 10 11 12 13 16 17 
2 3 4 6 7 8 11 12 13 16 17 
2 3 4 5 6 7 8 16 
2 3 4 6 7 8 10 11 12 
2 3 4 5 6 7 8 10 11 12 13 15 16 
2 3 4 6 7 8 9 11 12 13 15 16 17 
2 3 4 6 7 8 9 11 13 15 17 
2 3 4 5 6 7 8 10 11 12 15 
2 3 4 5 6 7 8 9 10 11 12 13 15 16 
2 3 4 6 7 8 9 11 12 13 15 16 17 
2 3 4 6 7 8 9 11 12 13 16 17 
2 3 4 6 7 8 10 11 12 13 15 16 17 

2 3 4 6 7 8 10 11 12 13 15 16 17 
2 3 4 6 7 8 11 12 15 16 17 
2 3 4 6 7 8 9 11 12 13 15 16 17 
2 3 4 6 7 8 11 12 13 15 16 17 
2 3 4 6 7 8 10 11 12 15 16 
2 3 4 6 7 8 10 11 12 15 16 
2 3 4 6 7 8 9 10 11 12 13 14 15 16 17 
2 3 4 6 7 8 9 10 11 12 13 14 15 16 17 
2 3 4 6 7 8 9 10 11 12 13 15 16 17 
2 3 4 6 7 8 9 10 11 12 13 14 15 16 17 
2 3 4 6 7 8 9 11 12 13 15 16 17 
2 3 4 6 7 8 11 12 13 15 16 17 
2 3 4 6 7 8 10 11 12 13 15 16 17 
2 3 4 6 7 8 11 12 13 15 16 
2 3 4 6 7 8 11 12 13 16 17 
2 3 4 6 7 8 10 11 12 13 14 15 16 17 
2 3 4 6 7 8 10 11 12 13 14 15 16 17 
2 3 4 6 7 8 11 12 13 15 16 17 
2 3 4 6 7 8 9 10 11 12 13 14 15 16 17 
2 3 4 6 7 8 10 11 12 13 15 16 17 
2 3 4 6 7 8 10 11 12 13 14 15 16 17 
2 3 4 6 7 8 9 11 12 13 15 16 17 
2 3 4 6 7 8 10 11 12 13 15 16 17 
2 3 4 6 7 8 11 12 13 17 
2 3 4 6 7 8 10 11 12 15 16 
2 3 4 6 7 8 11 12 15 16 
2 3 4 6 7 8 10 11 12 15 16 
2 3 4 6 7 8 11 12 15 16 
2 3 4 6 7 8 9 10 11 12 13 14 15 16 17 
2 3 4 6 7 8 10 11 12 13 15 16 17 
2 3 4 6 7 8 10 11 12 15 16 
2 3 4 6 7 8 10 11 12 13 15 16 17 
2 3 4 6 7 8 11 12 15 16 17 
2 3 4 6 7 8 9 10 11 12 13 15 16 
2 3 4 6 7 8 11 12 13 15 16 17 
2 3 4 6 7 8 9 12 13 17 
2 3 4 6 7 8 9 10 11 12 13 16 17 
2 3 4 6 7 8 11 12 13 16 17 
2 3 4 6 7 8 11 12 13 15 16 17 
2 3 4 6 7 8 11 12 13 15 16 17 
2 3 4 6 7 8 10 11 12 13 14 15 16 17 
2 3 4 6 7 8 11 12 13 15 17 
2 3 4 6 7 8 11 12 15 16 
2 3 4 6 7 8 11 12 14 15 16 
2 3 4 6 7 8 9 11 12 13 15 16 
2 3 4 6 7 8 9 11 12 13 15 16 17 
2 3 4 6 7 8 9 10 11 12 13 14 15 17 
2 3 4 6 7 8 9 10 11 12 13 14 15 16 17 
2 3 4 6 7 8 9 11 12 13 15 16 17 
2 3 4 6 7 8 9 10 11 12 13 14 15 16 17 
2 3 4 6 7 8 10 11 12 13 14 15 16 17 
2 3 4 6 7 8 9 10 11 12 13 14 15 16 17 
2 3 6 7 8 9 11 12 13 16 17 
2 3 4 6 7 8 11 12 13 15 16 17 
2 3 4 6 7 8 10 11 12 15 16 17 
2 3 4 6 7 8 11 12 15 16 
2 3 4 6 7 8 11 12 13 15 16 17 
2 3 4 6 7 8 10 11 12 13 14 15 16 17 
2 3 4 6 7 8 9 10 12 13 14 15 16 17 
2 3 4 6 7 8 13 17 
2 3 4 6 7 8 10 11 12 
2 3 4 6 7 8 10 11 12 15 16 
2 3 6 7 8 11 12 15 16 
2 3 4 6 7 8 11 12 13 15 16 
2 3 4 6 7 8 11 12 13 15 16 17 
2 3 4 5 6 7 8 11 12 13 15 16 17 
2 3 4 6 7 8 9 11 12 15 16 
2 3 4 5 6 7 8 9 10 11 12 13 14 15 16 17 
2 3 4 6 7 8 9 10 11 12 13 14 15 16 17 
2 3 4 6 7 8 10 11 12 13 16 17 
2 3 4 6 7 8 10 11 12 13 15 16 17 
2 3 4 6 7 8 11 12 15 16 
2 3 4 6 7 8 10 11 12 15 16 
2 3 4 6 7 8 9 11 12 13 15 16 17 
2 3 4 6 7 8 11 12 13 16 17 
2 3 4 6 7 8 11 12 13 15 16 17 
2 3 4 6 7 8 11 12 15 16 17 
2 3 4 6 7 8 10 11 12 15 16 17 
2 3 4 6 7 8 11 12 15 16 
2 3 4 6 7 8 10 11 12 
2 3 4 6 7 8 10 11 12 15 16 
2 3 4 6 7 8 10 11 12 13 15 16 17 
2 3 4 5 6 7 8 9 11 12 13 15 16 17 
2 3 4 5 6 7 8 9 10 11 12 13 14 15 16 17 
2 3 4 6 7 8 9 11 12 13 14 15 16 
2 3 4 6 7 8 9 11 12 13 15 16 17 
2 3 4 6 7 8 10 11 12 13 15 16 17 
2 3 4 6 7 8 10 11 12 15 16 17 
2 3 4 6 7 8 11 12 13 15 16 17 
2 3 4 6 7 8 11 12 13 15 16 17 
2 3 4 5 6 7 8 9 10 11 12 13 14 15 16 17 
2 3 4 5 6 7 8 9 10 11 12 13 14 15 16 17 
2 3 4 5 6 7 8 9 11 12 13 15 16 17 
2 3 4 6 7 8 11 12 15 16 
2 3 4 6 7 8 9 11 12 13 15 16 17 
2 3 4 6 7 8 9 10 11 12 13 15 16 17 
2 3 4 6 7 8 9 11 12 13 15 16 17 
2 3 4 6 7 8 9 10 11 12 13 14 15 16 
2 3 4 6 7 8 10 11 12 13 14 15 16 17 
2 3 4 6 7 8 10 11 12 13 15 16 17 
2 3 4 6 7 8 10 11 12 14 15 16 
2 3 4 6 7 8 10 11 12 13 14 15 16 17 
2 3 4 5 6 7 8 9 11 12 13 15 16 17 
2 3 4 6 7 8 9 10 11 12 13 15 
2 3 4 5 6 7 8 9 11 12 13 17 
2 3 4 6 7 8 9 10 11 12 13 15 17 
2 3 4 6 7 8 11 12 13 15 16 17 
2 3 4 6 7 8 11 12 13 15 16 17 
2 3 4 5 6 7 8 10 11 12 13 15 16 17 
2 3 4 5 6 7 8 9 12 13 16 17 
2 3 4 5 6 7 8 9 12 13 16 17 
2 3 4 5 6 7 8 11 13 16 17 
2 3 4 5 6 7 8 9 11 12 15 
2 3 4 6 7 8 11 12 13 15 16 17 
2 3 4 6 7 8 10 11 12 13 15 16 17 
2 3 4 6 7 8 10 11 12 13 15 16 17 
2 3 4 6 7 8 9 11 12 16 
2 3 4 6 7 8 9 11 12 13 15 16 17 
2 3 4 6 7 8 9 10 11 12 13 15 16 17 
2 3 4 5 6 7 8 12 13 16 17 
2 3 4 6 7 8 11 12 13 16 17 
2 3 4 6 7 8 11 12 15 16 17 
2 3 4 5 6 7 8 9 11 12 13 15 16 
2 3 4 5 6 7 8 9 11 12 13 15 16 17 
2 3 4 5 7 8 9 11 12 13 15 16 17 
2 3 4 5 6 7 8 10 11 
2 3 4 6 7 8 9 11 12 13 15 16 17 
2 3 4 6 7 8 9 11 12 13 15 16 17 
2 3 4 7 8 9 10 11 12 13 14 15 16 
2 3 4 6 7 8 9 11 12 13 14 15 16 17 
2 3 4 6 7 8 9 10 11 12 13 15 16 17 
2 3 4 5 6 7 8 9 12 13 15 17 
2 3 4 5 6 7 8 11 12 13 16 17 
2 3 4 6 7 8 11 12 13 15 16 17 
2 3 4 5 6 7 8 9 11 12 13 15 16 17 
2 3 4 5 6 7 8 9 11 12 13 15 16 17 
2 3 4 5 6 7 8 10 11 12 15 16 
2 3 4 5 6 7 8 9 11 12 15 16 
2 3 4 6 7 8 10 11 12 13 16 
2 3 4 6 7 8 10 11 12 13 14 15 16 17 
2 3 4 6 7 8 10 11 12 13 14 15 16 17 
2 3 4 6 8 10 15 16 17 
2 3 4 6 7 8 12 
2 3 4 6 7 8 9 11 12 13 17 
2 3 4 6 7 8 11 12 13 15 16 17 
2 3 4 6 7 8 9 11 12 13 
2 3 4 6 7 8 11 12 13 15 17 
2 3 4 5 6 7 8 10 11 12 15 16 17 
2 3 4 6 7 8 9 10 11 12 13 14 15 16 
2 3 4 6 7 8 9 11 12 13 15 16 17 
2 3 4 6 7 8 11 12 15 16 17 
2 3 4 6 7 8 9 11 12 13 15 16 17 
2 3 4 6 7 8 10 11 12 13 16 17 
2 3 4 6 7 8 9 11 12 13 15 16 
2 3 4 6 7 8 10 11 12 13 14 15 16 17 
2 3 4 6 7 8 11 12 15 16 17 
2 3 4 6 7 
2 3 4 6 7 8 10 11 12 
2 3 4 6 7 8 10 11 12 15 16 
2 3 4 6 7 8 11 12 14 15 16 
2 3 4 6 7 10 11 12 15 16 
2 3 4 6 7 8 
2 3 4 6 7 8 
2 3 4 6 7 8 10 11 15 
2 3 6 7 8 9 11 12 13 15 16 
2 3 4 6 7 8 11 12 13 16 17 
2 3 4 6 7 8 10 11 15 16 
2 3 4 6 8 10 
2 3 4 6 7 8 12 
2 3 4 6 7 8 12 16 
2 3 4 6 7 8 10 11 
2 3 4 6 7 8 10 11 12 15 
2 3 4 5 6 7 8 10 11 12 15 16 
2 3 4 5 6 7 8 9 10 11 12 13 15 16 
2 3 4 5 6 7 8 9 11 12 13 17 
2 3 4 5 6 7 8 10 11 12 13 15 16 17 
2 3 4 5 6 7 8 11 12 15 16 
2 3 4 5 6 7 8 11 12 15 16 
2 3 4 5 6 7 8 9 10 11 12 13 15 16 17 
2 3 4 6 7 8 9 11 12 13 15 16 17 
2 3 4 5 6 7 8 9 11 12 13 15 16 17 
2 3 4 5 6 7 8 9 11 12 13 15 16 17 
2 3 4 5 6 7 8 11 12 13 15 16 17 
2 3 4 6 7 8 10 11 12 15 16 
2 3 4 5 6 7 8 9 11 12 15 
2 3 4 5 6 7 8 9 12 13 16 
2 3 4 5 6 7 8 9 10 12 13 16 17 
2 3 4 5 6 7 8 9 11 12 13 16 17 
2 3 4 6 7 8 10 11 12 15 
2 3 4 6 7 8 9 11 12 13 15 16 17 
2 3 4 6 7 8 9 10 11 12 13 15 16 17 
2 3 4 6 7 8 9 11 12 13 15 16 17 
2 3 6 7 8 9 10 11 12 13 15 16 17 
2 3 4 6 7 8 9 10 11 12 13 15 16 
2 3 4 6 7 8 9 11 12 13 14 15 16 17 
2 3 4 6 7 8 9 11 12 13 16 17 
2 3 4 6 7 8 9 11 12 13 15 16 17 
2 3 4 6 7 8 9 11 12 13 16 17 
2 3 4 6 7 8 9 11 12 13 15 
2 3 4 6 7 8 9 10 11 12 13 14 15 16 17 
2 3 4 6 7 8 10 11 12 13 15 16 17 
2 3 4 6 7 8 9 10 12 13 15 16 17 
2 3 4 6 7 8 9 11 12 13 16 17 
2 3 4 6 7 8 11 12 13 15 17 
2 3 4 6 7 8 10 11 12 13 15 16 17 
2 3 4 5 6 7 8 9 10 11 12 13 14 15 16 17 
2 3 4 5 6 7 8 9 11 12 13 15 16 17 
2 3 4 6 7 8 9 11 12 13 15 16 17 
2 3 4 6 7 8 9 10 11 12 13 15 
2 3 4 6 7 8 10 11 12 13 15 16 17 
2 3 4 6 7 8 10 11 12 15 16 17 
2 3 4 6 7 8 9 10 11 12 13 14 15 16 17 
2 3 4 6 7 8 9 10 11 12 13 14 15 16 17 
2 3 4 6 7 8 9 11 12 13 15 16 17 
2 3 4 6 7 8 9 11 12 13 15 16 17 
2 3 4 6 7 8 10 11 12 13 14 15 16 17 
2 3 4 6 7 8 10 11 12 13 14 15 16 17 
2 3 4 6 7 8 10 11 12 13 15 16 17 
2 3 4 6 7 8 9 11 12 13 16 
2 3 4 6 7 8 10 11 12 13 15 16 17 
2 3 4 6 7 8 11 12 13 15 16 17 
2 3 4 6 7 8 9 10 11 12 13 16 17 
2 3 4 6 7 8 11 12 13 15 16 17 
2 3 4 6 7 8 10 11 12 13 14 15 16 17 
2 3 4 6 7 8 9 11 12 13 15 16 17 
2 3 4 6 7 8 10 11 12 13 16 17 
2 3 4 6 7 8 11 12 15 16 
2 3 4 6 7 8 10 11 12 15 16 17 
2 3 4 6 7 8 11 12 13 15 16 
2 3 4 6 7 8 11 12 13 15 16 17 
2 3 4 6 7 8 11 12 15 16 17 
2 3 4 6 7 8 10 11 12 13 15 16 17 
2 3 4 6 7 8 9 10 11 12 13 15 16 17 
2 3 4 6 7 8 9 11 12 13 16 17 
2 3 4 6 7 8 10 11 12 13 15 16 17 
2 3 4 6 7 8 9 10 11 12 13 14 15 17 
2 3 4 6 7 8 11 12 13 15 16 17 
2 3 4 6 7 8 10 11 12 13 14 15 16 17 
2 3 4 6 7 8 10 11 12 13 14 15 16 17 
2 3 4 6 7 8 11 12 15 16 17 
2 3 4 6 7 8 9 10 11 12 13 
2 3 4 6 7 8 10 11 12 13 15 16 17 
2 3 4 6 7 8 10 11 12 15 16 17 
2 3 4 6 7 8 10 11 12 14 15 16 
2 3 4 6 7 8 11 12 15 16 17 
2 3 4 6 7 8 10 11 12 
2 3 4 6 7 8 11 12 13 15 16 
2 3 4 6 7 8 11 12 13 15 16 17 
2 3 4 6 7 8 9 11 12 13 16 17 
2 3 4 6 7 8 10 11 12 13 14 15 16 17 
2 3 4 6 7 8 10 11 12 14 15 16 17 
2 3 4 6 7 8 11 12 15 16 
2 3 4 5 6 7 8 9 11 12 13 15 16 
2 3 4 5 6 7 8 9 11 12 13 15 16 
2 3 4 5 7 8 9 10 11 12 13 14 15 16 17 
2 3 4 6 7 8 11 12 16 
2 3 4 6 7 8 10 11 12 13 16 17 
2 3 4 6 7 8 10 11 12 14 15 16 
2 3 4 6 7 8 10 11 12 13 14 15 16 17 
2 3 4 6 7 8 9 11 12 13 14 15 16 17 
2 3 4 6 7 8 11 12 13 15 16 17 
2 3 4 6 7 8 10 11 12 13 14 15 16 17 
2 3 4 6 7 8 10 11 12 13 14 15 16 17 
2 3 4 6 7 8 9 10 11 12 13 15 16 17 
2 3 4 6 7 8 9 11 12 13 15 16 17 
2 3 4 6 7 8 9 10 11 12 13 15 16 17 
2 3 4 6 7 8 9 11 12 13 15 16 
2 3 6 7 8 9 11 12 13 15 16 17 
2 3 4 6 7 8 9 10 11 12 13 14 15 16 17 
2 3 4 6 7 8 9 10 11 12 13 14 15 16 17 
2 3 4 5 6 7 8 9 10 11 12 13 15 16 17 
2 3 4 5 6 7 8 9 11 12 13 15 16 17 
2 3 4 6 7 8 9 11 12 15 16 17 
2 3 4 6 7 8 9 10 11 12 14 15 
2 3 4 5 6 7 8 9 10 11 12 13 14 15 16 17 
2 3 4 6 7 8 10 11 12 13 15 17 
2 3 4 6 7 8 11 12 13 15 16 17 
2 3 4 6 7 8 9 11 12 13 15 16 17 
2 3 4 6 7 8 9 10 11 12 13 14 15 16 17 
2 3 4 7 8 9 10 11 12 13 14 15 16 17 
2 3 4 6 7 8 9 11 12 13 14 15 16 17 
2 3 4 6 7 8 10 11 12 14 15 16 
2 3 4 6 7 8 11 12 14 15 16 
2 3 4 5 6 7 8 9 11 12 15 16 
2 3 4 5 6 7 8 9 10 11 12 13 15 16 17 
2 3 4 6 7 8 10 11 12 13 14 15 16 17 
2 3 4 6 7 8 11 12 13 15 17 
2 3 4 6 7 8 10 12 13 16 17 
2 3 4 6 7 8 9 10 11 12 13 16 17 
2 3 4 6 7 8 11 12 13 15 16 17 
2 3 4 6 7 8 11 12 13 15 16 17 
2 3 4 6 7 8 10 11 12 13 15 16 17 
2 3 4 5 6 7 8 10 11 12 13 16 17 
2 3 4 5 6 7 8 11 12 13 15 16 17 
2 3 4 5 6 7 8 11 12 15 
2 3 4 6 7 8 11 12 15 16 
2 3 4 6 7 8 9 12 13 
2 3 4 6 7 8 9 10 12 13 16 17 
2 3 4 6 7 8 9 11 12 13 17 
2 3 4 6 7 8 9 11 12 13 15 16 17 
2 3 4 6 8 11 12 13 15 16 17 
2 3 4 5 6 7 8 12 13 16 17 
2 3 5 6 7 8 9 11 12 13 16 17 
2 3 4 5 6 7 8 9 11 12 13 15 16 17 
2 3 4 6 7 8 9 11 12 13 15 16 17 
2 3 4 6 7 8 9 11 12 15 16 17 
2 3 4 6 7 8 9 10 11 12 13 14 15 16 17 
2 3 4 6 7 8 10 11 12 13 14 15 16 
2 3 4 6 7 8 9 11 12 13 15 16 17 
2 3 4 6 7 8 9 11 12 13 15 16 17 
2 3 4 6 7 8 9 11 12 15 16 
2 3 7 8 9 10 11 12 13 14 15 16 
2 3 4 6 7 8 9 12 13 16 17 
2 3 4 6 7 8 9 11 12 13 15 16 17 
2 3 4 6 7 8 9 10 11 12 13 14 15 17 
2 3 6 7 8 9 11 12 13 15 16 
2 3 4 6 7 8 9 11 12 13 14 15 16 17 
2 3 4 6 7 8 9 11 12 13 16 
2 3 4 6 7 8 9 10 11 12 13 15 16 17 
2 3 4 6 7 8 9 11 12 13 15 16 17 
2 3 4 6 7 8 9 11 12 13 16 17 
2 3 4 6 7 8 11 12 13 15 16 
2 3 4 6 7 8 10 11 12 13 14 15 16 
2 3 4 6 7 8 9 10 11 12 13 14 15 16 17 
2 3 4 6 7 8 9 11 12 13 15 16 17 
2 3 4 6 7 8 10 11 12 13 15 16 17 
2 3 4 6 7 8 11 12 13 15 16 17 
2 3 4 6 7 8 10 11 12 13 15 16 17 
2 3 4 6 7 8 9 11 12 13 15 16 17 
2 3 4 6 7 8 11 12 13 15 16 17 
2 3 4 6 7 8 10 
2 3 4 6 7 8 9 12 13 
2 3 4 6 7 8 9 11 12 13 16 17 
2 3 4 6 7 8 11 12 13 15 16 17 
2 3 4 6 7 8 10 11 12 14 15 
2 3 4 6 7 8 11 12 13 15 16 17 
2 3 4 6 7 8 10 11 12 14 15 16 17 
2 3 4 6 7 8 10 11 12 15 16 17 
2 3 4 6 7 8 9 10 11 12 14 15 16 
2 3 4 6 7 8 9 11 12 13 15 16 
2 3 4 6 7 8 9 11 12 13 16 17 
2 3 4 6 7 8 9 11 12 13 15 16 17 
2 3 4 6 7 8 9 10 11 12 13 15 
2 3 4 6 7 8 9 11 12 13 14 15 16 17 
2 3 6 7 8 11 12 13 15 16 17 
2 3 6 7 8 9 11 12 13 15 16 17 
2 3 4 6 7 8 11 12 13 14 15 16 17 
2 3 4 6 7 8 10 11 12 13 14 15 16 17 
2 3 4 6 7 8 11 12 
2 3 6 7 8 9 11 12 13 15 16 17 
2 3 6 7 8 11 12 15 16 
2 3 6 7 8 10 11 12 13 15 16 17 
2 3 4 6 7 11 12 15 16 
2 3 4 6 7 8 10 11 
2 3 4 6 7 8 11 15 
2 3 4 6 7 8 10 11 12 15 
2 3 4 6 7 8 10 12 13 16 17 
2 3 4 6 7 8 
2 3 4 6 7 8 10 11 12 
2 3 4 6 7 8 11 12 15 16 
2 3 4 6 7 8 9 10 12 13 16 17 
2 3 4 6 7 8 11 13 17 
2 3 4 6 7 8 11 12 15 16 17 
2 3 4 6 7 8 9 11 12 13 15 16 17 
2 3 4 6 7 8 12 13 16 17 
2 3 4 6 7 8 10 11 12 13 15 16 17 
2 3 4 6 7 8 10 11 14 15 16 17 
2 3 4 6 7 8 11 12 
2 3 4 6 7 8 10 11 12 15 16 
2 3 4 6 7 8 11 12 13 15 16 17 
2 3 4 6 7 8 11 12 13 14 15 16 17 
2 3 4 6 7 8 11 12 15 16 
2 3 4 6 7 8 10 12 13 14 15 16 17 
2 3 4 6 7 8 11 12 13 16 17 
2 3 4 6 7 8 10 11 12 15 16 
2 3 4 6 7 8 10 11 12 14 15 16 
2 3 4 6 7 8 11 12 14 15 
2 3 4 6 7 8 10 11 12 13 15 16 17 
2 3 4 6 7 8 9 11 12 13 15 16 17 
2 3 4 6 7 8 11 12 13 15 16 17 
2 3 4 6 7 8 9 10 11 12 13 14 15 16 17 
2 3 4 6 7 8 9 11 12 13 16 
2 3 4 6 7 8 11 12 13 15 16 17 
2 3 4 6 7 8 10 11 12 14 15 16 
2 3 4 6 7 8 10 11 12 14 15 16 
2 3 4 6 7 8 9 11 12 13 16 17 
2 3 4 6 7 8 9 10 11 12 13 14 15 16 17 
2 3 4 6 7 8 9 11 12 13 14 15 16 17 
2 3 4 6 7 8 11 12 13 16 17 
2 3 4 6 7 8 9 11 12 13 15 17 
2 3 4 6 7 8 11 12 13 16 17 
2 3 4 6 7 8 10 11 12 15 16 
2 3 4 6 7 8 11 12 13 15 16 17 
2 3 4 6 7 8 9 10 11 12 13 15 16 
2 3 4 6 7 8 9 10 11 12 13 15 16 17 
2 3 4 6 7 8 11 12 13 15 16 17 
2 3 4 6 7 8 10 11 12 13 15 16 17 
2 3 4 6 7 8 10 11 12 13 15 16 17 
2 3 4 6 7 8 9 10 11 12 13 14 15 16 17 
2 3 4 6 7 8 9 10 11 12 13 15 16 17 
2 3 4 6 7 8 10 11 12 13 15 16 17 
2 3 4 6 7 8 10 11 12 13 15 16 17 
2 3 4 6 7 8 9 11 12 13 15 16 17 
2 3 4 6 7 8 9 10 11 12 13 14 15 16 17 
2 3 4 6 7 8 9 10 11 12 13 14 15 16 17 
2 3 4 6 7 8 9 10 11 12 13 14 15 16 17 
2 3 4 6 7 8 11 12 13 15 16 17 
2 3 6 7 8 10 11 12 13 14 15 16 17 
2 3 4 6 7 8 10 11 12 14 15 16 
2 3 4 6 7 8 10 11 12 13 14 15 16 17 
2 3 4 6 7 8 10 11 12 13 16 17 
2 3 4 6 7 8 11 12 13 15 16 17 
2 3 4 6 7 8 10 11 12 15 16 17 
2 3 4 6 7 8 10 11 12 
2 3 4 6 7 8 10 11 12 13 14 15 16 17 
2 3 4 6 7 8 11 12 14 15 16 17 
2 3 4 6 7 8 10 11 12 15 
2 3 4 6 7 8 10 11 12 14 15 16 
2 3 4 6 7 8 11 12 15 16 
2 3 4 6 7 8 9 10 11 12 13 16 17 
2 3 4 6 7 8 10 11 12 13 14 15 16 17 
2 3 4 6 7 8 10 11 12 14 15 16 
2 3 4 6 7 8 10 11 12 15 16 
2 3 4 6 7 8 11 12 15 16 
2 3 4 6 7 8 11 12 13 15 16 17 
2 3 4 6 7 8 11 12 13 15 16 17 
2 3 4 6 7 8 9 10 11 12 13 14 15 16 17 
2 3 4 6 7 8 9 10 11 12 13 15 17 
2 3 4 6 7 8 10 11 13 15 17 
2 3 4 6 7 8 10 11 12 17 
2 3 4 6 7 8 10 11 12 14 15 
2 3 4 5 6 7 8 9 10 11 12 13 14 15 16 
2 3 4 5 6 7 8 9 10 11 12 13 14 15 16 17 
2 3 4 5 6 7 8 9 10 11 12 13 14 15 16 17 
2 3 4 6 7 8 9 10 11 12 13 14 15 16 17 
2 3 4 6 7 8 9 10 11 12 13 14 15 16 17 
2 3 4 6 7 8 11 12 15 16 17 
2 3 4 6 7 8 10 11 12 15 16 17 
2 3 4 6 7 8 9 10 11 12 13 16 
2 3 4 6 7 8 9 10 11 13 14 15 17 
2 3 4 5 6 7 8 9 10 11 12 13 14 15 17 
2 3 4 5 6 7 8 9 11 12 13 15 16 17 
2 3 4 6 7 8 9 10 11 12 13 14 15 16 17 
2 3 4 6 7 8 9 10 11 12 13 15 16 17 
2 3 4 6 7 8 9 11 12 13 16 17 
2 3 4 6 7 8 11 12 13 15 16 17 
2 3 4 6 7 8 11 12 13 15 16 17 
2 3 4 6 7 8 11 12 15 16 17 
2 3 4 6 7 8 9 10 11 12 13 14 15 16 17 
2 3 4 6 7 8 10 11 12 13 15 16 17 
2 3 4 6 7 8 9 11 12 13 15 16 17 
2 3 4 6 7 8 9 10 11 12 13 14 15 16 17 
2 3 4 6 7 8 9 11 12 13 14 15 16 17 
2 3 4 6 7 8 9 10 11 12 13 14 15 16 17 
2 3 4 6 7 8 9 10 11 12 13 14 15 16 17 
2 3 4 6 7 8 9 11 12 13 15 16 17 
2 3 4 6 7 8 10 11 12 13 15 16 17 
2 3 4 6 7 8 11 12 13 15 16 17 
2 3 4 6 7 8 10 11 12 14 15 16 17 
2 3 4 6 7 8 10 11 12 14 15 16 
2 3 6 7 8 10 11 12 14 15 
2 3 4 6 7 8 10 11 12 13 14 15 16 17 
2 3 4 6 7 8 9 10 11 12 13 14 15 16 17 
2 3 4 6 7 8 9 11 12 13 15 16 17 
2 3 4 6 7 8 10 11 12 13 16 17 
2 3 4 6 7 8 10 11 12 13 14 15 16 17 
2 3 6 7 8 10 11 12 13 14 15 16 17 
2 3 4 6 7 8 10 11 12 13 14 15 16 17 
2 3 4 6 7 8 9 10 11 12 13 14 15 16 17 
2 3 4 6 7 8 10 11 12 13 15 16 17 
2 3 4 6 7 8 10 11 12 14 15 16 
2 3 4 6 7 8 9 11 12 13 15 16 17 
2 3 4 6 7 8 11 12 13 15 16 17 
2 3 4 6 7 8 9 10 11 12 13 14 15 16 17 
2 3 4 6 7 8 9 11 12 13 14 15 16 17 
2 3 4 6 7 8 9 10 11 12 13 15 17 
2 3 4 6 7 8 11 12 13 15 16 17 
2 3 4 6 7 8 10 11 12 13 14 15 16 17 
2 3 4 6 7 8 9 10 11 12 13 14 15 16 17 
2 3 4 6 7 8 9 11 12 13 14 15 16 17 
2 3 4 6 7 8 9 12 13 16 17 
2 3 4 6 7 8 9 10 12 13 16 17 
2 3 4 6 7 8 10 12 13 16 17 
2 3 4 6 7 8 10 12 13 16 17 
2 3 4 6 7 8 9 10 12 13 16 17 
2 3 4 6 7 8 9 11 12 13 16 17 
2 3 4 6 7 8 11 12 13 15 16 17 
2 3 4 6 7 8 9 11 12 13 15 16 17 
2 3 6 7 8 12 13 15 16 17 
2 3 6 7 8 12 13 16 
2 3 4 6 7 8 10 12 13 17 
2 3 4 6 7 8 12 16 17 
2 3 4 6 7 8 9 11 12 13 16 17 
2 3 4 6 7 8 10 11 12 13 15 16 17 
2 3 4 6 7 8 10 11 12 13 14 15 17 
2 3 4 6 7 8 9 10 11 12 13 14 15 17 
2 3 4 6 7 8 12 13 16 17 
2 3 6 7 11 
2 3 4 6 7 8 10 11 12 15 
2 3 4 6 7 8 10 11 12 15 16 
2 3 4 6 7 8 11 12 13 15 16 17 
2 3 4 6 7 8 9 10 11 12 13 15 16 17 
2 3 4 6 7 8 10 11 12 13 15 16 17 
2 3 4 6 7 8 11 12 
2 3 4 6 7 8 10 11 12 15 16 
2 3 4 6 7 8 11 
2 3 6 7 8 10 11 12 15 
2 3 6 7 8 10 11 12 14 15 
2 3 4 6 7 8 12 14 15 16 
2 3 4 6 7 8 16 
2 3 4 6 7 8 11 15 
2 3 4 6 7 8 11 12 15 
2 3 6 7 8 10 11 12 13 15 16 17 
2 3 6 7 8 10 11 12 13 14 15 16 17 
2 3 4 6 7 8 9 10 11 12 13 16 17 
2 3 4 6 7 8 9 10 11 12 13 15 17 
2 3 4 6 7 8 12 13 16 17 
2 3 4 6 7 8 12 13 16 17 
2 3 6 7 8 11 12 13 16 17 
2 3 4 6 7 8 11 12 15 16 
2 3 4 5 6 8 10 11 12 15 
2 3 4 5 6 8 10 12 16 
2 3 4 6 7 8 10 12 13 16 
2 3 4 5 6 7 8 17 
2 3 4 5 6 7 8 11 15 
2 3 4 6 8 10 11 12 15 
2 3 4 6 7 8 12 13 17 
2 3 4 5 6 7 8 9 10 12 13 17 
2 3 4 5 6 7 8 9 10 11 12 15 16 
2 3 4 5 6 7 8 11 12 15 16 17 
2 3 4 5 6 7 8 10 11 15 
2 3 4 5 6 7 8 11 12 15 
2 3 4 5 6 7 8 9 12 13 15 16 
2 3 4 5 6 7 8 9 10 12 13 16 17 
2 3 4 5 6 7 8 9 10 12 13 16 
2 3 4 5 6 7 8 11 12 13 16 17 
2 3 6 7 8 9 11 12 13 15 16 17 
2 3 5 6 7 10 11 12 13 15 16 17 
2 3 4 5 6 7 8 11 15 
2 3 4 6 7 8 11 12 15 
2 3 4 5 6 7 8 10 12 16 
2 3 4 5 6 7 8 12 16 
2 3 4 5 6 7 8 10 12 16 17 
2 3 4 5 6 7 8 12 13 16 17 
2 3 4 6 7 8 12 13 16 17 
2 3 4 5 6 7 8 9 10 12 13 17 
2 3 4 5 6 7 8 10 11 12 15 16 17 
2 3 4 6 7 8 11 12 15 16 
2 3 4 6 7 8 11 12 13 16 17 
2 3 4 6 7 8 10 11 12 14 15 16 
2 3 4 6 7 8 10 11 12 14 15 16 
2 3 4 6 7 8 12 13 16 17 
2 3 4 6 7 8 9 10 11 12 13 17 
2 3 4 6 7 8 9 11 12 13 15 16 17 
2 3 4 6 7 8 11 12 13 15 16 17 
2 3 4 6 7 8 10 11 12 15 16 
2 3 6 7 8 12 
2 3 4 6 7 8 9 10 11 12 13 16 
2 3 4 6 7 8 9 11 12 13 15 
2 3 4 6 7 8 11 13 15 17 
2 3 4 6 7 8 10 11 12 
2 3 4 6 7 8 11 12 15 16 17 
2 3 4 6 7 8 11 12 13 14 15 16 17 
2 3 4 6 7 8 11 12 15 16 
2 3 4 6 7 8 9 11 12 13 15 16 17 
2 3 4 6 7 8 11 12 13 16 17 
2 3 4 6 7 8 10 11 12 13 15 16 17 
2 3 4 6 7 8 9 11 12 13 15 16 
2 3 4 6 7 8 11 12 13 15 16 17 
2 3 4 6 7 8 11 12 13 15 16 17 
2 3 4 6 7 8 9 11 12 13 15 16 
2 3 4 6 7 8 12 13 17 
2 3 6 7 8 11 12 13 17 
2 3 4 6 7 8 11 12 13 15 16 17 
2 3 4 6 7 8 11 12 15 16 17 
2 3 4 6 7 8 11 12 15 
2 3 4 6 7 8 10 11 12 13 15 16 17 
2 3 4 6 7 8 10 11 12 13 14 15 16 17 
2 3 4 6 7 8 9 10 11 12 13 15 17 
2 3 4 6 7 8 9 11 12 13 15 16 17 
2 3 4 6 7 8 9 10 11 12 13 14 15 16 17 
2 3 4 6 7 8 9 11 12 13 14 15 17 
2 3 4 6 7 8 9 10 11 12 13 15 16 17 
2 3 4 6 7 8 9 11 12 13 15 16 17 
2 3 4 6 7 8 11 12 13 17 
2 3 4 6 7 8 10 11 12 13 15 16 17 
2 3 4 6 7 8 9 11 12 15 16 
2 3 4 6 7 8 9 10 11 12 13 15 
2 3 4 6 7 8 9 11 12 13 15 16 17 
2 3 4 6 7 8 9 11 12 13 15 16 17 
2 3 4 6 7 8 11 12 13 15 16 17 
2 3 4 6 7 8 10 11 12 13 15 16 17 
2 3 4 6 7 8 11 12 13 16 17 
2 3 4 6 7 8 11 12 15 
2 3 4 6 7 8 10 11 12 13 15 16 17 
2 3 4 6 7 8 10 11 12 14 15 16 17 
2 3 4 6 7 8 10 11 12 14 15 16 17 
2 3 4 7 8 10 11 14 15 16 
2 3 4 6 7 8 11 12 14 15 
2 3 4 6 7 8 10 11 12 14 15 
2 3 4 6 7 8 9 10 11 12 13 15 16 
2 3 4 6 7 8 10 11 12 13 14 15 16 17 
2 3 4 6 7 8 12 13 16 17 
2 3 4 6 7 8 9 11 12 13 16 17 
2 3 4 6 7 8 9 11 12 13 15 16 17 
2 3 4 6 7 8 10 11 12 13 14 15 16 17 
2 3 4 6 7 8 10 11 12 13 15 16 17 
2 3 4 6 7 8 9 10 11 12 13 15 16 
2 3 4 6 7 8 10 11 12 13 15 16 17 
2 3 4 6 7 8 10 11 12 13 14 15 16 17 
2 3 4 6 7 8 11 12 13 15 16 17 
2 3 4 6 7 8 10 11 12 14 15 16 
2 3 4 6 7 8 12 13 14 15 16 17 
2 3 4 6 7 8 9 11 12 16 
2 3 4 6 7 8 9 10 11 12 15 16 17 
2 3 4 6 7 8 9 10 11 12 14 15 16 
2 3 4 6 7 8 9 10 11 12 14 15 16 
2 3 4 6 7 8 9 11 12 13 14 15 16 17 
2 3 4 6 7 8 9 10 11 12 13 15 16 17 
2 3 4 6 7 8 9 11 12 13 15 16 
2 3 4 6 7 8 9 10 11 12 13 14 15 16 
2 3 4 6 7 8 9 13 
2 3 4 6 7 8 9 11 12 13 
2 3 4 5 6 7 8 9 11 12 13 15 
2 3 4 5 6 7 8 9 10 11 12 13 14 15 16 17 
2 3 4 6 7 8 11 12 13 
2 3 4 6 7 8 9 10 11 12 13 14 15 16 17 
2 3 4 6 7 8 9 10 11 12 13 14 15 16 17 
2 3 4 6 7 8 10 11 12 13 15 16 17 
2 3 4 6 7 8 9 11 12 13 15 16 17 
2 3 4 6 7 8 9 10 11 12 15 16 
2 3 4 6 7 8 9 11 12 15 16 
2 3 4 6 7 8 9 10 11 12 15 16 
2 3 4 6 7 8 9 10 11 12 14 15 16 
2 3 4 6 7 8 9 11 12 13 15 16 
2 3 4 6 7 8 9 10 11 12 13 14 15 
2 3 4 6 7 8 9 10 11 12 13 14 15 
2 3 4 6 7 8 9 10 11 12 13 14 15 16 
2 3 4 6 7 8 9 10 11 12 13 14 15 16 
2 3 4 6 7 8 9 10 11 12 13 15 16 17 
2 3 4 6 7 8 9 10 11 12 13 14 15 16 17 
2 3 4 6 7 8 9 11 12 13 15 16 17 
2 3 4 6 7 8 9 11 12 13 15 16 17 
2 3 4 6 7 8 9 11 12 13 17 
2 3 4 5 6 7 8 9 10 11 12 13 15 16 17 
2 3 4 5 6 7 8 9 10 11 12 13 15 16 17 
2 3 4 6 7 8 9 11 12 13 15 16 17 
2 3 4 6 7 8 9 10 11 12 13 14 15 16 17 
2 3 4 6 7 8 9 10 11 12 13 14 15 16 17 
2 3 4 6 7 8 9 10 11 12 13 14 15 16 17 
2 3 4 6 7 8 9 10 11 12 13 14 15 16 
2 3 4 6 7 8 11 12 13 15 16 17 
2 3 4 6 7 8 10 11 12 13 15 16 17 
2 3 4 6 7 8 10 11 12 13 15 16 17 
2 3 4 6 7 8 10 11 12 13 14 15 16 17 
2 3 4 6 7 8 10 11 12 13 14 15 16 17 
2 3 4 6 7 8 10 11 12 13 15 16 17 
2 3 4 6 7 8 9 10 11 12 13 14 15 16 17 
2 3 4 6 7 8 11 12 13 14 15 16 17 
2 3 6 7 8 10 11 12 13 14 15 16 17 
2 3 4 6 7 8 10 11 12 13 14 15 16 17 
2 3 4 6 7 8 11 12 16 
2 3 4 7 8 10 11 12 13 15 16 17 
2 3 4 6 7 8 11 12 13 15 16 17 
2 3 4 6 7 8 10 11 13 14 15 17 
2 3 4 6 7 8 9 11 12 13 14 15 16 
2 3 4 6 7 8 11 12 13 15 16 17 
2 3 4 7 8 11 12 
2 3 4 7 8 9 10 11 12 13 14 15 16 17 
2 3 4 7 8 9 11 12 13 14 15 16 17 
2 3 4 6 7 8 10 11 12 13 15 17 
2 3 4 6 7 8 10 11 12 15 16 17 
2 3 4 6 7 8 10 11 12 14 15 16 
2 3 4 6 7 8 9 12 13 14 15 16 17 
2 3 4 6 7 8 9 10 11 12 
2 3 4 6 7 8 9 10 11 12 13 15 16 17 
2 3 4 6 7 8 9 10 11 12 13 15 16 17 
2 3 4 6 7 8 9 11 15 16 
2 3 4 6 7 8 9 13 
2 3 4 6 7 8 9 10 13 
2 3 4 6 7 8 9 11 12 13 
2 3 4 6 7 8 9 11 12 13 15 16 17 
2 3 4 6 7 8 9 11 12 13 15 16 17 
2 3 4 6 7 8 9 10 11 12 13 14 15 16 17 
2 3 4 6 7 8 10 11 12 13 14 15 16 17 
2 3 4 6 7 8 10 12 13 16 
2 3 4 6 7 8 11 13 
2 3 4 6 7 8 10 11 12 13 14 15 17 
2 3 4 6 7 8 10 11 12 13 14 15 16 17 
2 3 4 6 7 8 11 12 13 16 17 
2 3 4 6 7 8 11 12 15 16 
2 3 4 6 7 8 11 12 15 16 
2 3 4 6 7 8 10 11 12 14 15 16 
2 3 4 6 7 10 11 12 14 15 16 17 
2 3 4 6 7 8 11 12 15 16 
2 3 4 6 7 8 11 15 
2 3 4 6 7 8 11 
2 3 4 6 7 8 11 12 15 
2 3 4 6 7 8 10 11 12 13 15 16 
2 3 4 6 7 8 11 12 13 15 16 17 
2 3 4 6 7 8 11 12 13 16 17 
2 3 4 6 7 8 11 12 13 15 16 17 
2 3 4 6 7 8 10 11 12 13 15 16 
2 3 4 6 8 10 11 12 13 15 16 17 
2 3 4 6 7 8 10 12 
2 3 4 6 7 8 10 11 12 13 16 17 
2 3 4 6 7 8 11 12 13 15 16 17 
2 3 4 6 7 8 11 12 13 15 16 17 
2 3 4 6 7 8 10 11 13 15 17 
2 3 4 6 7 8 12 15 
2 3 4 6 7 8 9 10 12 13 16 17 
2 3 4 6 7 8 11 12 13 16 17 
2 3 4 6 7 8 11 12 13 15 16 17 
2 3 4 6 7 8 11 12 13 15 16 17 
2 3 4 6 7 8 9 10 11 12 13 14 15 16 17 
2 3 4 6 7 8 12 16 17 
2 3 4 6 7 8 10 11 12 
2 3 4 6 7 8 11 12 13 15 16 17 
2 3 4 6 7 8 11 12 13 15 16 17 
2 3 4 6 7 8 11 15 16 
2 3 4 6 7 8 12 
2 3 4 6 7 8 11 12 
2 3 4 6 7 8 11 12 13 15 16 17 
2 3 4 6 7 8 10 11 12 13 14 15 16 17 
2 3 4 6 7 8 10 11 12 14 15 16 
2 3 4 6 7 8 11 12 15 16 
2 3 4 6 7 8 11 12 16 
2 3 4 6 7 8 11 12 15 16 17 
2 3 4 6 8 9 11 12 13 15 
2 3 4 6 7 8 9 10 12 13 16 17 
2 3 4 6 7 8 12 13 16 17 
2 3 4 6 7 8 10 12 
2 3 4 6 7 8 10 11 12 13 17 
2 3 4 6 7 8 11 12 13 15 16 17 
2 3 4 6 7 8 11 12 13 15 16 17 
2 3 4 6 7 8 12 15 16 
2 3 4 6 7 8 10 11 12 13 16 17 
2 3 4 6 7 8 11 12 13 15 16 17 
2 3 4 6 7 8 11 12 15 16 
2 3 4 6 7 8 10 11 12 13 15 16 
2 3 4 6 7 8 10 11 12 13 15 16 17 
2 3 4 6 7 8 11 12 14 15 16 
2 3 4 6 7 8 11 12 15 16 
2 3 4 6 7 8 11 12 15 
2 3 4 6 7 8 11 12 15 
2 3 4 6 7 8 9 11 12 13 15 16 
2 3 4 6 7 8 11 12 13 15 16 17 
2 3 4 6 7 8 10 11 12 13 14 15 16 17 
2 3 4 6 7 8 10 11 12 
2 3 4 6 7 8 9 11 12 13 15 16 
2 3 4 6 7 8 9 11 12 13 15 16 17 
2 3 4 6 7 8 11 12 13 14 15 16 17 
2 3 4 6 7 8 10 11 12 13 15 16 17 
2 3 4 6 7 8 10 11 12 13 14 15 16 
2 3 4 6 7 8 11 12 13 14 15 16 17 
2 3 4 6 7 8 11 12 15 16 
2 3 4 6 7 8 10 11 12 15 
2 3 4 6 7 8 11 12 15 16 
2 3 4 6 7 8 11 12 15 16 
2 3 4 6 7 8 9 11 12 13 15 16 
2 3 4 6 7 8 12 13 15 16 17 
2 3 4 6 7 8 9 11 12 13 16 17 
2 3 4 6 7 8 9 11 12 13 16 17 
2 3 4 6 7 8 9 11 12 13 15 16 17 
2 3 4 6 7 8 10 11 12 14 15 16 
2 3 4 6 7 8 12 
2 3 4 6 7 8 11 12 16 
2 3 4 6 7 8 10 11 12 15 16 17 
2 3 4 6 7 8 11 12 15 16 
2 3 4 6 7 8 10 11 12 14 15 16 
2 3 4 6 7 8 10 11 12 14 15 16 
2 3 4 6 7 8 9 10 11 12 13 15 16 
2 3 4 6 7 8 9 10 11 12 13 16 17 
2 3 4 6 7 8 10 11 12 14 15 16 17 
2 3 4 6 7 8 10 11 12 13 14 15 16 17 
2 3 4 6 7 8 9 10 11 12 13 15 16 17 
2 3 4 6 7 8 10 11 12 13 14 15 16 17 
2 3 4 6 7 8 11 12 15 16 17 
2 3 4 6 7 8 9 10 11 12 13 15 16 17 
2 3 4 6 7 8 10 11 12 13 14 15 16 17 
2 3 4 6 7 8 10 11 12 15 
2 3 6 7 8 10 11 12 13 15 16 17 
2 3 4 6 7 8 11 12 13 16 17 
2 3 4 6 7 8 10 11 12 13 15 16 17 
2 3 4 6 7 8 10 11 12 14 15 16 17 
2 3 4 6 7 8 9 11 12 13 14 15 16 
2 3 4 6 7 8 9 11 12 13 15 16 17 
2 3 4 7 8 11 12 13 16 17 
2 3 4 6 7 8 10 11 12 13 15 16 
2 3 4 6 7 8 10 11 13 15 16 17 
2 3 4 6 7 8 9 10 12 13 17 
2 3 4 6 7 8 9 10 11 12 13 16 17 
2 3 4 6 7 8 9 11 12 13 15 16 17 
2 3 4 6 7 8 9 10 11 12 13 15 16 
2 3 4 6 7 8 11 12 13 14 15 16 17 
2 3 4 6 7 8 10 11 12 13 16 17 
2 3 4 6 7 8 9 11 12 13 15 16 
2 3 4 6 7 8 10 11 12 13 15 16 17 
2 3 4 6 7 8 9 10 12 13 16 17 
2 3 4 6 7 8 9 10 11 12 13 16 17 
2 3 4 6 7 8 9 11 12 13 15 16 17 
2 3 4 6 7 8 9 10 11 12 13 15 16 17 
2 3 4 6 7 8 9 12 13 14 15 
2 3 4 6 7 8 9 11 13 15 17 
2 3 4 6 7 8 9 11 12 13 15 17 
2 3 4 6 7 8 9 10 12 13 16 
2 3 4 6 7 8 9 12 13 16 17 
2 3 4 6 7 8 10 12 13 16 17 
2 3 4 6 7 8 11 12 13 15 17 
2 3 4 6 7 8 10 11 12 15 16 
2 3 4 6 7 8 11 12 13 15 16 17 
2 3 4 6 7 8 10 12 16 
2 3 4 6 7 8 10 11 12 16 17 
2 3 4 6 7 8 10 11 12 16 
2 3 6 7 8 9 11 12 13 15 16 17 
2 3 6 7 8 9 11 12 16 
2 3 4 6 7 8 9 10 11 12 15 
2 3 4 6 7 8 9 10 11 12 13 15 16 17 
2 3 4 6 7 8 9 11 12 13 16 17 
2 3 4 6 7 8 9 11 12 13 15 16 
2 3 4 6 7 8 9 11 12 13 14 15 16 17 
2 3 4 6 7 8 9 10 11 12 13 15 16 17 
2 3 4 6 7 8 9 11 12 13 15 16 
2 3 4 6 7 8 9 11 12 13 15 16 
2 3 4 7 8 9 11 12 13 15 16 
2 3 4 6 7 8 9 11 12 13 15 16 
2 3 4 6 7 8 9 10 11 12 13 15 16 17 
2 3 4 6 7 8 11 12 13 15 16 
2 3 4 6 7 8 11 13 15 16 
2 3 4 6 7 8 10 11 12 13 15 
2 3 4 6 7 8 11 12 13 15 16 17 
2 3 4 6 7 8 9 10 11 12 13 16 17 
2 3 4 6 7 8 9 11 12 13 15 16 17 
2 3 4 6 7 8 9 13 15 17 
2 3 4 6 7 8 11 12 13 17 
2 3 4 6 7 8 10 11 12 13 15 16 17 
2 3 4 6 7 8 11 12 13 15 16 17 
2 3 4 6 7 8 11 12 13 15 16 17 
2 3 4 6 7 8 10 11 12 15 16 
2 3 4 6 7 8 10 11 12 13 14 15 16 17 
2 3 4 6 7 8 10 11 12 13 14 15 16 17 
2 3 4 6 7 8 10 11 12 15 16 
2 3 4 6 7 8 11 12 15 16 
2 3 4 6 7 8 9 11 12 13 14 15 16 17 
2 3 4 6 7 8 10 11 12 13 16 17 
2 3 4 6 7 8 9 11 12 13 15 16 17 
2 3 4 6 7 8 9 11 12 13 15 16 17 
2 3 4 6 7 8 10 11 12 13 15 16 17 
2 3 4 6 7 8 10 11 12 13 14 15 16 17 
2 3 4 6 7 8 11 12 13 15 16 17 
2 3 4 6 7 8 9 10 11 12 13 15 16 17 
2 3 4 6 7 8 9 10 11 12 13 14 15 16 17 
2 3 4 6 7 8 10 11 12 13 14 15 16 17 
2 3 4 6 7 8 10 11 12 15 16 17 
2 3 4 6 7 8 10 11 12 15 16 
2 3 6 7 8 9 11 12 13 15 16 17 
2 3 4 6 7 8 9 11 12 13 15 16 17 
2 3 4 6 7 8 9 10 11 12 13 14 15 16 17 
2 3 4 6 7 8 9 10 11 12 13 14 15 16 17 
2 3 4 6 7 8 9 10 11 12 13 
2 3 4 6 7 8 9 10 11 12 13 14 15 16 17 
2 3 4 6 7 8 10 11 12 13 14 15 16 17 
2 3 4 6 7 8 11 12 13 15 16 17 
2 3 4 6 7 8 10 11 12 13 14 15 16 17 
2 3 4 6 7 8 9 10 11 12 13 14 15 16 17 
2 3 4 6 7 8 10 11 12 13 15 16 17 
2 3 4 6 7 8 9 10 11 12 13 14 15 16 17 

2 3 4 6 7 8 9 10 11 12 13 14 15 16 
2 3 4 6 7 8 10 11 12 13 15 16 17 
2 3 4 6 7 8 11 12 13 15 16 17 
2 3 4 5 6 7 8 9 11 12 13 15 16 17 
2 3 4 5 6 7 8 9 10 11 12 13 15 16 
2 3 4 5 6 7 8 9 10 11 12 13 14 15 16 17 
2 3 4 6 7 8 11 12 15 16 
2 3 4 6 7 8 9 11 12 13 16 17 
3 4 7 8 9 10 11 12 13 15 16 17 
2 3 4 6 7 8 9 10 11 12 13 14 15 16 
2 3 4 6 7 8 9 10 11 12 13 15 16 17 
2 3 4 6 7 8 11 12 13 15 16 17 
2 3 4 5 6 7 8 9 11 12 13 15 16 17 
2 3 4 5 6 7 8 9 11 12 13 14 15 16 17 
2 3 4 5 6 7 8 9 11 12 13 16 17 
2 3 4 6 7 8 10 11 12 15 16 
2 3 4 6 7 8 11 12 15 16 
2 3 4 6 7 8 9 10 11 12 13 15 16 17 
2 3 6 7 8 9 11 12 13 16 17 
2 3 4 6 7 8 9 11 12 13 
2 3 4 6 7 8 11 12 13 15 16 17 
2 3 4 6 7 8 10 11 12 13 14 15 16 17 
2 3 4 6 7 8 10 11 12 13 14 15 16 17 
2 3 4 6 7 8 10 11 12 14 15 16 17 
2 3 4 6 7 8 10 11 12 14 15 16 
2 3 4 6 7 8 10 11 12 14 15 16 
2 3 4 6 7 8 11 12 14 15 16 
2 3 4 6 7 8 10 11 12 13 15 16 
2 3 4 6 7 8 11 12 13 15 16 17 
2 3 4 6 7 8 9 11 12 13 14 15 16 17 
2 3 4 6 7 8 9 11 12 13 15 16 17 
2 3 4 7 8 10 11 12 13 15 16 17 
2 3 4 6 7 8 10 11 12 13 15 16 17 
2 3 4 6 7 8 10 11 12 15 16 
2 3 4 6 7 8 9 10 11 12 13 15 16 17 
2 3 4 6 7 8 9 10 11 12 13 15 16 17 
2 3 4 6 7 8 10 11 12 13 14 15 16 17 
2 3 4 6 7 8 10 11 12 15 16 17 
2 3 4 6 7 8 9 11 12 13 15 16 17 
2 3 4 6 7 8 9 11 12 13 15 
2 3 4 6 7 8 9 10 11 12 13 14 15 16 17 
2 3 4 6 7 8 9 10 11 12 13 14 15 16 17 
2 3 4 6 7 8 11 12 13 16 17 
2 3 4 6 7 8 10 11 12 13 15 16 17 
2 3 4 5 6 7 8 11 15 
2 3 4 5 6 7 8 10 12 15 
2 3 4 5 6 7 8 9 12 16 
2 3 4 6 7 8 9 11 12 13 16 
2 3 4 6 7 8 9 11 12 13 15 16 
2 3 4 6 7 8 9 10 11 12 13 15 16 17 
2 3 4 6 7 8 11 12 13 16 17 
2 3 4 5 6 7 8 9 10 11 12 13 15 16 17 
2 3 4 6 7 8 9 11 12 13 17 
2 3 5 6 7 8 9 11 12 13 15 16 17 
2 3 4 5 6 7 8 11 12 13 15 16 17 
2 3 4 6 8 9 11 12 13 15 16 17 
2 3 4 6 7 8 9 10 13 17 
2 3 4 6 7 9 13 
2 3 4 6 7 8 9 11 13 15 
2 3 4 6 7 8 9 11 12 13 15 16 
2 3 4 6 7 8 10 12 13 17 
2 3 4 6 7 8 10 11 12 13 15 16 17 
2 3 4 5 6 7 8 9 11 12 13 14 15 
2 3 4 5 6 7 8 9 10 11 12 13 15 16 17 
2 3 4 5 6 7 8 10 11 12 13 15 16 17 
2 3 4 5 6 7 8 10 11 12 16 
2 3 4 6 7 8 11 12 13 15 16 17 
2 3 4 5 6 7 8 9 10 11 12 13 15 16 
2 3 4 5 6 7 8 9 10 11 12 13 14 15 16 17 
2 3 4 6 7 8 11 15 
2 3 4 6 7 8 9 10 11 12 13 15 16 17 
2 3 4 6 8 9 12 
2 3 4 6 7 8 9 10 12 13 16 
2 3 4 6 7 8 10 12 13 16 17 
2 3 4 6 7 8 10 12 13 16 17 
2 3 4 6 7 8 10 12 
2 3 4 6 7 8 10 11 12 13 17 
2 3 4 6 7 8 11 12 15 16 17 
2 3 4 6 7 8 11 12 15 16 
2 3 4 6 7 8 10 11 12 16 
2 3 4 6 8 10 12 16 
2 3 4 6 7 8 9 12 13 
2 3 4 6 7 8 9 12 13 16 17 
2 3 4 6 7 8 10 12 16 17 
2 3 4 6 7 8 10 
2 3 4 6 7 8 10 11 
2 3 4 6 7 8 10 11 12 15 
2 3 4 6 7 8 11 12 15 16 
2 3 4 6 7 8 10 11 12 13 15 16 17 
2 3 4 6 7 8 9 11 12 13 17 
2 3 4 6 7 8 9 11 12 13 15 16 
2 3 4 6 7 11 12 13 16 17 
2 3 4 6 7 10 11 15 16 17 
2 3 4 6 7 8 11 
2 3 4 6 7 8 10 11 12 15 
2 3 4 6 7 8 10 11 12 14 15 16 
2 3 4 6 7 8 12 
2 3 4 6 7 11 12 16 17 
2 3 4 6 7 11 15 
2 3 4 6 7 10 
2 3 4 6 7 8 
2 3 4 6 7 8 10 
2 3 4 6 7 8 10 12 
2 3 4 6 7 8 9 12 13 16 
2 3 4 6 7 8 10 12 13 16 17 
2 3 4 6 7 8 11 12 15 16 
2 3 4 6 7 8 11 12 13 15 16 17 
2 3 4 6 7 8 11 12 13 17 
2 3 4 6 7 8 9 11 12 13 15 16 
2 3 4 6 7 8 9 11 12 13 14 15 17 
2 3 4 6 7 8 10 11 12 13 14 15 16 17 
2 3 4 6 7 8 12 13 14 15 16 17 
2 3 4 6 7 8 11 12 13 16 17 
2 3 4 6 7 8 9 10 11 12 15 16 17 
2 3 4 6 7 8 9 11 12 13 15 16 
2 3 4 6 7 8 9 10 11 12 13 15 16 17 
2 3 4 6 7 8 9 11 12 13 16 17 
2 3 4 6 7 8 9 10 11 12 13 15 16 17 
2 3 4 6 7 8 11 12 
2 3 4 6 7 8 11 12 15 16 
2 3 4 6 7 8 9 11 12 13 16 17 
2 3 4 6 7 8 9 10 11 12 13 15 16 17 
2 3 4 6 7 8 11 12 13 15 16 17 
2 3 4 5 6 7 8 9 11 12 15 16 
2 3 4 6 7 8 9 10 11 15 
2 3 4 6 7 8 9 13 
2 3 4 6 7 8 9 10 12 13 
2 3 4 6 7 8 9 10 11 12 13 17 
2 3 4 6 7 8 9 11 12 13 15 16 17 
2 3 4 5 6 8 9 11 12 13 14 15 17 
2 3 4 5 6 8 9 10 12 13 16 17 

2 3 4 5 6 7 8 12 
2 3 4 5 6 7 8 12 16 
2 3 4 5 6 7 8 10 12 13 16 17 
2 3 4 5 6 7 8 12 13 16 17 
2 3 4 5 6 7 8 9 12 13 16 17 
2 3 4 6 7 8 9 11 12 13 17 
2 3 4 5 6 7 8 9 10 11 12 13 15 17 
2 3 4 5 6 7 8 9 10 11 12 13 14 15 16 17 
2 3 4 5 6 7 8 9 11 12 13 15 16 
2 3 4 5 6 7 8 9 10 11 12 13 16 17 
2 3 4 5 6 7 8 11 12 13 15 16 17 
2 3 4 5 6 7 8 9 10 11 12 13 14 15 16 17 
2 3 4 6 7 8 9 10 11 12 13 14 15 
2 3 4 6 7 8 9 10 11 12 13 15 16 17 
2 3 4 6 7 11 12 13 16 17 
2 3 4 6 7 8 16 
2 3 4 6 7 8 11 
2 3 4 6 7 8 10 11 12 14 15 
2 3 4 6 7 8 11 12 15 16 
2 3 4 6 7 8 11 12 15 16 
2 3 4 6 7 8 10 11 12 14 15 16 
2 3 4 6 7 8 11 12 15 16 
2 3 4 6 7 8 11 12 15 16 
2 3 4 6 7 8 10 11 12 15 16 
2 3 4 6 7 8 9 12 13 
2 3 4 6 7 8 9 10 11 12 13 16 17 
2 3 4 6 7 8 9 10 11 12 13 15 16 17 
2 3 4 6 7 8 11 12 15 
2 3 4 6 7 8 11 12 15 16 
2 3 4 6 7 8 10 11 12 15 16 
2 3 4 6 7 8 10 11 12 15 16 
2 3 4 6 7 8 11 12 15 16 
2 3 4 5 6 7 8 9 10 11 12 13 
2 3 4 5 6 7 8 9 11 12 13 15 16 17 
2 3 4 6 7 8 9 10 11 12 13 15 16 17 
2 3 4 6 7 8 9 10 11 12 14 15 16 
2 3 4 6 7 8 9 11 12 13 15 16 17 
2 3 4 6 7 8 11 12 15 16 
2 3 4 6 7 8 10 11 12 15 16 
2 3 4 6 7 8 11 12 15 16 
2 3 4 6 7 8 11 12 16 
2 3 4 6 7 8 10 11 12 13 14 15 16 
2 3 4 6 7 8 9 10 11 12 13 14 15 16 17 
2 3 4 6 7 8 9 11 12 13 15 16 17 
2 3 4 6 7 8 10 17 
2 3 4 6 7 8 10 11 12 
2 3 4 6 7 8 9 10 11 12 13 15 16 
2 3 4 6 7 8 12 13 17 
2 3 4 6 7 8 12 16 
2 3 4 6 7 8 10 11 12 13 16 17 
2 3 4 6 7 8 11 12 15 16 
2 3 4 6 7 8 9 11 12 13 15 16 17 
2 3 4 6 7 8 11 12 13 15 16 17 
2 3 4 6 7 8 10 11 12 15 16 17 
2 3 4 6 7 8 11 12 15 16 
2 3 4 6 7 8 9 10 11 12 13 14 15 16 17 
2 3 4 6 7 8 10 11 12 13 14 15 16 17 
2 3 4 6 7 8 9 11 12 13 15 16 17 
2 3 4 6 7 8 11 12 13 15 16 17 
2 3 4 6 7 8 9 11 12 13 15 16 17 
2 3 4 6 7 8 9 10 11 12 13 15 17 
2 3 4 6 7 8 10 12 13 15 16 17 
2 3 4 6 7 8 11 12 13 16 17 
2 3 4 6 7 8 11 12 15 16 
2 3 4 6 7 8 10 11 12 13 15 16 17 
2 3 4 6 7 8 9 11 12 13 
2 3 6 7 8 9 11 12 13 15 16 17 
2 3 4 6 7 8 10 11 12 13 15 16 17 
2 3 4 6 7 8 10 11 12 15 16 17 
2 3 4 6 7 8 11 12 13 15 16 17 
2 3 4 6 7 8 11 12 13 15 16 17 
2 3 4 6 7 8 11 12 13 15 16 
2 3 4 6 7 8 10 11 12 13 15 16 17 
2 3 4 6 7 8 10 11 12 14 15 
2 3 4 6 7 8 9 10 11 12 13 16 17 
2 3 4 6 7 8 9 11 12 13 15 16 17 
2 3 4 6 7 8 10 11 12 13 15 17 
2 3 4 6 7 8 9 10 11 12 13 15 16 17 
2 3 4 6 7 8 11 12 13 15 16 17 
2 3 4 6 7 8 10 11 12 16 17 
2 3 4 6 7 8 10 12 16 
2 3 6 7 8 9 11 12 13 
2 3 4 6 7 8 9 10 11 12 13 15 16 17 
2 3 6 7 8 9 10 11 12 13 15 16 17 
2 3 4 6 7 8 9 11 12 13 15 17 
2 3 6 7 8 11 12 13 16 17 
2 3 4 6 7 8 10 11 12 14 15 
2 3 4 6 7 8 9 10 11 12 13 14 15 16 
2 3 4 6 7 8 9 10 11 12 13 14 15 16 17 
2 3 4 6 7 8 10 11 12 13 15 16 17 
2 3 4 6 7 8 10 11 12 13 14 15 16 17 
2 3 4 6 7 8 10 11 12 14 15 16 
2 3 4 6 7 8 9 10 11 12 13 16 
2 3 4 6 7 8 9 10 11 12 13 15 16 17 
2 3 4 6 7 8 10 11 12 13 14 15 16 17 
2 3 4 6 7 8 11 12 13 14 15 16 17 
2 3 4 6 7 8 11 12 13 15 16 17 
2 3 4 6 7 8 11 12 13 15 16 17 
2 3 4 6 7 8 10 11 12 13 14 15 16 17 
2 3 4 6 7 8 10 11 12 13 14 15 16 17 
2 3 4 6 7 8 11 12 15 16 
2 3 4 5 6 7 8 9 11 12 13 14 15 16 17 
2 3 4 6 7 8 9 10 11 12 13 15 16 17 
2 3 4 6 7 8 9 11 12 13 16 17 
2 3 4 6 7 8 11 12 14 15 16 
2 3 4 6 7 8 9 10 11 12 13 15 16 
2 3 4 6 7 8 11 12 13 16 17 
2 3 4 5 6 7 8 9 11 12 13 15 16 
2 3 4 6 7 8 9 10 11 12 13 15 16 
2 3 4 6 7 8 9 11 12 13 15 16 17 
2 3 4 6 7 8 9 11 12 13 17 
2 3 4 6 7 8 9 10 11 12 13 14 15 16 17 
2 3 6 7 8 11 12 13 14 15 16 17 
2 3 6 7 8 11 12 15 16 
2 3 4 6 7 10 11 12 16 17 
2 3 4 6 7 10 11 
2 3 4 6 7 8 11 15 
2 3 4 6 7 8 10 12 
2 3 4 6 7 8 11 12 16 
2 3 4 6 7 8 11 12 13 15 16 17 
2 3 4 6 7 8 11 14 15 
2 3 4 6 7 8 10 11 12 15 16 
2 3 4 6 7 8 11 12 15 16 
2 3 4 6 7 8 9 10 11 12 13 14 15 16 
2 3 4 6 7 8 10 11 12 13 14 15 16 17 
2 3 4 6 7 8 12 13 16 17 
2 3 4 6 7 8 11 12 
2 3 4 6 7 8 10 11 12 15 16 
2 3 4 6 7 8 11 12 16 
2 3 4 6 7 8 9 11 12 13 15 
2 3 4 6 7 8 10 11 12 13 15 16 17 
2 3 4 6 7 8 9 10 11 12 13 14 15 16 17 
2 3 4 6 7 8 10 11 12 13 14 15 16 17 
2 3 4 6 7 8 10 11 12 15 16 17 
2 3 4 6 7 8 9 11 12 13 15 
2 3 4 6 7 8 11 12 13 16 17 
2 3 4 6 7 8 10 11 12 14 15 16 17 
2 3 4 6 7 8 10 11 12 14 15 16 
2 3 4 6 7 8 9 11 12 13 15 16 
2 3 4 6 7 8 9 11 12 13 15 16 
2 3 4 6 7 8 9 11 12 13 15 16 17 
2 3 4 6 7 8 9 11 12 13 15 16 17 
2 3 4 6 7 8 9 11 12 13 15 16 17 
2 3 4 6 7 8 9 10 11 12 13 14 15 16 17 
2 3 4 6 7 8 9 11 12 13 14 15 16 17 
2 3 4 6 7 8 9 10 11 12 13 15 16 17 
2 3 4 6 7 8 11 12 13 15 16 17 
2 3 4 6 7 8 10 11 12 14 15 16 
2 3 4 6 7 8 10 11 12 14 15 16 
2 3 4 6 7 8 10 11 12 13 15 16 17 
2 3 4 6 7 8 9 10 11 12 13 15 17 
2 3 4 6 7 8 9 10 11 12 13 15 16 17 
2 3 4 6 7 8 11 12 13 16 17 
2 3 4 6 7 8 11 12 13 15 17 
2 3 4 6 7 8 11 12 15 16 
2 3 6 7 8 9 10 11 12 13 15 16 
2 3 4 6 7 8 9 10 11 12 13 14 15 17 
2 3 4 6 7 8 10 11 12 13 14 15 16 17 
2 3 4 6 7 8 9 10 11 12 13 15 16 17 
2 3 4 6 7 8 9 11 12 13 15 17 
2 3 4 6 7 8 10 11 12 13 14 15 16 17 
2 3 4 6 7 8 10 11 12 14 15 16 
2 3 6 7 8 10 11 12 15 16 
2 3 4 6 7 8 9 10 11 12 13 14 15 16 17 
2 3 4 6 7 8 10 11 12 13 14 15 16 17 
2 3 4 6 7 8 9 11 12 13 16 17 
2 3 4 6 7 8 11 12 13 15 16 17 
2 3 4 6 7 8 11 12 15 16 
2 3 4 6 7 8 11 12 14 15 
2 3 4 6 7 8 11 12 15 16 
2 3 4 6 7 8 11 12 13 15 16 17 
2 3 4 6 7 8 11 12 15 16 
2 3 4 6 7 8 11 12 13 15 16 
2 3 4 6 7 8 9 11 12 13 15 16 17 
2 3 4 6 7 8 9 11 12 13 15 16 17 
2 3 4 6 7 8 11 12 13 16 17 
2 3 4 6 7 8 11 12 13 15 16 17 
2 3 4 7 8 10 11 12 13 14 15 16 17 
2 3 4 7 8 10 11 12 14 15 16 
2 3 4 6 7 8 10 11 12 
2 3 4 6 7 8 11 12 
2 3 4 6 7 8 11 12 15 16 
2 3 4 6 7 8 11 12 15 16 
2 3 4 6 7 8 11 12 15 
2 3 4 6 7 8 9 11 12 13 15 16 17 
2 3 4 6 7 8 10 11 12 13 15 16 17 
2 3 4 6 7 8 11 12 13 15 
2 3 4 6 7 8 10 11 12 13 14 15 16 17 
2 3 4 6 7 8 10 11 12 15 16 
2 3 4 6 7 8 10 11 12 
2 3 4 5 6 7 8 9 11 12 15 16 
2 3 4 5 6 7 8 9 10 11 12 13 14 15 16 
2 3 4 5 7 8 9 10 11 12 13 14 15 16 17 
2 3 6 8 10 11 12 14 15 16 
2 3 4 6 7 8 9 10 12 13 16 17 
2 3 4 6 7 8 11 12 13 16 17 
2 3 4 6 7 8 11 12 16 17 
2 3 4 6 7 8 11 12 15 16 
2 3 4 6 7 8 11 12 15 16 17 
2 3 4 6 7 8 11 12 15 16 
2 3 4 6 7 8 9 11 12 13 15 16 
2 3 4 6 7 8 9 11 12 13 15 16 17 
2 3 4 7 8 11 12 13 16 17 
2 3 6 7 8 10 11 12 13 15 16 17 
2 3 4 6 7 8 11 12 13 15 16 17 
2 3 4 6 7 8 11 12 13 15 16 17 
2 3 4 6 7 8 11 12 15 16 
2 3 4 6 7 8 10 11 12 14 15 16 
2 3 4 6 7 8 10 11 12 15 16 
2 3 4 5 6 7 8 9 10 11 12 13 15 16 
2 3 4 5 6 7 8 9 11 12 13 15 16 17 
2 3 4 6 7 8 10 11 12 13 14 15 16 17 
2 3 4 5 6 7 8 11 12 14 15 16 
2 3 4 5 7 8 11 12 15 16 17 
2 3 4 6 7 8 11 12 13 15 16 17 
2 3 4 5 6 7 8 10 11 12 13 15 16 17 
2 3 4 5 6 7 8 10 11 12 13 14 15 16 
2 3 4 6 7 8 10 11 12 13 14 15 17 
2 3 4 5 6 7 8 10 12 16 17 
2 3 4 5 6 7 8 9 10 12 13 16 
2 3 4 5 6 7 8 9 10 11 12 13 16 17 
2 3 4 6 7 8 10 11 12 14 15 16 17 
2 3 4 6 8 10 11 12 14 15 16 
2 3 4 6 8 12 13 16 17 
2 3 4 6 7 8 12 13 16 17 
2 3 4 6 7 8 9 11 12 13 15 16 17 
2 3 4 6 7 8 9 10 11 12 13 15 16 17 
2 3 4 6 7 8 9 10 11 12 13 16 17 
2 3 4 6 7 8 9 11 12 13 15 16 17 
2 3 4 6 7 8 9 10 11 12 13 15 16 
2 3 4 6 7 8 9 11 12 13 15 16 17 
2 3 4 6 7 8 9 11 12 13 15 16 17 
2 3 4 6 7 8 9 11 12 13 15 16 17 
2 3 4 6 7 8 9 11 12 13 15 16 17 
2 3 4 6 7 8 10 11 12 13 14 15 16 17 
2 3 4 6 7 8 9 10 11 12 13 15 16 17 
2 3 4 6 7 8 9 10 11 12 13 14 15 16 17 
2 3 4 6 7 8 11 12 13 15 16 17 
2 3 4 6 7 8 10 11 12 13 14 15 16 17 
2 3 4 6 7 8 9 11 12 13 
2 3 4 7 8 11 12 13 15 16 17 
2 3 4 6 7 8 11 12 13 15 16 17 
2 3 4 7 8 11 12 15 
2 3 4 6 7 8 11 12 15 16 
2 3 4 6 7 8 12 13 16 17 
2 3 4 6 7 8 11 12 13 16 17 
2 3 4 6 7 8 10 11 12 15 16 
2 3 4 6 7 8 11 12 
2 3 4 6 7 8 11 12 13 15 16 17 
2 3 4 6 7 8 10 12 13 15 16 17 
2 3 4 6 7 8 12 
2 3 4 6 7 8 10 12 16 
2 3 4 6 7 8 12 16 
2 3 4 6 7 8 9 11 12 13 16 17 
2 3 4 6 7 8 9 11 12 13 15 16 17 
2 3 4 7 8 11 12 13 16 17 
2 3 4 6 7 8 10 11 12 15 17 
2 3 4 6 7 8 10 11 12 15 16 
2 3 4 6 7 8 10 12 
2 3 4 6 7 8 12 16 
2 3 4 6 7 8 10 11 12 16 
2 3 4 6 7 8 11 12 15 16 
2 3 4 6 7 8 10 11 12 14 15 16 
2 3 4 5 6 7 8 9 10 11 12 15 16 
2 3 4 5 6 7 8 9 11 12 13 15 16 
2 3 4 5 6 7 8 9 11 12 13 15 16 
2 3 4 5 6 7 8 9 11 12 13 15 16 17 
2 3 4 6 7 8 11 12 15 16 
2 3 4 6 7 8 11 12 14 15 16 
2 3 4 6 7 8 9 11 12 13 15 16 17 
2 3 4 6 7 8 9 11 12 13 16 17 
2 3 4 6 7 8 9 10 11 12 13 14 15 16 17 
2 3 4 6 7 8 9 11 12 13 16 17 
2 3 4 6 7 8 9 11 12 13 15 16 17 
2 3 4 6 7 8 9 11 12 13 15 16 17 
2 3 4 6 7 8 9 11 12 13 15 16 17 
2 3 4 6 7 8 9 11 12 13 15 16 17 
2 3 4 6 7 8 9 11 12 13 15 16 17 
2 3 4 6 7 8 9 10 11 12 13 14 15 16 17 
2 3 4 6 7 8 10 11 12 13 14 15 16 17 
2 3 4 6 7 8 11 12 13 15 16 17 
2 3 4 6 7 8 9 10 11 12 13 15 16 17 
2 3 4 6 7 8 9 11 12 13 15 16 17 
2 3 4 6 7 8 11 12 13 15 16 17 
2 3 4 6 7 8 10 11 12 13 14 15 16 17 
2 3 4 6 7 8 9 11 12 14 15 16 17 
2 3 4 6 7 8 9 11 12 13 15 16 17 
2 3 4 6 7 8 9 11 13 15 17 
2 3 4 6 7 8 9 11 12 
2 3 4 6 7 8 9 11 12 13 15 16 17 
2 3 4 6 7 8 9 11 12 13 14 15 16 17 
2 3 4 6 7 8 9 11 12 13 15 16 17 
2 3 4 6 7 8 9 11 12 13 15 16 17 
2 3 4 6 7 8 9 12 13 15 16 
2 3 4 7 8 9 12 13 16 
2 3 4 6 7 8 9 12 13 16 17 
2 3 4 6 7 8 9 10 11 12 13 16 17 
2 3 4 6 7 8 9 11 12 13 15 16 17 
2 3 4 6 7 8 9 10 11 12 13 14 15 16 17 
2 3 4 6 7 8 11 12 13 16 17 
2 3 4 6 7 8 9 11 12 13 15 16 
2 3 4 6 7 8 11 12 13 15 16 17 
2 3 4 6 7 8 10 11 12 13 14 15 16 17 
2 3 4 6 7 8 10 11 12 13 14 15 16 17 
2 3 4 6 7 8 11 12 13 15 16 17 
2 3 4 7 8 11 12 13 15 16 17 
2 3 4 6 7 8 10 11 12 13 14 15 16 17 
2 3 4 6 7 8 9 11 12 13 14 15 16 
2 3 4 6 7 8 9 11 12 13 15 16 17 
2 3 4 6 7 8 9 11 12 13 15 16 17 
2 3 4 5 6 7 8 10 11 12 13 15 16 17 
2 3 4 5 6 7 8 9 11 12 13 15 16 17 
2 3 4 5 6 7 8 9 11 12 13 15 16 17 
2 3 4 5 6 7 8 10 11 12 14 15 16 
2 3 4 5 7 8 9 10 11 12 13 14 15 16 17 
2 3 4 6 7 8 10 11 12 13 14 15 16 17 
2 3 4 5 6 7 8 11 12 14 15 16 
2 3 4 6 7 8 10 11 12 14 15 16 
2 3 4 6 7 8 12 14 15 16 
2 3 4 5 6 7 8 9 11 12 13 16 17 
2 3 4 5 7 8 9 11 12 13 15 16 17 
2 3 4 5 6 7 8 9 11 12 13 15 16 17 
2 3 4 5 6 7 8 11 12 15 16 
2 3 4 6 7 8 9 10 11 12 13 15 16 17 
2 3 4 5 6 7 8 9 11 12 13 15 16 17 
2 3 4 5 6 7 8 11 12 13 15 16 17 
2 3 4 5 6 7 8 10 11 12 15 16 
2 3 4 5 6 7 8 10 11 12 15 16 
2 3 4 5 6 7 8 9 10 11 12 15 16 
2 3 4 5 6 7 8 9 10 11 12 13 15 16 17 
2 3 4 5 6 7 8 10 11 12 13 16 17 
2 3 4 6 7 8 9 11 12 13 15 16 17 
2 3 4 6 7 8 9 10 11 12 13 16 17 
2 3 4 5 6 7 8 10 11 12 13 15 16 17 
2 3 4 5 6 7 8 11 12 13 15 16 17 
2 3 4 6 7 8 9 10 11 12 13 14 15 16 17 
2 3 4 6 7 8 9 10 11 12 13 15 16 17 
2 3 4 5 6 7 8 9 10 11 12 13 14 15 16 17 
2 3 4 5 6 7 8 9 11 12 13 14 15 16 17 
2 3 5 6 7 8 10 11 12 13 14 15 16 17 
2 3 5 6 7 8 9 10 11 12 13 15 16 17 
2 3 5 6 7 8 9 11 12 13 15 16 17 
2 3 5 6 7 11 12 13 15 16 17 
2 3 4 5 6 7 8 11 12 15 16 17 
2 3 4 5 6 7 8 9 10 11 12 13 14 15 16 17 
2 3 4 6 7 8 9 11 12 13 14 15 16 17 
2 3 4 5 6 7 8 10 11 12 13 15 17 
2 3 4 5 6 7 8 10 11 12 15 16 
2 3 4 6 7 8 11 12 15 16 17 
2 3 4 6 7 8 11 12 15 16 
2 3 4 6 7 8 10 11 12 15 16 
2 3 4 6 7 8 9 10 11 12 13 15 
2 3 4 6 7 8 9 11 12 13 15 16 17 
2 3 4 6 7 8 9 10 11 12 13 14 15 16 17 
2 3 4 6 7 8 9 11 12 13 15 
2 3 4 6 7 8 9 10 11 12 13 15 
2 3 4 6 7 8 10 11 12 13 14 15 16 17 
2 3 4 6 7 8 11 12 13 14 15 16 17 
2 3 4 6 7 8 10 11 12 15 
2 3 4 6 7 8 11 12 13 15 16 17 
2 3 4 6 7 8 11 12 13 15 16 17 
2 3 4 6 7 8 10 11 12 13 15 16 17 
2 3 4 6 7 8 11 12 13 14 15 16 17 
2 3 4 6 7 8 11 12 15 
2 3 4 6 7 8 11 12 15 16 
2 3 4 6 7 8 9 11 12 13 15 16 17 
2 3 4 6 7 8 9 10 11 12 13 14 15 16 17 
2 3 4 6 7 8 9 11 12 13 15 16 17 
2 3 4 6 7 8 9 11 12 13 15 16 17 
2 3 4 6 7 8 9 11 12 13 14 15 16 17 
2 3 4 6 7 8 10 11 12 13 15 16 17 
2 3 4 6 7 8 11 12 15 16 
2 3 4 6 7 8 11 12 16 
2 3 4 6 7 8 9 10 11 12 13 15 16 
2 3 4 6 7 8 9 11 12 13 15 16 17 
2 3 4 6 7 8 11 12 13 15 16 17 
2 3 4 6 7 8 9 11 12 13 16 
2 3 4 6 7 8 9 10 12 13 16 17 
2 3 4 6 7 8 11 12 13 16 17 
2 3 4 6 7 8 10 11 12 15 
2 3 4 6 7 8 11 12 15 16 
2 3 4 6 7 8 10 11 12 15 16 
2 3 4 6 7 8 11 12 15 16 
2 3 4 6 7 8 9 10 11 12 13 15 16 
2 3 4 6 7 8 11 12 13 15 16 17 
2 3 4 6 7 8 10 11 12 13 14 15 16 17 
2 3 4 6 7 8 9 11 12 13 15 16 17 
2 3 4 6 7 8 9 10 11 12 13 15 16 17 
2 3 4 6 7 8 9 11 12 13 14 15 16 17 
2 3 4 6 7 8 9 11 12 13 15 16 17 
2 3 4 6 7 8 9 10 11 12 13 15 16 17 
2 3 4 5 6 7 8 9 10 11 12 13 14 15 16 17 
2 3 4 5 6 7 8 9 10 11 12 13 15 16 17 
2 3 4 6 7 8 10 11 
2 3 4 6 7 8 9 11 12 13 16 17 
2 3 4 6 7 8 10 11 12 13 15 16 17 
2 3 4 6 7 8 11 12 13 15 16 17 
2 3 4 6 7 8 10 11 12 13 16 17 
2 3 4 6 7 8 10 12 13 16 
2 3 4 6 7 8 10 11 12 13 16 17 
2 3 4 6 7 8 10 11 12 14 15 
2 3 4 6 7 8 10 11 12 13 15 16 17 
2 3 4 6 7 8 10 11 12 13 15 16 17 
2 3 4 6 7 8 10 11 12 15 
2 3 4 6 7 8 10 11 12 16 
2 3 4 6 7 8 10 11 12 15 16 
2 3 6 7 8 9 11 12 13 14 15 16 
2 3 6 7 8 12 13 15 16 17 
2 3 6 7 10 11 12 13 16 17 
2 3 4 6 7 8 11 15 
2 3 6 7 8 10 11 12 15 
2 3 4 6 7 11 12 15 16 
2 3 4 6 7 10 11 
2 3 4 6 7 8 11 15 
2 3 4 6 7 8 
2 3 4 6 7 8 
2 3 4 6 7 8 11 
2 3 4 6 7 8 9 10 11 12 13 15 16 
2 3 4 6 7 8 10 11 12 13 15 16 17 
2 3 4 5 6 7 8 10 11 12 14 15 16 
2 3 4 6 7 8 11 12 16 
2 3 4 6 7 8 10 11 15 
2 3 4 6 7 8 12 15 
2 3 4 6 7 8 9 10 12 13 
2 3 4 6 7 8 11 12 13 16 17 
2 3 4 6 7 8 11 12 13 15 16 17 
2 3 4 6 7 8 11 12 15 16 
2 3 4 6 7 8 11 12 15 16 
2 3 4 6 7 8 10 11 12 13 15 16 17 
2 3 4 6 7 8 11 12 13 17 
2 3 4 6 7 8 10 11 12 15 16 
2 3 4 6 7 8 9 10 11 12 13 14 15 16 17 
2 3 4 6 7 8 9 10 11 12 13 14 15 16 17 
2 3 4 6 7 8 9 11 12 13 15 16 17 
2 3 4 6 7 8 11 12 13 16 17 
2 3 4 6 7 8 10 11 12 15 16 
2 3 4 6 7 8 9 10 11 12 13 14 15 16 
2 3 4 5 6 7 8 9 10 11 12 13 14 15 16 17 
2 3 4 5 6 7 8 9 11 12 13 15 16 17 
2 3 4 6 7 8 10 11 15 16 
2 3 4 6 7 8 9 11 12 13 14 15 16 17 
2 3 4 6 7 8 10 11 12 13 15 16 17 
2 3 4 5 6 7 8 10 11 16 
2 3 4 5 6 7 8 9 10 11 12 13 15 16 
2 3 4 5 6 7 8 9 11 12 13 15 16 
2 3 4 5 6 7 8 9 11 12 13 15 16 17 
2 3 4 6 7 8 9 10 11 12 13 15 16 17 
2 3 4 6 7 8 9 11 12 13 15 16 17 
2 3 4 5 6 7 8 9 13 15 16 17 
2 3 4 5 6 7 8 11 12 13 17 
2 3 4 5 6 7 8 9 11 12 13 15 16 17 
2 3 4 5 6 7 8 9 10 12 13 16 17 
2 3 4 5 6 8 16 17 
2 3 5 6 7 8 10 12 
2 3 4 5 6 7 8 9 11 12 13 16 17 
2 3 4 5 6 7 8 10 11 12 13 15 16 17 
2 3 4 5 6 7 8 10 11 15 
2 3 5 6 7 8 11 12 15 
2 3 4 5 6 7 8 9 10 11 12 16 
2 3 4 6 7 8 11 12 13 15 16 17 
2 3 4 6 7 8 11 12 17 
2 3 4 6 7 8 10 11 12 14 15 16 
2 3 4 6 7 8 10 11 12 14 15 16 
2 3 4 6 7 8 10 11 12 15 16 
2 3 4 6 7 8 10 11 12 15 16 
2 3 4 6 7 8 10 11 12 15 16 17 
2 3 4 6 7 8 10 11 12 15 
2 3 4 6 7 8 10 12 14 15 16 
2 3 4 6 7 8 12 16 
2 3 4 6 7 8 11 12 
2 3 6 7 8 11 12 13 15 16 
2 3 6 7 8 10 11 12 13 15 16 17 
2 3 4 6 7 8 10 11 12 13 16 17 
2 3 4 6 7 8 11 12 15 
2 3 4 6 7 8 10 11 12 15 16 
2 3 4 6 7 8 9 11 12 13 15 16 17 
2 3 4 6 7 8 9 10 11 12 13 15 16 17 
2 3 4 6 7 8 9 10 11 12 13 14 15 17 
2 3 4 6 7 8 9 10 11 12 13 14 15 16 17 
2 3 4 6 7 8 9 11 12 13 15 16 17 
2 3 4 6 7 8 10 11 12 13 15 16 17 
2 3 4 6 7 8 11 12 15 16 17 
2 3 4 6 7 8 10 11 12 13 16 17 
2 3 4 6 7 8 10 11 12 13 14 15 16 17 
2 3 4 6 7 8 10 11 12 13 14 15 16 17 
2 3 4 6 7 8 9 12 13 16 17 
2 3 4 6 7 8 9 10 11 12 13 16 17 
2 3 4 6 7 8 11 12 13 15 16 17 
2 3 4 6 7 8 9 12 13 16 17 
2 3 4 6 7 8 10 12 13 16 17 
2 3 4 6 7 8 10 12 16 
2 3 4 6 7 8 10 11 12 16 
2 3 4 6 7 8 11 12 15 16 
2 3 4 6 7 8 11 12 
2 3 4 6 7 8 9 11 12 13 15 
2 3 4 6 7 8 11 12 13 16 17 
2 3 4 6 7 8 10 11 14 15 16 17 
2 3 4 6 7 8 11 12 
2 3 6 7 8 11 12 15 16 
2 3 4 6 7 8 10 11 12 14 15 16 
2 3 4 6 7 8 11 12 15 16 
2 3 4 6 7 8 9 10 11 12 
2 3 4 6 7 8 9 10 11 12 13 15 16 
2 3 4 6 7 8 9 11 12 13 14 15 
2 3 4 6 7 8 9 10 12 13 16 
2 3 4 6 7 8 10 11 12 13 
2 3 4 6 7 8 12 13 16 17 
2 3 4 6 7 8 12 13 16 17 
2 3 4 6 7 8 10 11 12 16 
2 3 4 6 7 8 10 11 12 13 15 17 
2 3 4 6 7 8 11 12 13 15 16 17 
2 3 4 6 7 8 10 12 
2 3 4 6 7 8 10 11 12 13 16 17 
2 3 4 6 7 8 10 11 12 15 16 17 
2 3 6 7 8 9 10 12 16 
2 3 4 6 7 8 9 12 13 16 17 
2 3 4 6 7 8 9 10 11 12 13 16 
2 3 4 6 7 8 9 10 11 13 15 
2 3 4 6 7 8 10 12 13 17 
2 3 4 6 7 8 9 12 13 16 17 
2 3 4 6 7 8 10 12 13 17 
2 3 4 6 7 8 11 12 
2 3 4 6 7 8 11 12 15 16 
2 3 4 6 7 8 10 11 12 13 14 15 16 17 
2 3 4 6 7 8 10 11 12 14 15 16 
