3 4 5 6 7 8 9 10 11 12 13 14 15 16 
2 3 4 5 6 7 8 9 10 11 14 15 
2 3 4 5 6 7 8 9 10 11 13 14 15 
2 3 4 5 6 7 8 9 10 11 12 13 14 15 16 17 
2 3 4 5 6 7 8 9 10 11 12 13 14 15 
2 3 4 5 6 7 8 9 10 11 12 13 16 
3 4 5 7 8 9 12 13 
3 4 5 7 8 9 10 11 13 14 15 
3 4 5 7 8 9 10 11 12 13 14 15 16 17 
3 4 5 6 7 8 9 10 11 12 14 15 16 
2 3 4 5 7 8 9 11 12 13 15 16 
2 3 4 5 6 7 8 9 10 11 12 13 14 15 16 17 
2 3 4 5 6 7 8 9 10 11 12 13 14 15 
2 3 4 5 6 7 8 9 10 11 12 13 15 16 
2 3 4 5 6 7 8 9 10 11 12 15 16 
2 3 4 5 6 7 8 9 11 12 13 
2 3 4 5 7 8 9 11 12 13 14 15 16 
2 3 4 5 7 8 9 11 12 13 
2 3 4 5 7 8 9 13 
2 3 4 5 6 7 8 9 10 11 12 14 15 16 
3 4 5 6 7 8 9 10 11 12 13 14 15 
3 4 5 7 8 9 11 13 15 
2 3 4 5 6 7 8 9 10 11 12 13 14 15 16 
2 3 4 5 6 7 8 9 10 11 12 13 14 15 
2 3 4 5 6 7 8 9 10 11 12 14 15 16 
2 3 4 5 6 7 8 9 11 12 16 
3 4 5 7 8 9 10 11 12 14 15 16 
3 4 5 6 7 8 9 10 11 12 14 16 
3 4 5 6 7 8 9 10 11 12 13 15 16 
3 4 5 6 7 8 9 10 11 12 14 15 
3 4 5 6 7 8 9 10 11 12 13 14 15 16 
3 4 5 6 7 8 9 10 11 12 13 15 
2 3 4 5 6 7 8 9 11 13 15 
3 4 5 7 8 9 10 11 12 13 14 15 16 
3 4 5 6 7 8 9 10 11 12 13 15 16 
3 4 5 6 7 8 9 10 11 12 13 14 15 16 
3 4 5 6 7 8 9 10 11 12 13 16 
3 4 5 6 7 8 9 10 11 12 14 
3 4 5 6 7 8 9 10 11 14 15 
3 4 5 6 7 8 9 10 11 14 15 
3 4 5 7 9 11 12 13 16 
3 4 5 6 7 8 9 10 11 12 13 14 15 
3 4 5 6 7 8 9 10 11 12 14 15 16 
2 3 4 5 6 7 8 9 10 11 12 13 14 15 
3 4 5 6 7 8 9 10 11 12 13 14 15 16 
2 3 4 5 6 7 8 9 10 11 12 13 14 15 16 
2 3 4 5 6 7 8 9 10 11 12 13 14 15 
3 4 5 6 7 8 9 10 11 12 13 14 15 16 
2 3 4 5 6 7 8 9 10 11 12 13 14 15 16 17 
2 3 4 5 6 7 8 9 10 11 12 13 14 15 
3 4 5 6 7 8 9 10 11 12 15 16 
2 3 4 5 6 7 8 9 10 11 12 14 15 16 
3 4 5 6 7 8 9 10 11 12 14 15 
2 3 4 5 6 7 8 9 10 11 12 13 14 15 16 
2 3 4 5 6 7 8 9 10 11 12 13 16 
3 4 5 6 7 8 9 11 12 16 
3 4 5 7 8 9 10 11 12 15 16 
3 4 5 6 7 8 9 10 11 12 15 16 
3 4 5 6 7 8 9 10 11 12 13 15 16 
3 4 5 6 7 8 9 10 11 12 13 14 15 16 
3 4 5 6 7 8 9 10 11 12 14 15 16 
2 3 4 5 6 7 8 9 10 11 12 13 14 15 
2 3 4 5 6 7 8 9 10 11 12 13 15 16 
3 4 5 6 7 8 9 10 11 12 14 
3 4 5 6 7 8 9 10 11 12 14 15 
3 4 5 6 7 8 9 10 11 12 13 14 16 
2 3 4 5 6 7 8 9 10 11 12 14 15 16 

3 4 5 6 7 8 9 10 11 12 15 16 
3 4 5 6 7 8 9 10 11 12 14 15 16 
3 4 5 6 7 8 9 10 11 12 13 14 
3 4 5 6 7 8 9 10 13 14 
2 3 4 5 6 7 8 9 10 11 13 14 15 
2 3 4 5 6 7 8 9 10 11 15 16 
3 4 5 6 7 8 9 10 11 12 14 15 16 
2 3 4 5 6 7 8 9 10 11 12 14 15 16 
2 3 4 5 6 7 8 9 10 11 12 13 15 
2 3 4 5 6 7 8 9 10 11 12 14 15 
2 3 4 5 6 7 8 9 10 11 14 
3 4 5 6 7 8 9 10 11 12 14 15 16 
3 4 5 6 7 8 9 10 11 12 14 15 16 
3 4 5 7 8 9 11 12 15 
3 4 5 7 8 9 11 15 
3 4 5 7 9 10 11 13 14 15 
3 4 5 6 7 9 10 11 12 13 16 
2 3 4 5 6 7 8 9 10 11 12 14 15 
2 3 4 5 7 8 9 10 11 12 13 14 15 
3 4 5 7 8 9 11 
3 4 5 6 7 8 9 10 11 
3 4 5 6 7 8 9 10 
2 3 4 5 7 8 9 
3 4 5 7 8 9 11 12 13 15 16 
3 4 5 7 8 9 11 
3 4 5 6 7 8 9 10 11 14 15 
3 4 5 6 7 8 9 10 11 12 
3 4 5 7 8 9 11 
3 4 5 7 8 9 
3 4 5 6 7 8 9 10 11 12 13 14 15 16 
3 4 5 6 7 8 9 10 11 12 
2 3 4 5 6 7 8 9 10 11 13 14 15 
2 3 4 5 6 7 8 9 11 
3 4 5 7 8 9 11 12 15 16 
3 4 5 7 8 9 11 12 
3 4 5 7 8 9 11 12 15 16 
3 4 5 6 7 8 9 10 11 12 14 15 
3 4 5 6 7 8 10 11 14 15 
3 4 5 6 7 
3 4 5 6 9 
3 4 5 6 7 9 10 11 12 16 
3 4 5 6 7 8 9 11 12 15 
3 4 5 7 8 9 11 12 16 
3 4 5 6 7 8 9 10 11 12 13 14 15 16 
3 4 5 6 7 8 9 10 11 12 13 14 15 16 
2 3 4 5 6 7 8 9 10 11 12 14 15 16 
3 4 5 7 8 9 10 11 12 13 14 15 
3 4 5 7 8 9 11 13 
3 4 5 7 8 9 11 12 
3 4 5 6 7 8 9 10 11 12 14 15 
2 3 4 5 6 7 8 9 10 11 13 14 15 
2 3 4 5 7 8 9 10 11 13 14 15 
2 3 4 5 7 8 9 10 11 12 13 14 15 16 
2 3 4 5 7 8 9 10 11 12 14 15 16 
3 4 5 6 7 8 9 10 11 
2 3 4 5 7 8 9 14 
3 4 5 6 7 9 10 11 15 
3 4 5 6 7 9 10 12 16 
2 3 4 5 6 7 8 9 11 12 13 15 16 
2 3 4 5 6 7 8 9 10 11 12 13 14 15 16 
2 3 4 5 6 7 8 9 10 11 12 13 14 15 16 
2 3 4 5 6 7 8 9 10 11 12 13 14 15 
2 3 4 5 6 7 8 9 10 11 12 15 16 
3 4 5 7 8 9 10 11 12 13 14 15 16 
3 4 5 6 7 8 9 10 11 12 14 15 16 
3 4 5 6 7 8 9 10 11 12 14 15 16 
3 4 5 6 7 8 9 10 11 12 13 15 16 
2 3 4 5 6 7 8 9 11 12 13 17 
3 4 5 6 7 8 9 10 11 14 15 
2 3 4 5 6 7 8 10 11 12 14 15 16 
2 3 4 5 6 7 8 9 10 11 12 14 15 16 
2 3 4 5 6 7 8 9 10 11 12 13 15 16 
2 3 4 5 6 7 8 9 10 11 12 14 15 16 
3 4 5 6 7 8 9 10 11 12 
3 4 5 7 8 9 13 
3 4 5 7 8 9 11 12 13 15 16 
3 4 5 6 7 8 9 11 12 16 
2 3 4 5 6 7 8 9 10 11 12 14 15 
2 3 4 5 6 7 8 9 11 15 
3 4 5 7 9 10 11 12 13 14 15 16 
3 4 5 6 7 8 9 10 11 12 13 15 16 
3 4 5 6 7 8 9 10 12 14 
3 4 5 6 7 8 9 10 13 
3 4 5 6 7 9 11 13 14 15 
3 4 5 7 9 11 13 
3 4 5 7 9 13 
3 4 5 6 7 8 9 10 11 12 14 15 16 
3 4 5 6 7 8 9 10 11 12 14 
3 4 5 6 7 8 9 10 11 12 13 14 15 16 
3 4 5 6 7 8 9 10 11 12 13 
2 3 4 5 6 7 8 9 11 13 
2 3 4 5 6 7 9 11 12 16 
2 3 4 5 6 7 8 9 11 12 15 
3 4 5 7 8 9 11 12 13 16 
3 4 5 7 8 9 10 11 12 13 14 15 16 
3 4 5 6 7 8 9 10 11 13 
3 4 5 6 7 8 9 13 
3 4 5 7 9 
2 3 4 5 7 9 11 15 
2 3 4 5 7 9 11 13 
2 3 4 5 7 9 11 13 15 
2 3 4 5 7 8 9 11 12 13 15 16 
2 3 4 5 6 7 8 9 11 12 
2 3 4 5 6 7 8 9 12 13 16 
2 3 4 5 7 8 9 10 11 12 13 14 15 16 
2 3 4 5 7 8 9 11 15 
2 3 4 5 7 8 9 11 12 13 15 16 
2 3 4 5 7 8 9 11 12 13 
3 4 5 7 8 9 
3 4 5 7 8 9 
2 3 4 5 7 9 13 
2 3 4 5 7 9 11 13 15 17 
2 3 4 5 7 9 11 13 15 17 
2 3 4 5 7 8 9 11 13 
2 3 4 5 7 9 10 11 14 
3 4 5 6 7 8 9 10 11 12 13 16 
3 4 5 7 8 9 11 12 13 15 16 
3 4 5 7 8 9 10 11 12 14 15 16 
3 4 5 7 8 9 11 12 13 
3 4 5 6 7 8 9 10 11 13 14 15 
2 3 4 5 6 7 8 9 10 11 13 14 15 
2 3 4 5 6 7 9 10 11 14 15 
2 3 4 5 6 7 8 9 10 11 13 
2 3 4 5 6 7 8 9 12 13 16 
2 3 4 5 6 7 8 9 10 12 13 14 
2 3 4 5 6 7 8 9 10 11 13 14 15 
2 3 4 5 6 7 8 9 10 11 12 13 14 15 16 
2 3 4 5 6 7 8 9 10 11 12 14 15 
2 3 4 5 6 7 8 9 10 11 12 16 
2 3 4 5 6 7 8 9 11 12 15 16 
2 3 4 5 6 7 8 9 10 11 12 13 15 

3 4 5 6 7 8 9 10 11 12 
2 3 4 5 6 7 8 9 10 11 12 15 16 
2 3 4 5 6 7 8 9 10 11 12 13 14 15 16 
2 3 4 5 6 7 8 9 10 11 13 14 15 
2 3 4 5 6 7 8 9 10 11 13 14 15 17 
2 3 4 5 6 7 9 10 11 13 14 
3 4 5 6 7 9 10 11 13 14 15 
3 4 5 7 8 9 11 12 16 
3 4 5 6 7 8 9 10 12 13 
3 4 5 7 8 9 11 12 13 15 16 
3 4 5 7 8 9 11 12 13 15 16 
3 4 5 7 8 9 10 11 12 13 14 15 
3 4 5 7 8 9 10 11 12 14 15 16 
3 4 5 7 8 9 11 12 13 15 
3 4 5 6 7 8 9 10 11 13 14 15 
3 4 5 7 8 9 10 11 13 14 15 
3 4 5 7 9 10 13 
3 4 5 6 7 9 10 11 13 17 
3 4 5 7 9 
3 4 5 7 9 10 11 14 15 
3 4 5 6 7 8 9 10 11 14 15 
3 4 5 6 7 9 10 11 12 14 16 
2 3 4 5 6 7 8 9 10 12 14 
2 3 4 5 6 7 8 9 10 11 12 14 15 16 
3 4 5 6 7 8 9 10 11 12 13 14 16 
3 4 5 6 7 8 9 10 11 12 15 16 
3 4 5 6 7 8 9 11 12 13 16 
3 4 6 7 8 9 10 11 12 13 14 15 16 
3 4 5 7 8 9 11 12 13 15 16 
3 4 5 6 7 8 9 10 11 12 15 16 
3 4 7 8 11 12 15 16 
3 4 5 7 8 9 11 12 15 16 
3 4 5 7 8 9 10 11 12 13 14 15 16 
3 4 5 7 8 9 10 11 14 15 
3 4 5 7 9 11 
3 4 5 7 9 10 14 
3 4 5 6 7 8 9 10 11 13 
3 4 5 7 8 9 10 11 12 13 14 15 16 
3 4 5 7 8 9 10 11 12 14 15 16 
3 4 5 6 7 8 9 10 11 12 14 15 16 
3 4 5 6 7 8 9 12 13 16 
3 4 5 7 8 9 11 12 13 15 16 
3 4 5 6 7 8 9 10 11 12 13 14 15 16 
3 4 5 6 7 8 9 10 11 12 13 15 16 
3 4 5 7 8 9 10 12 13 14 
3 4 5 6 7 8 9 10 11 13 
3 4 5 6 7 8 9 11 13 
3 4 5 7 8 9 13 
3 4 5 7 8 9 11 13 
3 4 5 7 9 
3 4 5 7 8 9 11 13 15 
3 4 5 7 8 9 11 13 15 
3 4 5 7 9 10 11 12 14 15 16 
3 4 5 6 7 8 9 10 11 12 13 14 15 16 
3 4 5 6 7 8 9 10 11 12 13 14 15 16 
3 4 5 6 7 8 9 10 11 12 15 16 
3 4 5 6 7 8 9 10 11 12 13 14 15 
3 4 5 6 7 8 9 11 12 13 14 15 16 
2 3 4 5 6 7 8 9 10 11 12 13 14 15 16 
2 3 4 5 6 7 8 9 10 11 12 14 15 16 
3 4 5 6 7 8 9 10 11 12 14 15 16 
2 3 4 5 6 7 8 9 11 12 15 16 
2 3 4 5 6 7 8 9 11 12 13 15 16 
3 4 5 6 7 8 9 10 11 12 13 17 
3 4 5 7 8 9 10 11 14 15 
3 4 5 7 8 9 11 13 
3 4 5 7 9 10 11 12 13 14 15 16 
3 4 5 7 8 9 10 11 12 13 14 15 16 17 
2 3 4 5 7 8 9 11 12 
2 3 4 5 7 8 9 12 13 16 
2 3 4 5 7 8 9 11 12 13 15 
3 4 5 6 7 8 9 10 11 13 14 15 
2 3 4 5 6 7 8 9 10 11 12 14 15 16 
2 3 4 5 6 7 8 9 10 11 12 14 15 
2 3 4 5 6 7 8 9 10 11 14 15 
2 3 4 5 7 8 9 11 12 13 16 
2 3 4 5 7 8 9 10 11 12 13 14 15 16 
2 3 4 5 6 7 8 9 10 11 12 14 15 16 
2 3 4 5 7 8 9 11 12 13 
2 3 4 5 7 8 9 13 
2 3 4 5 8 9 10 11 14 15 16 
2 3 4 5 7 8 9 10 11 12 13 14 15 
2 3 4 5 6 7 8 9 10 11 13 
2 3 4 5 7 8 9 10 11 14 15 
3 4 5 6 7 9 10 11 14 15 
3 4 5 6 7 8 9 10 11 12 16 
3 4 5 6 7 8 10 11 12 15 16 
3 4 5 6 7 8 9 10 11 12 14 15 
3 4 5 6 7 8 9 10 11 
3 4 5 6 7 8 9 11 12 15 16 
2 3 4 5 6 7 8 9 11 12 
2 3 4 5 6 7 8 9 10 11 12 15 16 
3 4 5 6 7 8 9 10 11 12 13 14 
3 4 5 6 7 8 9 10 11 12 13 14 15 16 
3 4 5 6 7 8 9 11 12 13 16 
3 4 5 6 7 8 9 10 11 12 13 14 15 16 
3 4 5 6 7 8 9 10 11 12 14 15 
3 4 5 6 7 8 9 10 11 12 14 15 16 
3 4 5 6 7 8 9 10 11 12 13 
3 4 5 6 7 8 9 10 11 12 13 15 16 
2 3 4 5 6 7 8 9 10 11 12 13 15 16 
3 4 5 7 8 9 10 11 12 13 14 15 
3 4 5 7 8 9 11 
3 4 5 7 8 9 12 13 16 
3 4 5 7 8 9 11 12 13 15 16 17 
3 4 5 7 8 9 11 12 16 17 
3 4 5 7 8 9 10 11 12 13 14 15 
3 4 5 7 8 9 10 11 14 
3 4 5 6 7 8 9 10 11 12 14 15 16 
2 3 4 5 6 7 8 9 10 11 12 13 14 15 16 
2 3 4 5 6 7 8 9 10 11 12 14 15 16 
2 3 4 5 6 7 8 9 10 11 12 13 14 15 16 
2 3 4 5 6 7 8 9 10 11 12 13 14 15 
3 4 5 6 7 8 9 10 11 12 13 16 
3 4 5 6 7 8 9 10 11 12 14 15 
2 3 4 5 6 7 8 9 10 11 14 15 
2 3 4 5 6 7 8 9 10 11 12 14 15 16 
2 3 4 5 6 7 8 9 10 11 12 13 14 15 16 
3 4 5 7 8 9 11 12 13 
3 4 5 7 8 9 
3 4 5 7 8 9 10 11 14 15 
3 4 5 6 7 9 10 11 12 13 14 16 
3 4 5 6 7 8 9 10 11 12 13 14 15 
2 3 4 5 6 7 8 9 10 11 13 14 15 
3 4 5 7 8 9 11 12 13 15 16 
3 4 5 7 8 9 10 11 12 13 14 15 16 
3 4 5 6 7 8 9 10 11 12 14 15 16 
3 4 5 6 7 8 9 10 11 12 14 15 16 
2 3 4 5 6 7 8 9 10 11 12 14 15 16 
2 3 4 5 6 7 8 9 10 11 12 13 14 15 16 
2 3 4 5 6 7 8 9 10 11 12 13 14 15 16 17 
2 3 4 5 6 7 8 9 10 11 12 14 15 16 
2 3 4 5 6 7 8 9 10 11 12 13 15 16 
2 3 4 5 6 7 8 9 10 11 12 14 15 16 
2 3 4 5 6 7 8 9 10 11 12 13 14 15 
2 3 4 5 6 7 8 9 10 11 12 14 15 16 
2 3 4 5 6 7 8 9 10 11 12 13 15 16 
3 4 5 6 7 8 9 10 11 12 14 15 
3 4 5 6 7 8 9 10 11 12 13 14 16 
2 3 4 5 6 7 8 9 10 11 12 13 14 15 
2 3 4 5 6 7 8 9 10 11 12 13 15 16 
2 3 4 5 6 7 8 9 10 11 12 14 15 
2 3 4 5 6 7 8 9 10 11 12 13 14 15 16 17 
2 3 4 5 6 7 8 9 10 11 12 13 15 16 17 
2 3 4 5 6 7 8 9 10 11 12 13 14 15 
2 3 4 5 6 7 8 9 10 11 12 13 14 15 16 
2 3 4 5 6 7 8 9 10 11 12 14 15 16 
2 3 4 5 6 7 8 9 10 11 14 15 
2 3 4 5 6 7 8 9 10 11 12 13 14 15 16 
2 3 4 5 6 7 8 9 10 11 12 15 
2 3 4 5 6 7 8 9 10 11 13 
2 3 4 5 6 7 8 9 10 11 12 13 14 15 16 
2 3 4 5 6 7 8 9 10 11 12 13 14 15 16 
2 3 4 5 6 7 8 9 10 11 12 13 14 15 17 
2 3 4 5 6 7 8 9 10 11 12 13 16 
2 3 4 5 6 7 8 9 10 12 13 
2 3 4 5 6 7 8 9 10 11 13 14 15 
2 3 4 5 6 7 8 9 10 11 12 15 16 
2 3 4 5 6 7 8 9 10 11 12 13 14 15 16 
2 3 4 5 6 7 8 9 10 11 13 14 15 
2 3 4 5 6 7 8 9 10 11 14 15 
3 4 5 6 7 8 9 10 11 12 13 15 16 
2 3 4 5 6 7 8 9 10 11 12 13 14 15 
2 3 4 5 6 7 8 9 10 11 13 
3 4 6 7 10 11 12 14 15 16 
3 4 5 6 7 8 10 11 12 15 
3 4 5 6 7 8 9 10 11 14 15 
2 3 4 5 6 7 8 9 10 11 14 15 
2 3 4 5 6 7 8 9 10 11 12 13 14 
3 4 5 6 7 8 9 10 11 12 13 14 15 16 
3 4 5 6 7 8 9 10 11 12 15 16 
3 4 5 6 7 8 9 10 11 12 14 15 16 
2 3 4 5 6 7 8 9 10 11 12 14 
3 4 5 6 7 8 9 10 11 12 13 
2 3 4 5 6 7 8 9 10 12 
2 3 4 5 6 7 8 9 10 13 
3 4 5 6 7 8 9 10 11 13 14 15 
3 4 5 6 7 9 10 11 13 14 
3 4 5 6 7 9 10 11 13 
3 4 5 6 7 9 11 12 13 15 16 
3 4 5 7 8 11 12 15 16 
3 4 5 7 8 9 10 14 
3 4 5 6 7 8 9 10 11 12 16 
3 4 5 7 8 9 10 11 12 14 15 16 
3 4 5 6 7 8 9 10 11 12 13 15 16 
2 3 4 5 6 7 8 9 10 11 12 13 16 
3 4 5 6 7 8 9 10 11 12 14 15 
3 4 5 6 7 8 9 10 11 12 14 15 16 
3 4 5 6 7 8 9 10 11 12 13 14 15 
3 4 5 7 8 9 10 11 12 15 16 
3 4 5 6 7 8 9 10 11 12 13 14 15 
3 4 5 6 7 8 9 10 11 12 13 14 15 16 
3 4 5 7 8 9 10 11 12 13 14 15 
3 4 5 6 7 8 9 10 11 12 13 15 16 
3 4 5 6 7 8 9 10 11 12 13 15 16 
2 3 4 5 6 7 8 9 10 11 12 13 14 15 16 
3 4 5 6 7 8 9 10 11 12 13 14 15 16 
2 3 4 5 6 7 8 9 10 11 12 13 14 15 16 
3 4 5 6 7 8 9 11 12 13 15 
2 3 4 5 6 7 8 9 11 13 15 
3 4 5 6 7 8 9 10 
3 4 5 7 8 9 11 12 15 16 
3 4 5 7 8 9 11 12 
3 4 5 7 8 9 11 13 15 
3 4 5 7 8 9 11 13 15 
3 4 5 7 9 10 11 14 
3 4 5 6 7 9 10 11 14 15 
3 4 5 6 7 9 10 11 
3 4 5 6 7 8 9 11 12 
3 4 5 7 8 9 11 12 13 15 16 
3 4 5 7 8 9 10 11 12 14 15 16 
3 4 5 6 7 8 9 10 11 12 13 14 15 
3 4 5 6 7 8 9 10 11 12 14 15 16 
3 4 5 7 8 9 10 11 12 13 14 15 16 17 
3 4 5 6 7 8 9 10 11 12 13 14 15 16 
3 4 5 6 7 8 9 10 11 12 15 16 
2 3 4 5 6 7 8 9 10 11 12 13 14 15 16 
3 4 5 6 7 8 9 10 11 12 14 15 
3 4 5 6 7 8 9 10 11 
3 4 5 7 8 9 10 11 13 14 15 
3 4 5 6 7 8 9 10 11 12 14 15 16 
3 4 5 6 7 8 9 10 11 12 13 14 15 16 
3 4 5 6 7 8 9 10 11 12 13 15 16 
3 4 5 7 8 9 10 11 12 13 14 16 17 
3 4 5 6 7 8 9 10 11 12 13 14 15 
3 4 5 6 7 8 9 10 11 13 14 15 
3 4 5 6 7 8 9 10 11 14 15 
3 4 5 6 7 9 10 11 14 15 
3 4 5 6 7 9 10 11 12 13 14 15 16 
3 4 5 6 7 8 9 10 11 12 14 15 16 
3 4 5 6 7 8 9 10 11 12 15 16 
2 3 4 5 6 7 8 9 10 11 12 13 14 15 16 
3 4 5 7 8 9 11 12 13 15 
2 3 4 5 6 7 8 10 11 12 14 15 
2 3 4 5 6 7 8 9 10 11 12 13 14 15 16 
2 3 4 5 6 7 8 9 10 11 12 14 15 16 
2 3 4 5 6 7 8 9 10 11 12 13 14 15 
2 3 4 5 6 7 8 9 10 11 13 14 15 
2 3 4 5 6 7 8 9 10 11 13 
2 3 4 5 6 7 8 9 10 11 12 14 15 16 
2 3 4 5 6 7 8 9 10 11 12 16 
2 3 4 5 7 8 9 11 12 13 15 16 
3 4 5 6 7 8 9 10 11 12 13 14 15 
3 4 5 6 7 8 9 10 11 12 13 16 
2 3 4 5 6 7 8 9 10 11 12 13 14 15 
2 3 4 5 6 7 8 9 11 13 15 
2 3 4 5 7 8 9 10 11 12 14 15 16 
3 4 5 6 7 8 9 10 11 12 14 15 16 
3 4 5 6 7 8 9 10 11 12 13 14 15 
3 4 6 7 8 9 10 11 12 13 15 16 
3 4 6 7 8 11 12 15 16 
3 4 5 7 8 10 11 12 14 15 16 
3 4 5 6 7 8 10 11 12 14 15 16 
3 4 5 6 7 8 9 10 11 12 15 
2 3 4 5 6 7 8 9 10 11 12 14 15 16 
2 3 4 5 6 7 8 9 10 11 12 13 14 15 16 
2 3 4 5 6 7 8 9 10 11 12 13 14 15 
3 4 5 6 7 8 9 10 11 12 14 15 16 
3 4 5 6 7 8 9 11 12 13 15 16 
3 4 5 7 8 9 10 11 12 13 14 15 
3 4 5 6 7 8 9 10 11 12 13 14 15 16 
3 4 5 6 7 8 9 10 11 12 13 14 15 16 
2 3 4 5 6 7 8 9 10 11 12 14 15 
3 4 5 6 7 8 9 10 11 14 15 
3 4 5 6 7 8 9 10 11 12 13 14 15 16 
2 3 4 5 6 7 8 9 10 11 12 13 14 15 16 
2 3 4 5 6 7 8 9 10 11 12 14 15 
3 4 5 7 8 9 
2 3 4 5 6 7 8 9 10 11 12 14 15 16 
2 3 4 5 6 7 8 9 10 11 12 14 15 
2 3 4 5 6 7 8 9 10 11 12 14 15 
2 3 4 5 6 7 8 9 10 11 13 14 
3 4 5 6 7 8 9 10 11 12 15 16 
3 4 5 7 8 9 11 12 13 15 16 
3 4 5 7 8 9 11 12 14 15 16 
3 4 5 7 8 11 12 14 15 16 
3 4 5 6 7 8 10 11 12 14 
2 3 4 5 6 7 8 9 10 11 14 15 
2 3 4 5 6 7 8 9 10 11 12 14 15 
2 3 4 5 6 7 8 9 10 11 13 15 
2 3 4 5 6 7 8 9 11 12 15 16 
2 3 4 5 6 7 8 9 11 12 13 15 
3 4 5 7 8 9 11 
3 4 5 6 7 8 9 10 11 12 13 15 16 
3 4 5 6 7 8 9 11 12 13 15 
2 3 4 5 6 7 8 9 11 12 13 15 16 
2 3 4 5 6 7 8 9 11 12 15 16 
2 3 4 5 6 7 8 9 11 12 
2 3 4 5 6 7 8 9 13 
2 3 4 5 7 8 9 11 12 15 16 
2 3 4 5 7 8 9 11 12 16 
3 4 5 7 8 9 10 11 12 14 15 16 
3 4 5 7 8 9 10 11 12 13 14 15 16 
3 4 5 7 8 9 10 11 12 13 14 15 16 
3 4 5 7 8 9 11 12 13 16 
3 4 5 7 8 9 12 13 16 
3 4 5 7 8 9 11 12 13 
3 4 5 6 7 8 9 10 12 13 16 
3 4 5 6 7 8 9 11 12 15 
3 4 5 7 8 9 10 11 12 13 14 15 
3 4 5 7 8 9 10 11 13 17 
3 4 5 7 8 9 10 11 12 13 14 15 16 
3 4 5 6 7 8 9 10 11 12 14 15 
3 4 5 6 7 8 9 10 11 12 13 16 
3 4 5 6 7 8 9 10 12 13 
3 4 5 7 8 9 13 
3 4 5 9 11 15 
3 4 5 6 7 8 9 10 11 13 15 
3 4 5 6 7 8 9 10 11 14 15 
3 4 5 6 7 8 9 10 11 14 15 
2 3 4 5 6 7 8 9 10 11 12 
2 3 4 5 6 7 8 9 
2 3 4 5 6 7 9 10 11 13 14 15 
2 3 4 5 6 7 9 10 11 13 14 15 
2 3 4 5 6 7 9 11 13 
2 3 4 5 7 9 10 11 12 13 14 15 16 
2 3 4 5 7 8 9 11 12 13 16 
2 3 4 5 6 7 8 9 10 11 12 13 14 15 16 
2 3 4 5 6 7 8 9 10 11 
2 3 4 5 6 7 8 9 13 
2 3 4 5 6 7 8 9 10 11 12 13 14 15 16 17 
2 3 4 5 6 7 8 9 10 11 12 13 
2 3 4 5 6 7 8 9 
2 3 4 5 6 7 9 10 11 14 
2 3 4 5 6 7 8 9 10 13 
2 3 4 5 6 7 9 10 11 13 14 15 
2 3 4 5 6 7 8 9 10 11 12 15 16 
2 3 4 5 6 7 8 9 10 11 13 14 15 
2 3 4 5 6 7 9 11 
2 3 4 5 6 7 8 9 10 11 13 14 15 
2 3 4 5 6 7 8 9 10 11 13 14 15 
2 3 4 5 6 7 9 11 12 13 15 16 
3 4 5 6 7 8 9 10 11 12 13 
3 4 6 7 8 9 10 13 
3 4 5 6 8 9 10 12 16 
3 4 5 6 7 8 9 10 12 13 
3 4 5 6 7 8 9 10 11 12 13 14 15 16 
3 4 5 6 7 8 9 10 11 12 13 14 15 
3 4 5 6 7 8 9 10 11 14 
3 4 5 6 7 8 9 10 11 12 13 14 15 16 
3 4 5 7 8 9 11 12 13 
3 4 5 7 8 9 12 13 
3 4 5 6 7 8 9 10 11 13 14 15 
2 3 4 5 6 7 8 9 10 11 12 13 14 15 16 
2 3 4 5 6 7 8 9 10 11 12 13 15 16 
2 3 4 5 6 7 8 9 11 12 13 
3 4 5 7 8 9 11 12 13 15 
3 4 5 7 8 9 11 12 13 15 16 
3 4 5 7 8 9 10 11 12 13 14 
3 4 5 7 8 9 12 13 16 
3 4 5 6 7 8 9 10 11 12 14 15 16 
3 4 5 7 8 9 10 11 12 14 15 
3 4 5 6 7 8 9 10 11 12 14 15 
3 4 5 6 7 8 9 10 11 12 14 15 
3 4 5 6 7 8 9 10 11 12 14 15 16 
3 4 5 6 7 8 9 10 11 12 13 14 15 
2 3 4 5 6 7 8 9 10 11 12 14 16 
2 3 4 5 6 7 8 9 10 11 12 15 16 
3 4 5 6 7 8 9 11 12 13 15 
3 4 5 7 8 9 11 
3 4 5 7 8 9 11 13 14 15 
3 4 5 6 7 9 10 11 13 14 15 
2 3 4 5 6 7 9 10 14 
3 4 5 6 7 8 9 10 11 12 16 
2 3 4 5 6 7 8 9 10 11 12 14 15 
3 4 5 6 7 8 9 10 11 14 
3 4 5 6 7 8 9 11 13 15 
3 4 5 6 7 8 9 10 11 12 13 14 15 
3 4 5 6 7 8 9 10 11 12 13 15 
3 4 5 6 7 8 9 10 11 13 
2 3 4 5 6 7 8 9 11 
2 3 4 5 6 7 9 10 11 
3 4 5 7 9 10 11 13 
3 4 5 6 7 9 10 13 14 
3 4 5 6 7 8 9 10 11 12 13 14 15 16 
3 4 5 7 8 9 10 11 12 14 15 
3 4 5 7 8 9 11 12 16 
3 4 5 7 8 9 12 
3 4 5 7 8 9 10 14 
3 4 5 6 7 9 10 11 14 15 
3 4 5 6 7 8 9 10 11 
3 4 5 6 7 8 9 12 16 
2 3 4 5 6 7 8 9 12 
2 3 4 5 6 7 8 9 10 11 12 13 15 16 
2 3 4 5 6 7 8 9 10 11 12 13 14 
3 4 5 6 7 8 9 10 11 15 
3 4 5 6 7 9 10 11 
3 4 5 6 7 9 10 11 12 13 15 16 17 
3 4 5 6 7 8 9 10 11 12 13 15 16 
3 4 5 6 7 8 9 12 16 
3 4 5 6 7 8 9 10 11 12 14 15 
3 4 5 6 7 8 9 11 12 13 
2 3 4 5 6 7 8 9 10 13 14 
2 3 4 5 6 7 8 9 10 11 13 14 15 
2 3 4 5 6 7 9 10 11 13 
2 3 4 5 6 7 9 11 15 
2 3 4 5 6 7 9 10 11 13 
2 3 4 5 6 7 9 10 11 13 15 
2 3 4 5 6 7 8 9 11 13 15 
2 3 4 5 6 7 8 9 10 
2 3 4 5 6 7 9 11 12 13 15 16 
2 3 4 5 6 7 8 9 10 11 12 13 14 15 16 
3 4 5 6 7 8 9 10 11 12 16 
2 3 4 5 6 7 8 9 12 13 16 
3 4 5 7 8 9 11 12 15 
3 4 5 7 8 9 11 
3 4 5 6 7 8 9 10 11 14 15 
3 4 5 7 9 10 11 12 13 14 15 16 
2 3 4 6 7 8 10 11 12 14 15 
2 3 4 5 6 7 8 9 10 11 12 15 16 
2 3 4 5 7 8 9 11 12 13 15 16 
3 4 5 7 8 9 10 11 12 13 14 15 16 
3 4 5 7 8 9 11 12 16 
3 4 5 7 8 10 11 12 14 15 16 
2 3 4 6 7 8 9 11 12 15 16 
2 3 4 5 6 7 8 9 10 11 12 14 15 
2 3 4 5 6 7 8 9 10 11 
2 3 4 5 7 8 9 10 11 12 14 15 16 
2 3 4 5 6 7 8 9 10 11 12 
2 3 4 5 6 7 8 9 10 11 12 14 15 16 
2 3 4 5 6 7 8 9 10 11 12 14 15 16 
2 3 4 5 6 7 8 9 10 11 12 
2 3 4 5 6 7 8 9 11 
2 3 4 5 6 7 8 9 13 
2 3 4 5 6 7 8 9 11 12 13 15 
2 3 4 5 7 8 9 11 12 15 16 
3 4 5 7 8 9 11 12 16 
2 3 4 5 7 8 9 10 11 12 13 14 15 
2 3 4 5 6 7 8 9 10 11 12 13 
3 4 5 6 7 8 9 10 11 12 13 14 15 16 
2 3 4 5 7 8 9 11 12 15 16 
3 4 5 7 8 9 11 12 15 16 
3 4 5 7 8 9 11 12 13 15 16 
3 4 5 7 8 11 12 15 
3 4 5 6 7 8 10 11 12 14 15 
3 4 5 6 7 8 9 10 11 12 16 
2 3 4 5 6 7 8 9 11 12 
3 4 5 7 8 9 
3 4 5 6 7 8 9 10 11 13 14 15 
2 3 4 5 6 7 8 9 10 11 12 13 14 15 16 
2 3 4 5 6 7 8 9 10 11 12 13 14 15 16 
2 3 4 5 6 7 8 9 10 11 12 13 15 16 
2 3 4 5 6 7 8 9 11 12 13 15 16 
3 4 5 7 8 9 11 12 13 15 16 
3 4 5 7 8 9 11 12 13 15 16 
3 4 5 7 8 9 10 11 12 14 15 16 
3 4 5 6 7 8 9 10 11 12 14 15 
3 4 5 6 7 8 9 10 11 12 15 16 
3 4 5 7 8 9 11 12 15 16 
3 4 5 7 8 9 11 12 16 
3 4 5 7 8 9 12 16 
3 4 5 7 8 9 12 16 
3 4 5 6 7 8 9 10 11 12 14 15 16 
3 4 5 7 8 9 11 12 13 14 15 16 
3 4 5 6 7 8 9 10 11 12 13 14 16 
3 4 5 6 7 8 9 10 11 12 13 14 15 16 
3 4 5 7 8 9 10 11 12 13 14 15 16 
3 4 5 7 8 9 11 12 13 15 16 
3 4 5 7 8 9 11 12 16 
3 4 5 7 8 9 10 11 12 14 15 16 
2 3 4 5 6 7 8 9 10 11 12 14 15 
2 3 4 5 6 7 8 9 10 11 12 14 15 16 
3 4 5 6 7 8 9 10 11 12 13 14 15 
3 4 5 6 7 8 9 10 11 12 15 16 
3 4 5 7 8 9 11 12 14 15 16 
3 4 5 6 7 8 9 10 11 12 14 15 
2 3 4 5 6 7 8 9 10 11 12 14 15 16 
2 3 4 5 6 7 8 9 10 11 12 14 15 
2 3 4 5 6 7 8 9 10 11 12 13 16 
2 3 4 5 6 7 8 9 10 11 12 13 14 15 16 
2 3 4 5 6 7 8 9 10 11 12 14 15 
2 3 4 5 6 7 8 9 10 11 14 
2 3 4 5 7 8 9 10 11 13 14 15 
2 3 4 5 6 7 8 10 11 14 15 
3 4 5 6 7 8 9 10 11 12 13 15 16 
2 3 4 5 7 8 10 11 12 14 15 16 
2 3 4 5 7 8 11 12 16 
2 3 4 5 7 8 10 12 14 16 
2 3 4 5 6 7 8 9 10 11 12 15 
3 4 5 7 8 9 11 12 16 
3 4 5 6 7 8 9 10 11 12 16 
3 4 5 6 7 8 9 10 11 12 13 14 15 16 
3 4 5 7 8 9 10 11 12 13 14 15 16 
2 3 4 5 6 7 8 9 10 11 12 14 15 
2 3 4 5 6 7 8 9 10 11 12 13 14 15 16 
2 3 4 5 6 7 8 9 10 11 12 14 15 16 
3 4 5 6 7 8 9 10 11 12 14 
3 4 5 6 7 8 9 10 11 12 14 15 16 
3 4 5 6 7 8 9 10 11 12 13 14 15 16 
3 4 5 6 7 8 9 10 11 12 14 
2 3 4 5 6 7 8 9 10 11 12 16 
2 3 4 5 6 7 8 9 10 11 12 14 15 16 
2 3 4 5 6 7 8 9 10 11 12 13 14 15 16 
3 4 5 7 8 9 10 11 12 14 15 16 
3 4 5 7 8 9 11 12 15 16 
3 4 5 7 8 9 11 12 13 14 15 16 
3 4 5 6 7 8 9 10 11 12 14 15 
3 4 5 6 7 8 9 10 11 12 14 15 16 
3 4 5 6 7 8 9 10 11 12 13 15 16 
3 4 5 7 8 9 11 12 13 15 16 
3 4 5 7 8 9 11 12 
3 4 5 7 8 9 10 12 13 14 16 
3 4 5 6 7 8 9 10 11 12 13 14 15 
3 4 5 6 7 8 9 10 11 12 14 15 16 
2 3 4 5 6 7 8 9 10 11 12 13 16 
3 4 5 6 7 8 9 11 12 13 14 15 16 
2 3 4 5 6 7 8 9 10 11 12 14 15 16 
3 4 5 6 7 8 9 10 11 12 
3 4 5 6 7 8 9 10 11 12 13 14 15 16 
3 4 5 6 7 8 9 10 11 12 13 14 15 16 
3 4 5 7 8 9 10 11 12 14 15 
2 3 4 5 6 7 8 9 10 11 12 14 15 
3 4 5 6 7 8 9 10 11 12 13 14 15 
3 4 5 6 7 8 9 10 11 12 13 14 15 
3 4 5 6 7 8 9 10 11 13 14 15 
3 4 5 6 7 8 9 10 11 12 14 15 16 
3 4 5 7 8 9 11 12 13 15 16 
2 3 4 5 6 7 8 9 11 12 13 15 
3 4 5 7 8 9 11 15 
2 3 4 5 7 8 9 10 11 12 14 15 16 
3 4 5 6 7 8 9 10 11 12 13 14 15 
3 4 5 6 7 8 9 10 11 13 14 15 
2 3 4 5 6 7 8 9 10 11 14 15 
2 3 4 5 6 7 9 10 11 13 14 15 
2 3 4 5 6 7 8 9 10 11 12 13 15 16 
3 4 5 7 8 9 10 11 12 13 15 16 
3 4 5 6 7 8 9 10 11 12 13 15 16 
2 3 4 5 6 7 8 9 10 11 12 14 15 16 
3 4 5 6 7 8 9 10 11 12 14 15 16 
3 4 5 6 7 8 9 10 11 12 13 15 16 
2 3 4 5 7 8 9 10 11 12 14 15 
2 3 4 5 6 7 8 9 10 11 13 14 15 
2 3 4 5 6 7 8 9 10 11 14 15 
2 3 4 5 6 7 8 9 10 11 13 14 15 
3 4 5 6 7 9 10 11 13 14 15 
3 4 5 6 7 8 9 10 11 12 14 16 
3 4 5 6 7 8 9 10 11 12 13 16 
3 4 5 6 7 8 9 10 11 12 14 15 
2 3 4 5 6 7 8 9 10 11 15 
3 4 5 6 7 8 9 11 13 
3 4 5 6 7 9 13 
3 4 5 7 8 9 11 12 13 15 16 
3 4 5 7 8 9 11 12 
3 4 5 7 8 9 12 13 16 
3 4 5 7 8 9 10 11 12 14 15 
3 4 5 6 7 8 9 10 11 
3 4 5 7 9 11 12 13 16 
3 4 5 7 8 9 11 12 13 16 
3 4 5 7 8 9 
3 4 5 6 7 8 9 10 11 12 13 14 15 16 
3 4 5 6 7 8 9 11 12 15 
3 4 5 7 8 9 11 12 15 16 
3 4 5 7 8 9 11 12 13 16 
3 4 5 7 8 9 11 12 13 
3 4 5 7 8 9 
3 4 5 7 9 11 15 
3 4 5 7 8 9 11 12 15 16 
3 4 5 7 8 9 11 12 13 
3 4 5 6 7 8 9 10 11 12 13 14 15 16 
2 3 4 5 6 7 8 9 10 11 12 13 14 15 
2 3 4 5 6 7 8 9 10 11 13 14 15 
2 3 4 5 6 7 8 9 10 11 12 15 16 
2 3 4 5 6 7 8 9 10 11 12 13 14 15 16 
2 3 4 5 7 8 9 11 12 13 15 
3 4 5 7 8 9 10 11 12 13 14 15 16 
3 4 5 7 8 9 11 12 13 14 15 16 
3 4 5 7 8 9 11 12 13 
3 4 5 7 8 9 10 11 13 14 15 
3 4 5 6 7 8 9 10 11 13 15 16 
3 4 5 6 7 8 9 10 11 12 15 16 
2 3 4 5 6 7 8 9 10 11 12 14 15 16 
2 3 4 5 6 7 8 9 10 11 12 13 14 15 16 
2 3 4 5 6 7 8 9 10 11 12 13 14 16 
2 3 4 5 6 7 8 9 10 11 12 14 16 
3 4 5 6 7 8 9 10 11 12 13 14 15 
2 3 4 5 6 7 8 9 10 11 12 13 14 15 16 
2 3 4 5 6 7 8 9 10 11 12 13 14 15 16 
3 4 5 6 7 8 9 10 11 12 13 14 15 17 
3 4 5 6 7 8 9 10 11 12 13 14 15 16 
3 4 5 6 7 8 9 11 12 13 16 
3 4 5 6 7 8 9 10 11 12 13 
2 3 4 5 6 7 8 9 10 13 14 
3 4 5 7 8 9 10 11 13 
3 4 5 6 7 8 9 10 11 12 14 15 16 
3 4 5 6 7 8 9 10 11 12 13 14 16 
3 4 5 6 7 8 9 10 12 13 
3 4 5 6 7 8 9 10 11 13 14 15 
3 4 5 6 7 8 9 10 11 12 13 14 15 16 
3 4 5 6 7 8 9 10 11 12 13 14 15 
3 4 5 7 8 9 10 11 12 13 15 16 
3 4 5 6 7 8 9 10 11 12 14 15 16 
3 4 5 6 7 8 9 10 11 12 13 14 15 16 
3 4 5 6 7 8 9 10 11 12 13 14 15 
3 4 5 6 7 8 9 10 11 13 15 
3 4 5 7 8 9 10 11 12 13 14 16 
3 4 5 6 7 8 9 10 12 13 14 15 16 
2 3 4 5 6 7 8 9 10 11 12 14 
3 4 5 6 7 8 9 10 11 12 14 15 16 
2 3 4 5 6 7 8 9 10 11 12 13 14 15 16 
3 4 5 6 7 8 9 10 11 12 13 16 
3 4 5 6 7 8 9 10 11 12 13 16 
3 4 5 6 7 8 9 11 12 13 15 16 
2 3 4 5 6 7 8 9 11 12 13 16 
2 3 4 5 6 7 8 9 10 11 12 15 16 
2 3 4 5 6 7 8 9 11 12 15 
3 4 5 7 8 9 11 13 
3 4 5 7 8 9 12 13 15 16 
3 4 5 7 8 9 10 12 14 
3 4 5 6 7 8 9 10 11 13 
3 4 5 7 8 9 12 13 16 
3 4 5 7 8 9 10 11 12 13 14 15 16 
3 4 5 7 8 9 10 11 12 14 15 
3 4 5 6 7 8 9 10 11 12 13 15 16 
3 4 5 6 7 8 9 11 12 13 
3 4 5 7 8 9 10 11 13 14 15 
3 4 5 7 8 9 11 12 13 15 16 
3 4 5 7 8 9 11 12 15 16 
3 4 5 7 8 9 11 12 14 15 
3 4 5 7 8 9 11 12 15 16 
3 4 5 7 8 9 11 12 13 16 
3 4 5 7 8 9 11 12 15 
3 4 5 6 7 8 9 10 11 14 
3 4 5 6 7 8 9 10 11 12 13 16 
3 4 5 7 8 9 11 12 13 
2 3 4 5 6 7 8 9 11 12 15 16 
2 3 4 5 6 7 8 9 10 11 12 14 15 
2 3 4 5 6 7 8 9 10 11 12 14 15 16 
2 3 4 5 6 7 8 9 10 11 12 13 16 
2 3 4 5 6 7 8 9 10 11 12 13 14 
3 4 5 6 7 8 9 10 11 12 16 
3 4 5 6 7 8 9 11 12 13 15 16 
3 4 5 6 7 8 9 10 11 12 13 14 15 16 
3 4 5 6 7 8 9 11 12 15 
3 4 5 6 7 8 9 10 11 13 
3 4 5 6 7 9 10 
2 3 4 5 6 7 8 9 10 11 12 
2 3 4 5 6 7 8 9 10 11 12 15 16 
2 3 4 5 7 8 9 10 11 12 14 15 
2 3 4 5 7 8 9 11 
2 3 4 5 7 8 9 11 12 13 15 16 
2 3 4 5 7 8 9 11 12 13 
2 3 4 5 7 8 9 11 12 13 15 16 
2 3 4 5 6 7 8 9 11 12 13 15 
2 3 4 5 6 7 8 9 11 12 13 
2 3 4 5 6 7 8 9 13 
2 3 4 5 6 7 8 9 11 15 
2 3 4 5 6 7 8 9 10 11 14 15 
2 3 4 5 6 7 8 9 10 11 14 15 
2 3 4 5 6 7 8 9 10 11 15 
2 3 4 5 6 7 8 9 11 
2 3 4 5 6 7 8 9 10 
2 3 4 5 6 7 8 9 10 11 
2 3 4 5 6 7 9 10 11 13 14 15 
2 3 4 5 6 7 9 10 11 14 15 
2 3 4 5 7 8 9 10 11 12 13 14 
2 3 4 5 7 8 9 
2 3 4 5 7 8 9 10 11 13 14 15 
2 3 4 5 7 9 10 11 14 15 
2 3 4 5 7 9 11 
3 4 5 7 9 11 13 15 
3 4 5 7 8 9 11 12 13 15 16 
3 4 5 7 8 9 11 12 15 16 
3 4 5 7 8 9 10 11 12 14 15 
3 4 5 7 8 9 11 13 15 
3 4 5 7 8 9 11 12 13 15 
3 4 5 6 7 8 9 10 11 12 14 15 16 
3 4 5 7 8 9 10 11 12 14 15 
3 4 5 6 7 8 9 10 11 
3 4 5 6 7 8 9 10 11 12 13 16 17 
3 4 5 6 7 8 9 10 11 12 14 15 16 
3 4 5 6 7 8 9 10 11 12 14 15 16 
3 4 5 6 7 8 9 10 11 12 13 
3 4 5 7 8 9 11 12 13 
3 4 5 7 8 9 
3 4 5 6 7 8 9 10 11 12 14 15 16 
3 4 5 7 8 9 11 12 
3 4 5 7 8 9 
3 4 5 7 8 9 13 
3 4 5 7 8 9 11 12 13 14 15 16 
3 4 5 7 8 9 10 11 12 14 15 
3 4 5 6 7 8 9 10 11 12 16 
3 4 5 7 8 9 10 11 12 14 15 
3 4 5 6 7 8 9 10 11 12 14 15 16 
3 4 5 6 7 8 9 10 11 12 14 15 16 
2 3 4 5 6 7 8 9 10 11 12 14 15 16 
2 3 4 5 6 7 8 10 11 12 14 15 
3 4 5 6 7 8 9 10 11 12 14 15 
2 3 4 5 6 7 8 9 10 11 12 14 15 16 
2 3 4 5 6 7 8 9 10 11 12 13 15 
2 3 4 5 6 7 8 9 10 11 12 13 14 15 
3 4 5 7 8 9 10 11 12 14 15 16 
3 4 5 6 7 8 10 11 12 15 16 
2 3 4 5 6 7 8 10 11 12 14 15 
2 3 4 5 7 8 11 12 15 16 
3 4 5 7 8 9 10 11 12 14 15 
3 4 5 6 7 8 9 10 11 12 15 16 
2 3 4 5 6 7 8 9 11 12 
3 4 5 7 8 9 10 11 12 14 15 16 
3 4 5 6 7 8 9 10 11 12 13 14 15 16 
3 4 5 6 7 8 9 10 11 12 13 14 15 
3 4 5 6 7 8 9 10 11 12 14 15 16 
2 3 4 5 6 7 8 9 10 11 12 15 16 
2 3 4 5 6 7 8 9 10 11 12 14 15 16 
2 3 4 5 6 7 8 9 10 11 12 14 15 16 
3 4 5 6 7 8 9 10 11 12 14 15 16 
3 4 5 6 7 8 9 10 11 12 13 14 15 
3 4 5 6 7 8 9 10 11 14 15 
3 4 5 6 7 8 9 10 11 12 13 14 15 16 
3 4 5 6 7 8 9 10 11 12 13 15 16 
2 3 4 5 6 7 8 9 11 12 15 16 
2 3 4 5 7 8 9 10 11 12 14 15 
2 3 4 5 6 7 8 9 10 11 12 14 15 
3 4 5 6 7 8 9 10 11 14 
2 3 4 5 6 7 8 9 10 11 13 14 15 
3 4 5 6 7 8 9 10 11 12 13 15 16 
2 3 4 5 6 7 8 9 10 11 12 14 15 16 
3 4 5 7 8 9 11 12 16 
2 3 4 5 7 8 9 10 11 12 13 14 15 
3 4 5 6 7 8 9 10 11 12 15 16 
3 4 5 7 8 9 10 11 12 14 
3 4 5 6 7 8 9 10 11 14 15 
3 4 5 6 7 8 9 10 11 12 14 15 16 
2 3 4 5 6 7 8 9 11 12 16 
2 3 4 5 6 7 8 9 10 14 15 
2 3 4 5 6 7 8 9 10 11 12 14 15 16 
2 3 4 5 6 7 8 9 10 11 12 13 14 15 16 
3 4 5 6 7 8 9 10 11 12 13 15 16 
2 3 4 5 6 7 8 9 11 12 
2 3 4 5 6 7 8 9 10 11 12 13 14 15 
2 3 4 5 6 7 8 9 10 11 12 13 15 16 
2 3 4 5 6 7 8 9 10 11 12 15 16 
2 3 4 5 7 8 9 10 11 12 14 15 16 
2 3 4 5 6 7 8 9 10 11 12 13 14 15 16 
2 3 4 5 6 7 8 9 10 11 12 13 15 
2 3 4 5 7 8 9 11 12 13 15 
2 3 4 5 6 7 8 9 10 11 12 13 14 15 16 
3 4 5 6 7 8 9 10 11 12 14 15 16 
3 4 5 6 7 8 9 10 11 12 14 15 
3 4 5 6 7 8 9 10 11 12 14 15 16 
2 3 4 5 6 7 8 9 11 12 13 
3 4 5 7 8 9 11 
3 4 5 6 7 8 9 10 11 12 14 15 16 
3 4 5 6 7 8 9 10 11 12 15 
3 4 5 7 8 9 11 13 
3 4 5 7 8 9 13 
3 4 5 6 7 8 9 10 11 12 13 14 15 16 
3 4 5 7 8 9 11 12 13 
3 4 5 7 8 9 13 
3 4 5 7 8 9 11 13 15 
3 4 5 7 8 9 12 13 16 
3 4 5 7 8 9 12 16 
3 4 5 6 7 8 9 10 11 12 13 14 15 16 
2 3 4 5 6 7 8 9 10 11 12 13 14 15 16 
2 3 4 5 6 7 8 9 10 11 12 13 14 15 
2 3 4 5 6 7 8 9 10 11 13 
2 3 4 5 6 7 8 9 13 17 
3 4 5 7 8 9 11 12 13 15 16 
3 4 5 6 7 8 9 10 11 12 13 14 
3 4 5 6 7 8 9 10 13 
3 4 5 7 8 9 13 
3 4 5 7 8 9 11 12 15 16 
3 4 5 7 8 9 11 12 
3 4 5 7 8 9 11 12 15 16 
3 4 5 7 8 9 11 12 13 16 
3 4 5 7 8 9 12 13 
3 4 5 8 9 
3 4 5 9 
3 4 5 9 13 
3 4 5 7 8 9 10 11 12 13 14 15 16 
3 4 5 7 8 9 10 11 12 14 15 
3 4 5 7 8 9 11 13 
3 4 5 7 9 10 11 13 14 15 
3 4 5 7 8 9 10 11 12 14 15 16 
3 4 5 7 8 9 11 12 13 15 16 
3 4 5 7 8 9 11 12 13 15 16 
3 4 5 7 8 9 10 11 12 13 14 15 16 
3 4 5 7 8 9 11 12 15 16 
3 4 5 7 8 9 11 12 13 
3 4 5 7 8 9 11 13 15 
3 4 5 6 7 8 9 10 11 13 14 15 
3 4 5 7 9 11 
3 4 5 7 8 9 11 12 15 16 
3 4 5 7 8 9 11 12 15 16 
3 4 5 7 8 9 11 12 13 16 
3 4 5 7 8 9 11 12 13 15 16 
3 4 5 7 8 9 10 11 12 13 
3 4 5 7 8 9 13 
3 4 5 7 8 9 12 13 16 
3 4 5 8 9 12 
3 4 5 8 9 10 11 13 14 15 
3 4 5 7 8 9 11 13 14 
3 4 5 6 7 9 10 11 13 14 15 
3 4 5 6 7 9 10 11 13 
2 3 4 5 6 7 9 
3 4 5 6 7 8 9 10 11 12 14 15 16 
3 4 5 6 7 8 9 10 11 12 13 14 15 16 
3 4 5 7 8 9 11 12 13 16 
3 4 5 7 8 9 11 12 13 16 
3 4 5 7 8 9 11 
3 4 5 7 8 9 11 12 16 
3 4 5 7 8 9 12 13 16 
3 4 5 8 9 12 13 16 
3 4 5 8 9 12 13 
3 4 5 8 9 13 
3 4 5 6 7 8 9 10 11 12 13 14 15 16 17 
2 3 4 5 7 8 9 11 12 14 15 16 
2 3 4 5 7 8 9 11 12 15 
2 3 4 5 7 8 9 11 13 15 
2 3 4 5 7 8 9 11 12 16 
2 3 4 5 7 8 9 11 12 15 16 
2 3 4 5 7 8 9 11 12 13 15 16 
2 3 4 5 6 7 8 9 11 12 13 15 
2 3 4 5 6 7 8 9 11 15 
2 3 4 5 6 7 8 9 11 15 
2 3 4 5 6 7 8 9 10 11 12 13 16 
2 3 4 5 6 7 8 9 10 11 12 13 14 15 16 
2 3 4 5 7 8 9 10 11 12 13 14 15 16 
2 3 4 5 6 7 8 9 10 11 12 13 14 15 16 
2 3 4 5 7 8 9 11 12 14 
2 3 4 5 6 7 8 9 10 11 12 13 15 16 
2 3 4 5 6 7 8 9 12 13 16 
2 3 4 5 6 7 8 9 11 12 13 15 
2 3 4 5 6 7 8 9 11 12 13 15 16 
2 3 4 5 6 7 8 9 10 11 12 13 14 15 16 
2 3 4 5 6 7 8 9 10 11 12 13 14 15 
2 3 4 5 6 7 8 9 10 11 12 13 15 16 
2 3 4 5 6 7 8 9 11 12 13 15 16 
2 3 4 5 6 7 8 9 11 12 13 16 
2 3 4 5 6 7 8 9 11 12 15 16 
2 3 4 5 6 7 8 9 11 12 13 15 
3 4 5 6 7 8 9 10 11 13 15 
3 4 5 6 7 8 9 10 11 12 15 16 
3 4 5 6 7 8 9 10 11 12 14 15 16 
2 3 4 5 6 7 8 9 10 11 12 13 15 16 
2 3 4 5 6 7 8 9 10 11 12 14 15 16 
3 4 5 6 7 8 9 10 11 12 13 14 
3 4 5 6 7 8 9 10 11 12 13 16 
3 4 5 6 7 8 9 10 12 13 
3 4 5 6 7 8 9 10 13 
3 4 5 6 8 9 10 11 12 13 15 16 
3 4 5 6 7 8 9 10 11 12 13 14 15 16 
3 4 5 6 7 8 9 10 11 
3 4 5 7 8 9 13 
3 4 5 7 8 9 13 
3 4 5 8 9 13 
3 4 5 6 7 8 9 10 11 12 13 15 16 
3 4 5 7 8 9 10 11 12 13 14 15 16 
3 4 5 6 7 8 9 10 11 12 13 14 15 16 
3 4 5 6 7 8 9 11 12 13 16 
3 4 5 7 8 9 10 11 12 13 14 15 16 
3 4 5 7 8 9 11 12 
3 4 5 7 8 9 12 13 
3 4 5 6 7 8 9 10 11 12 13 14 15 
3 4 5 6 7 8 9 10 11 13 15 
3 4 5 7 8 9 11 12 16 
3 4 5 7 8 9 11 12 13 15 16 
2 3 4 5 7 8 9 11 12 13 
3 4 5 7 8 9 13 
2 3 4 5 7 9 
3 4 5 7 8 9 10 11 13 14 15 
2 3 4 5 6 7 8 9 11 13 
2 3 4 5 6 7 9 11 13 15 
2 3 4 5 6 7 8 9 10 11 13 14 
2 3 4 5 6 7 8 9 11 13 
2 3 4 5 6 7 8 9 10 12 13 16 
3 4 5 6 7 8 9 10 11 12 13 16 
2 3 4 5 7 8 9 

2 3 4 5 7 8 9 11 13 
3 4 5 7 8 9 11 12 13 
2 3 4 5 7 8 9 
3 4 5 7 8 9 
2 3 4 5 6 7 9 10 11 13 15 
2 3 4 5 7 8 9 11 12 13 15 16 
2 3 4 5 7 8 9 11 12 13 17 
3 4 5 7 8 9 10 11 14 15 
2 3 4 5 6 7 8 9 10 11 
2 3 4 5 6 7 9 10 11 12 13 14 15 16 
2 3 4 5 6 7 8 9 10 11 12 13 15 16 
2 3 4 5 6 7 8 9 11 12 13 
2 3 4 5 6 7 8 9 10 12 13 16 
2 3 4 5 6 7 8 9 12 13 
2 3 4 5 6 7 8 9 10 11 13 
3 4 5 7 9 11 13 15 
3 4 5 6 7 9 10 11 12 14 16 
2 3 4 5 7 8 9 10 11 12 13 14 15 16 
2 3 4 5 7 8 9 11 13 15 
2 3 4 5 7 8 9 11 12 13 16 
3 4 5 6 7 8 9 10 11 12 16 
3 4 5 7 8 9 11 
3 4 5 7 8 9 13 
2 3 4 5 7 8 9 13 
2 3 4 5 9 13 
3 4 5 7 8 9 11 12 13 15 16 
2 4 5 7 8 9 10 11 12 13 14 15 16 
2 3 4 5 6 7 8 9 10 11 12 13 14 
2 3 4 5 6 7 8 9 10 13 
3 4 5 6 7 8 9 10 11 12 
3 4 5 6 7 8 9 10 11 13 
2 3 4 5 6 7 8 9 10 11 13 
2 3 4 5 6 7 8 9 11 12 
2 3 4 5 6 7 8 9 
2 3 4 5 6 7 8 9 11 12 13 15 
2 3 4 5 6 7 8 9 10 11 13 14 15 
3 4 5 7 8 9 11 12 13 16 
3 4 5 7 8 9 10 11 12 13 14 15 16 
3 4 5 6 7 8 9 10 11 14 15 
3 4 5 6 7 8 9 10 11 13 14 15 
3 4 5 6 7 9 10 11 13 14 15 
3 4 5 7 9 11 13 15 
3 4 5 7 8 9 10 11 12 13 14 15 16 
3 4 5 6 7 8 9 10 11 12 13 15 16 
3 4 5 6 7 8 9 10 12 14 16 
3 4 5 6 7 8 9 10 11 12 15 
3 4 5 6 7 8 9 11 12 15 16 
3 4 5 6 7 8 9 10 11 
3 4 5 6 7 8 9 10 12 
3 4 5 6 7 8 9 10 11 12 14 15 16 
2 3 4 5 6 7 8 9 10 11 12 14 16 
2 3 4 5 6 7 8 9 10 11 12 13 14 15 16 
2 3 4 5 6 7 8 9 10 11 12 13 14 15 
3 4 5 6 7 8 9 10 11 12 13 14 15 16 
2 3 4 5 6 7 8 9 11 12 13 14 15 16 
3 4 5 6 7 8 9 10 11 12 13 14 15 
3 4 5 6 7 8 9 10 11 13 
3 4 5 7 8 9 11 12 13 15 16 17 
3 4 5 6 7 8 9 10 11 12 13 14 15 16 
3 4 5 6 7 8 9 10 11 12 13 
3 4 5 6 7 8 9 10 11 13 14 15 
3 4 5 7 8 9 11 12 13 16 
3 4 5 7 8 9 12 13 16 
3 4 5 6 7 8 9 10 11 12 13 14 15 16 
2 3 4 5 6 7 8 9 10 11 12 13 16 
3 4 5 7 8 9 10 12 13 14 16 
3 4 5 6 7 8 9 10 11 12 13 15 16 
3 4 5 6 7 8 9 10 11 12 13 16 
3 4 5 6 7 8 9 10 11 12 13 14 15 
2 3 4 5 6 7 8 9 10 11 13 14 15 
3 4 5 6 7 8 9 11 12 13 15 16 
3 4 5 7 8 9 10 11 12 13 14 15 
3 4 5 6 7 8 9 10 11 12 13 14 15 
3 4 5 6 7 8 9 10 11 12 16 
3 4 5 7 8 9 11 12 13 15 16 
3 4 5 6 7 8 9 10 11 12 13 15 
2 3 4 5 6 7 8 10 11 14 15 
2 3 4 5 7 8 9 10 11 14 15 
3 4 5 7 8 9 10 11 12 14 15 16 
3 4 5 6 7 8 9 10 11 12 14 15 
2 3 4 5 6 7 8 9 10 11 12 13 14 15 16 
2 3 4 5 6 7 8 9 10 11 12 13 14 15 16 
3 4 5 6 7 8 9 10 11 12 13 
3 4 5 6 7 8 9 10 12 13 16 
2 3 4 5 6 7 8 9 11 12 15 
2 3 4 5 7 8 9 10 11 13 14 15 16 
2 3 4 5 6 7 8 9 10 11 12 13 14 15 16 
2 3 4 5 6 7 8 9 10 11 12 13 15 16 
2 3 4 5 7 8 9 11 12 13 16 
2 3 4 5 7 8 9 11 12 13 15 16 
2 3 4 5 7 8 9 11 12 14 15 16 
2 3 4 5 6 7 8 9 10 11 12 13 14 15 
2 3 4 5 6 7 8 9 11 12 13 15 16 
2 3 4 5 7 8 9 11 12 15 16 
2 3 4 5 7 8 9 10 11 12 13 14 
2 3 4 5 6 7 8 9 10 11 12 13 14 15 
2 3 4 5 6 7 8 9 11 12 13 15 16 
2 3 4 5 6 7 8 9 10 11 12 14 15 
2 3 4 5 6 7 8 9 10 11 13 14 15 
2 3 4 5 6 7 8 9 10 11 13 14 15 
2 3 4 5 6 7 8 9 10 11 14 15 
2 3 4 5 6 7 8 9 10 11 12 14 15 16 
2 3 4 5 6 7 8 9 10 11 12 13 14 15 16 
2 3 4 5 6 7 8 9 11 12 13 15 16 
2 3 4 5 6 7 8 9 11 12 13 15 16 
2 3 4 5 7 8 9 10 11 12 14 15 
2 3 4 5 7 8 9 11 13 
2 3 4 5 7 8 9 11 13 15 
2 3 4 5 6 7 9 10 11 12 13 14 15 16 
2 3 4 5 6 7 8 9 10 11 12 13 16 
2 3 4 5 7 8 9 12 13 
2 3 4 5 6 7 8 9 10 11 13 
2 3 4 5 6 7 8 9 13 
2 3 4 5 7 8 9 11 15 
2 3 4 5 7 9 13 
2 3 4 5 7 9 13 
3 4 5 9 10 11 13 14 15 
3 4 5 6 7 8 9 10 11 12 
3 4 5 7 8 9 
2 3 4 5 7 8 9 11 13 15 
2 3 4 5 7 8 9 11 12 13 
3 4 5 7 8 9 10 11 13 14 15 
2 3 4 5 7 8 9 11 13 15 
2 3 4 5 7 8 9 13 
2 3 4 5 7 8 9 10 13 14 
2 3 4 5 8 9 10 11 13 14 15 
2 3 4 5 6 7 9 10 11 14 15 
3 4 5 6 7 9 10 11 13 14 15 
3 4 5 6 7 8 9 10 11 12 15 16 
2 3 4 5 6 7 8 9 10 11 12 13 14 15 
2 3 4 5 6 7 8 9 11 12 13 16 

2 3 4 5 6 7 8 9 10 11 12 13 14 15 
2 3 4 5 6 7 8 9 10 11 
2 3 4 5 6 7 8 9 11 
2 3 4 5 7 8 9 11 12 
3 4 5 7 8 9 10 11 12 13 14 15 
3 4 5 7 8 9 10 11 13 14 15 
2 3 4 5 7 8 9 11 12 16 
2 3 4 5 7 8 9 10 11 12 13 14 15 16 
2 3 4 5 7 8 9 10 11 13 14 15 
2 3 4 5 7 8 9 10 11 12 13 14 15 16 
2 3 4 5 7 8 9 11 12 13 16 
3 4 5 7 8 9 10 11 14 15 
3 4 5 7 8 9 11 13 
3 4 5 7 9 13 
3 4 5 7 9 
3 4 5 9 13 
3 4 5 8 9 12 
2 3 4 5 8 9 10 11 13 14 15 
3 4 5 6 7 8 9 10 11 13 14 15 
3 4 5 7 9 11 13 
2 3 4 5 7 9 13 
3 4 5 7 9 13 
3 4 5 9 
3 4 5 8 9 
3 4 5 9 13 
3 4 5 8 9 
3 4 5 8 9 13 
3 4 5 9 13 
2 3 4 5 8 9 13 
2 3 4 5 7 8 9 13 
3 4 5 7 8 9 11 13 15 
3 4 5 7 9 13 
3 4 5 8 9 10 13 14 
3 4 5 7 8 9 11 13 
2 3 4 5 6 7 9 10 11 13 14 
2 3 4 5 6 7 8 9 
2 3 4 5 6 7 9 
2 3 4 5 6 7 9 13 
2 3 4 5 6 9 
2 3 4 5 9 13 
2 3 4 5 9 13 
2 3 4 5 9 
2 3 4 5 6 7 9 10 11 13 15 
2 3 4 5 7 9 13 
2 3 4 5 6 7 9 13 
2 3 4 5 6 9 13 
2 3 4 5 6 7 9 10 13 
2 3 4 5 6 7 8 9 11 
2 3 4 5 6 7 8 9 13 
3 4 5 7 8 9 11 13 
2 3 4 5 7 8 9 13 
2 3 4 5 8 9 13 
2 3 4 5 6 7 9 10 11 13 14 15 
3 4 5 6 7 9 10 11 14 15 
2 3 4 5 7 9 11 15 
2 3 4 5 7 8 9 10 11 12 13 14 15 
2 3 4 5 6 7 8 9 10 11 12 14 15 16 
2 3 4 5 7 8 9 11 12 15 16 
2 3 4 5 7 8 9 11 12 15 16 
3 4 5 6 7 8 9 10 11 12 13 14 16 
2 3 4 5 6 7 8 9 10 11 12 15 16 
2 3 4 5 6 7 8 9 10 11 
2 3 4 5 6 7 8 9 11 13 15 
2 3 4 5 6 7 8 9 10 11 12 13 14 15 16 
2 3 4 5 6 7 8 9 10 11 12 13 14 17 
2 3 4 5 6 7 8 9 10 11 12 15 16 
2 3 4 5 6 7 8 9 10 11 12 13 14 
2 3 4 5 6 7 8 9 10 13 
2 3 4 5 6 7 9 
2 3 4 5 6 7 9 
2 3 4 5 6 7 9 11 
2 3 4 5 6 7 8 9 11 12 15 16 
3 4 5 6 7 8 9 10 11 12 13 15 16 
3 4 5 6 7 8 9 10 11 12 13 
2 3 4 5 6 7 8 9 10 11 14 15 
2 3 4 5 6 7 8 9 10 11 13 14 15 
2 3 4 5 7 8 9 11 13 
2 3 4 5 7 9 11 12 15 16 
3 4 5 7 8 9 11 12 
3 4 5 7 8 9 13 
2 3 4 5 8 9 11 12 13 15 
2 3 4 5 7 8 9 10 11 13 14 15 
3 4 5 6 7 8 9 10 11 12 13 15 16 
2 3 4 5 7 8 9 11 12 
2 3 4 5 7 8 9 13 
2 3 4 5 7 9 10 11 12 13 14 15 16 
2 3 4 5 7 8 9 11 12 15 16 
3 4 5 7 8 9 
3 4 5 7 8 9 13 
3 4 5 8 9 
3 4 5 8 9 12 16 
3 4 5 7 8 9 10 11 12 13 14 15 
3 4 5 6 7 8 9 10 11 13 14 15 
3 4 5 6 7 9 11 13 
3 4 5 6 7 9 10 11 14 
3 4 5 7 8 9 10 11 12 13 14 15 16 
3 4 5 7 8 9 11 12 15 
3 4 5 6 7 8 9 10 11 13 
3 4 5 6 7 9 10 11 14 15 
3 4 5 6 7 9 10 11 14 15 
2 3 4 5 6 7 9 10 11 13 
2 3 4 5 6 7 9 
3 4 5 7 8 9 
3 4 5 7 9 11 12 15 16 
3 4 5 7 8 9 11 12 13 15 16 
3 4 5 6 7 8 9 10 11 14 15 
3 4 5 6 7 8 9 10 11 13 14 15 
2 3 4 5 6 7 9 10 11 13 14 15 
2 3 4 5 6 7 9 10 11 15 
2 3 4 5 6 7 9 11 
3 4 5 7 8 9 
3 4 5 9 10 11 14 15 
3 4 5 6 7 9 10 11 15 
3 4 5 7 8 9 10 11 12 14 15 16 
3 4 5 7 8 9 11 12 13 15 16 
3 4 5 6 7 8 9 10 11 12 14 15 
3 4 5 7 8 9 11 12 14 15 16 
3 4 5 6 7 8 9 10 11 12 14 15 
3 4 5 6 7 8 9 10 11 
2 3 4 5 6 7 8 9 11 14 15 
3 4 5 7 8 9 11 13 
3 4 5 6 7 8 9 10 
3 4 5 6 7 9 10 11 13 14 15 
3 4 5 6 7 8 9 10 11 12 13 15 16 17 
3 4 5 6 7 8 9 10 11 12 13 15 16 
3 4 5 6 7 8 9 10 11 12 13 14 15 16 
3 4 5 6 7 8 9 10 11 13 14 15 
3 4 5 7 8 9 11 12 13 15 16 
3 4 5 6 7 8 9 11 12 13 15 
3 4 5 6 7 8 9 10 11 12 14 15 16 
3 4 5 6 7 8 9 10 11 13 
3 4 5 7 9 11 12 16 
3 4 5 6 7 8 9 10 12 14 16 
3 4 5 6 7 8 9 10 11 12 15 16 
3 4 5 6 7 8 9 11 12 13 16 
3 4 5 7 8 10 11 14 15 
3 4 5 7 8 11 12 16 
3 4 5 7 8 9 12 
3 4 5 7 8 9 10 11 12 14 15 16 
3 4 5 6 7 8 9 10 11 12 13 14 15 
3 4 5 6 7 8 9 10 11 
3 4 5 7 9 
3 4 5 7 9 13 
3 4 5 7 8 12 16 
3 4 5 7 8 9 11 12 15 
3 4 5 6 7 8 9 10 11 14 15 
3 4 5 6 7 8 9 10 11 14 15 
3 4 5 6 7 9 10 11 14 15 
3 4 5 6 7 9 10 11 15 
3 4 5 6 7 8 9 10 11 12 13 14 15 16 
3 4 5 6 7 8 9 11 12 13 
3 4 5 7 8 11 
3 4 5 7 8 11 12 15 16 
3 4 7 8 11 12 15 16 
3 4 5 8 12 
3 4 5 6 7 8 10 11 12 14 15 16 
4 5 6 7 8 9 10 11 12 14 16 
3 4 5 6 7 8 9 10 11 12 14 15 16 
3 4 5 6 7 8 9 10 11 12 13 
3 4 5 6 7 8 11 15 
3 4 5 7 8 11 15 
3 4 5 7 8 9 11 12 15 
3 4 5 7 8 9 11 12 15 16 
3 4 5 7 8 9 10 11 12 14 15 16 
3 4 5 7 8 9 11 12 16 
3 4 5 7 8 9 10 11 12 13 14 15 
3 4 7 8 9 11 12 15 16 
3 4 5 7 8 9 10 11 12 13 14 15 16 
3 4 5 7 8 9 11 12 13 15 17 
3 4 5 6 7 8 10 11 15 
3 4 5 7 8 9 11 12 
3 4 5 7 8 9 13 
3 4 5 7 8 9 10 11 13 14 15 
3 4 5 6 7 8 9 10 11 12 13 14 15 16 
3 4 5 6 7 8 9 11 12 13 14 15 16 
3 4 5 6 7 8 9 10 11 12 13 14 16 
3 4 5 6 7 8 9 10 11 12 13 15 16 
3 4 5 7 8 9 10 11 12 13 14 15 
3 4 5 6 7 8 9 10 11 12 13 
3 4 7 8 9 11 15 
3 4 5 7 8 9 12 16 
3 4 5 6 7 8 9 10 11 12 15 
3 4 5 6 7 8 9 10 11 12 15 16 
3 4 5 6 7 8 9 10 11 12 13 14 15 16 
3 4 5 6 7 8 10 11 12 15 16 
3 4 5 6 7 8 9 10 11 12 14 15 16 
3 4 5 6 7 8 9 10 11 12 15 16 
3 4 5 6 7 8 9 11 12 
3 4 5 6 7 8 10 11 12 14 15 16 
3 4 5 6 7 8 9 11 12 15 16 
3 4 5 6 7 8 9 10 11 12 16 
3 4 5 6 7 8 9 10 11 12 13 14 15 16 
3 4 5 6 7 8 9 11 12 13 
3 4 5 6 7 8 9 10 11 14 15 
3 4 5 6 7 8 9 10 11 13 14 15 
3 4 5 6 7 9 10 11 13 14 15 
3 4 5 6 7 8 9 10 11 12 15 16 
3 4 5 6 7 8 9 10 11 12 13 15 16 
3 4 5 6 7 8 9 10 11 12 13 15 16 
3 4 5 7 8 9 10 11 12 16 
3 4 5 7 8 9 10 11 12 13 14 15 16 
3 4 5 6 7 8 9 10 11 12 13 14 15 
3 4 5 7 8 9 11 12 16 
2 3 4 5 6 7 8 9 10 11 12 14 15 
2 3 4 5 6 7 8 9 10 11 12 15 16 
2 3 4 5 6 7 8 9 10 11 12 13 14 15 16 
3 4 5 7 8 9 10 11 12 14 15 
3 4 5 7 8 9 11 12 13 14 15 16 
3 4 5 7 8 9 10 11 12 13 14 15 16 
3 4 5 6 7 8 9 10 11 12 13 15 17 
3 4 5 6 7 8 9 10 11 12 14 15 16 
3 4 5 6 7 8 9 10 11 12 14 15 
3 4 5 6 7 8 9 10 11 14 15 
3 4 5 6 7 8 9 10 11 12 13 14 15 16 
3 4 5 6 7 8 9 10 11 12 13 
3 4 5 6 7 8 9 10 11 12 13 14 15 17 
3 4 5 6 7 8 9 10 11 12 13 14 15 16 
3 4 5 6 7 8 9 10 11 12 14 15 16 
3 4 5 6 7 8 9 10 11 12 14 15 
3 4 5 6 7 8 9 10 11 12 13 14 15 16 
3 4 5 7 8 9 10 11 12 13 14 15 16 
3 4 5 6 7 8 9 10 11 12 14 15 
3 4 5 7 8 9 11 12 13 15 16 
3 4 5 7 8 9 11 12 13 15 
3 4 5 7 8 9 10 11 12 13 14 15 16 
3 4 5 6 7 8 9 10 11 12 14 15 16 
3 4 5 6 7 8 9 10 11 12 13 14 15 
3 4 5 7 8 9 11 12 13 15 16 
3 4 5 7 8 9 10 11 12 14 15 16 
3 4 5 6 7 8 9 10 11 12 13 14 15 
3 4 5 7 8 9 11 12 15 16 
2 3 4 5 6 7 8 9 10 11 12 13 14 15 16 
2 3 4 5 6 7 8 9 10 11 12 13 14 15 16 
2 3 4 5 6 7 8 9 10 11 12 13 15 16 
2 3 4 5 6 7 8 9 10 11 12 13 14 15 16 
3 4 5 6 7 8 9 10 11 12 13 14 15 16 
3 4 5 6 7 8 9 10 11 12 13 14 15 16 
3 4 5 6 7 8 9 10 11 12 13 14 15 16 
3 4 5 6 7 8 9 10 11 12 13 14 15 16 
3 4 5 6 7 8 9 10 11 12 13 14 15 16 
3 4 5 6 7 8 9 10 11 12 14 15 16 
3 4 5 6 7 8 9 10 11 12 13 14 15 16 
2 3 4 5 6 7 8 9 10 11 12 13 15 16 
2 3 4 5 6 7 8 9 10 11 12 14 15 
3 4 5 6 7 8 9 10 11 12 14 15 16 
3 4 5 6 7 8 9 10 11 12 14 15 16 
2 3 4 5 6 7 8 9 10 11 12 13 14 15 
3 4 5 6 7 8 9 10 11 12 13 14 15 16 
2 3 4 5 6 7 8 9 10 11 12 13 14 15 16 
3 4 5 6 7 8 9 10 11 12 14 15 16 
3 4 5 6 7 8 9 10 11 12 13 14 15 16 
3 4 5 6 7 8 9 10 11 12 13 15 16 
2 3 4 5 6 7 8 9 10 11 12 14 15 16 
3 4 5 6 7 8 9 10 11 12 13 14 15 16 
3 4 5 6 7 8 9 10 11 12 13 14 15 16 
3 4 5 6 7 8 9 10 11 12 14 16 
3 4 5 6 7 8 9 10 11 12 13 14 15 16 
2 3 4 5 6 7 8 9 10 11 12 13 14 15 16 
3 4 5 6 7 8 9 10 11 12 14 15 16 
3 4 5 6 7 8 9 10 11 12 13 14 15 16 
2 3 4 5 6 7 8 9 10 11 12 14 15 16 
2 3 4 5 6 7 8 9 10 11 12 14 15 16 
3 4 5 7 8 9 11 12 
2 3 4 5 6 7 8 9 10 11 13 14 15 
2 3 4 5 6 7 8 9 10 11 
2 3 4 5 6 7 8 9 
3 4 5 7 9 11 13 14 15 
3 4 5 7 9 10 11 13 14 15 
3 4 5 7 11 
3 4 5 7 9 
3 4 5 6 7 9 10 11 13 14 15 
3 4 5 6 7 8 9 10 11 13 
3 4 5 7 8 9 13 
3 4 5 7 8 9 13 
3 4 5 7 8 9 11 
3 4 5 6 7 9 10 13 14 
3 4 5 6 7 8 10 11 15 
3 4 5 6 7 11 15 
3 4 5 7 9 10 
3 4 5 6 7 9 10 
3 4 5 6 7 9 13 
3 4 5 7 9 12 13 16 
3 4 5 7 8 9 10 11 12 14 15 
3 4 5 6 7 8 9 10 11 14 15 
3 4 5 6 7 8 9 12 13 
2 3 4 5 6 7 8 9 10 11 13 14 15 
3 4 5 7 8 9 11 
3 4 5 7 8 9 13 
3 4 5 7 9 10 11 14 15 
3 4 7 9 11 13 
3 4 5 6 7 8 9 10 
3 4 5 7 8 9 
3 4 5 7 8 10 12 14 16 
3 4 5 6 7 8 10 11 12 14 15 
3 4 5 6 7 8 9 10 11 
3 4 5 7 8 9 
3 4 5 7 8 9 11 12 13 15 16 
3 4 5 7 8 9 11 12 13 
3 4 5 7 8 9 
3 4 5 7 8 9 11 13 15 
3 4 5 6 7 8 9 10 11 12 13 16 
3 4 5 7 8 9 10 11 12 13 14 
3 4 5 6 7 8 9 10 11 12 15 16 
3 4 5 7 8 9 11 
3 4 5 7 8 9 13 
3 4 5 7 8 9 10 11 13 14 15 
3 4 5 6 7 9 10 11 
3 4 5 6 7 9 10 11 
3 4 5 6 7 9 10 11 13 14 15 
2 3 4 5 6 7 9 10 11 12 14 15 16 
2 3 4 5 6 7 8 9 10 12 13 
3 4 5 6 7 8 9 11 12 15 
2 3 4 5 6 7 8 9 10 11 13 14 15 
2 3 4 5 6 7 8 9 10 11 12 13 15 16 17 
2 3 4 5 6 7 8 9 10 11 14 15 
2 3 4 5 6 7 8 9 10 11 12 13 15 16 
3 4 5 7 8 9 10 11 12 13 14 15 16 
3 4 5 6 7 8 9 10 11 12 14 15 16 
2 3 4 5 6 7 8 9 10 11 12 15 16 
2 3 4 5 6 7 8 9 11 12 13 15 16 
3 4 5 7 8 9 10 11 13 14 15 
3 4 5 6 7 8 9 10 11 
3 4 5 7 9 11 12 15 16 
3 4 5 7 8 9 10 11 12 13 14 15 16 
3 4 5 7 8 9 11 12 13 
3 4 5 7 8 9 
3 4 5 9 13 
3 4 5 6 7 9 10 11 13 14 
3 4 5 6 7 9 10 11 15 
3 4 5 6 7 9 10 11 14 15 
2 3 4 5 6 7 8 9 10 11 13 
2 3 4 5 6 7 8 9 11 12 13 15 16 
3 4 5 6 7 8 9 10 11 14 15 
3 4 5 7 8 9 10 11 14 15 
3 4 5 7 9 
3 4 5 7 9 10 11 13 14 
3 4 5 6 7 8 9 10 11 12 15 16 
3 4 5 7 8 9 10 11 12 14 15 
3 4 5 6 7 8 9 10 11 13 
3 4 5 6 7 8 9 11 13 15 
2 3 4 5 7 8 9 11 13 17 
2 3 4 5 7 8 9 12 16 
2 3 4 5 6 7 8 9 10 11 12 14 
2 3 4 5 6 7 8 9 10 11 12 14 15 16 
2 3 4 5 7 8 9 11 12 13 
2 3 4 5 7 8 9 13 
2 3 4 5 6 7 8 9 11 
2 3 4 5 6 7 8 9 11 12 13 15 16 
2 3 4 5 7 8 9 11 12 13 
3 4 5 7 8 9 
2 3 4 5 7 9 11 12 13 15 16 
2 3 4 5 6 7 8 9 10 11 12 14 15 
2 3 4 5 6 7 8 9 11 13 15 
2 3 4 5 6 7 9 11 13 15 
2 3 4 5 6 7 9 11 
2 3 4 5 6 7 9 
2 3 4 5 6 7 8 9 10 12 13 14 16 
2 3 4 5 6 8 9 10 
2 3 4 5 6 7 8 9 11 12 16 
2 3 4 5 6 7 8 9 12 
2 3 4 5 7 8 9 12 16 
2 3 4 5 7 8 9 12 13 
2 3 4 5 6 7 8 9 10 11 12 14 15 16 
2 3 4 5 7 8 9 11 12 13 15 16 
2 3 4 5 7 8 9 10 11 13 14 15 
2 3 4 5 6 7 8 9 10 11 14 15 
2 3 4 5 6 7 9 11 15 
3 4 5 7 8 9 10 11 13 14 15 
2 3 4 5 7 8 9 11 12 
2 3 4 5 7 8 9 
2 3 4 5 7 8 9 10 13 14 
3 4 5 6 7 8 9 10 11 13 14 15 
2 3 4 5 6 7 8 9 11 
2 3 4 5 7 8 9 12 13 16 
2 3 4 5 6 7 8 9 10 11 12 13 14 15 
2 3 4 5 6 7 8 9 10 11 12 14 15 16 
2 3 4 5 6 7 8 9 10 11 12 14 15 16 
2 3 4 5 6 7 8 9 10 11 12 13 15 16 
2 3 4 5 6 7 8 9 11 12 13 15 16 
2 3 4 5 6 7 8 9 10 11 12 13 16 
2 3 4 5 6 7 8 9 11 12 15 
2 3 4 5 7 8 9 10 11 13 14 15 
3 4 5 6 7 8 9 10 11 12 14 15 16 
2 3 4 5 7 8 9 11 12 13 
2 3 4 5 7 8 9 12 13 16 
2 3 4 5 7 8 9 10 11 12 14 15 
3 4 5 6 7 8 9 10 11 14 
3 4 5 6 7 8 9 10 12 16 
2 3 4 5 6 7 8 9 11 12 13 
2 3 4 5 6 7 8 9 10 11 12 13 16 
3 4 5 7 8 9 12 13 16 
3 4 5 7 8 9 12 13 16 
3 4 5 7 8 9 11 12 15 16 
3 4 5 7 8 9 11 12 13 
3 4 5 7 8 9 11 12 13 15 16 
3 4 5 7 8 9 11 12 15 16 
3 4 5 7 8 9 10 11 12 13 14 15 16 
3 4 5 6 7 8 9 10 11 12 13 14 15 16 
3 4 5 7 8 9 11 12 13 15 16 
3 4 5 6 7 8 9 10 11 12 13 14 15 16 
2 3 4 5 6 7 8 9 10 11 12 13 15 
2 3 4 5 6 7 8 9 10 11 12 16 
2 3 4 5 6 7 8 9 10 11 12 13 14 15 16 
2 3 4 5 6 7 8 9 10 11 12 14 15 16 
2 3 4 5 6 7 8 9 10 11 12 15 16 
2 3 4 5 6 7 8 9 11 12 13 15 16 
2 3 4 5 6 7 8 9 10 11 12 13 14 15 
2 3 4 5 6 7 8 9 10 11 13 
2 3 4 5 6 7 8 9 10 11 12 16 
3 4 5 6 7 8 9 10 11 12 14 16 
2 3 4 5 6 7 8 9 10 11 12 14 15 16 
2 3 4 5 6 7 8 9 10 11 12 13 14 15 
2 3 4 5 6 7 8 9 10 11 12 13 14 15 16 
2 3 4 5 6 7 8 9 10 11 12 13 14 15 16 17 
2 3 4 5 6 7 8 9 11 12 13 15 16 
2 3 4 5 6 7 8 9 11 12 13 15 
2 3 4 5 6 7 8 9 11 12 13 15 16 
2 3 4 5 6 7 8 9 10 11 12 14 15 
2 3 4 5 6 7 8 9 10 11 12 14 15 16 
2 3 4 6 7 8 9 10 11 12 13 15 16 
2 3 4 6 7 8 9 10 11 12 14 15 16 
2 3 4 6 7 8 10 11 12 14 15 16 
2 3 4 5 6 7 8 9 11 12 14 15 16 
2 3 4 5 6 7 8 9 10 11 12 14 15 16 
2 3 4 5 6 7 8 9 10 11 12 13 14 15 16 
3 4 5 6 7 8 9 10 11 12 
2 3 4 5 6 7 8 9 11 12 13 15 16 
2 3 4 5 6 7 8 9 10 11 12 14 15 16 
3 4 5 6 7 8 9 10 11 12 13 14 15 
3 4 5 6 7 8 9 10 11 12 14 15 16 
3 4 5 6 7 8 9 10 11 12 14 16 
3 4 5 6 7 8 9 10 11 12 13 14 15 
3 4 6 7 8 9 10 11 12 13 14 15 
3 4 6 7 8 9 10 11 12 15 16 
2 3 4 5 6 7 8 10 11 12 14 15 16 
2 3 4 5 6 7 8 9 10 11 12 13 14 15 16 
3 4 5 6 7 8 9 10 11 12 14 16 
2 3 4 5 6 7 8 9 10 11 12 14 15 16 
3 4 5 6 7 8 9 10 11 12 14 15 
2 3 4 5 6 7 8 9 10 11 12 14 15 16 
3 4 5 6 7 8 9 10 11 12 14 15 16 
3 4 5 6 7 8 9 10 11 12 13 15 16 
2 3 4 5 6 7 8 10 11 12 14 15 
3 4 5 6 7 8 9 10 11 12 13 14 15 
3 4 5 6 7 8 9 10 11 12 13 14 16 
3 4 5 6 7 8 9 10 11 12 14 15 16 
2 3 4 5 6 7 8 9 10 11 12 13 14 15 16 
2 3 4 5 6 7 8 9 11 12 15 16 
3 4 5 6 7 8 9 11 12 15 
3 4 5 6 7 8 9 10 11 12 14 16 
3 4 5 6 7 8 9 10 11 12 14 15 16 
3 4 5 6 7 8 9 11 12 13 15 16 
3 4 5 6 7 8 9 10 11 12 14 15 16 
2 3 4 5 6 7 8 9 10 11 12 14 15 
