4 5 7 8 9 
4 5 6 7 8 9 10 11 12 
4 5 6 7 8 9 10 11 12 13 14 15 16 17 
4 5 6 7 8 9 10 11 12 13 
3 4 5 7 8 9 16 17 
2 3 5 6 7 8 9 14 15 16 
4 5 6 7 8 9 10 11 12 13 14 15 16 17 
6 7 8 9 10 11 12 13 14 15 16 17 
6 7 8 9 10 11 12 13 16 17 
12 13 14 15 16 17 
5 9 10 11 12 13 14 15 16 17 
4 5 6 7 8 9 10 11 12 13 
4 5 6 7 8 9 10 11 15 16 
6 7 8 11 12 13 15 16 17 
6 7 

11 12 13 14 15 16 17 
9 12 13 16 17 
5 8 9 11 13 14 15 
4 5 6 7 8 9 10 11 12 13 14 15 16 
3 4 7 8 9 10 11 12 13 14 15 16 17 
5 9 11 12 13 15 16 17 
4 5 8 9 10 11 12 13 14 15 16 17 
3 4 7 8 9 11 12 13 15 16 17 
2 3 5 6 7 8 9 10 11 12 13 14 15 16 17 
4 5 6 7 8 9 10 11 12 13 15 16 17 
3 4 5 7 8 9 11 12 13 14 15 16 17 
2 3 6 7 8 9 10 11 12 13 
6 
13 15 16 17 
5 9 14 15 16 
4 5 7 8 9 11 12 13 14 15 16 17 
6 7 8 9 10 12 13 16 17 
4 5 6 8 9 13 
3 4 5 7 8 9 11 12 13 14 15 16 17 
4 5 6 7 8 9 12 13 16 17 
4 5 6 7 8 9 10 11 12 13 14 15 16 
2 3 4 6 7 8 9 11 12 13 15 16 
2 3 6 7 9 11 12 13 14 15 16 17 
9 12 13 16 
5 8 9 
5 6 7 8 9 10 11 
4 5 6 7 8 9 10 
3 4 7 8 9 
3 6 7 8 9 
6 7 8 10 11 12 13 14 15 16 17 
10 11 12 13 15 16 
8 9 12 13 16 17 
7 8 9 10 11 12 13 14 15 
5 6 7 8 9 10 11 12 13 14 15 16 17 
4 5 7 8 9 13 17 
3 4 6 7 8 9 10 11 12 13 16 17 
6 7 9 10 11 14 15 
7 8 9 11 12 13 15 16 17 
6 7 8 9 10 11 12 13 14 15 16 
9 11 12 13 15 16 
5 8 9 13 
4 5 7 8 9 10 11 12 13 14 15 16 17 
3 4 5 6 7 8 9 10 11 12 13 15 16 17 
3 6 7 8 9 10 11 12 13 14 15 16 
6 7 8 9 10 11 12 15 16 
6 7 8 9 10 11 12 13 14 15 16 17 
5 6 7 8 9 12 13 16 17 
4 5 7 8 9 11 12 13 14 15 16 17 
3 4 5 6 7 8 9 10 11 12 13 14 15 16 17 
2 3 5 6 7 8 9 10 11 13 14 15 17 
4 5 8 9 10 11 12 13 14 15 16 17 
3 4 5 7 8 9 10 13 
3 4 5 6 7 8 9 11 12 13 15 16 17 
3 4 5 6 7 8 9 10 13 
3 4 5 6 7 8 9 10 11 12 14 15 16 
3 4 5 6 7 8 9 10 11 12 13 15 16 
2 3 4 5 6 7 8 9 10 11 12 13 14 15 16 17 
4 5 6 7 8 9 10 11 12 13 14 15 17 
3 4 5 6 7 8 9 13 
4 5 6 7 8 9 
3 4 5 7 8 9 11 12 
3 4 5 6 7 8 9 10 11 12 13 14 15 16 17 
3 4 5 7 8 9 12 13 15 16 17 
4 5 6 7 8 9 10 11 12 13 
7 8 10 11 12 13 14 15 16 17 
6 7 9 10 11 12 13 16 17 
8 9 11 14 15 
5 6 7 8 9 10 11 12 13 14 15 16 17 
5 6 7 9 10 11 13 17 
4 5 8 9 14 15 16 17 
3 4 5 6 7 8 9 10 11 12 13 14 15 16 17 
3 4 6 7 8 9 10 12 13 
5 6 7 9 10 11 12 13 15 16 17 
4 5 8 9 10 11 12 13 14 15 16 17 
3 4 5 6 7 8 9 10 11 12 15 16 
3 4 5 6 7 8 9 10 11 13 17 
3 4 6 7 8 9 10 11 12 13 14 15 16 17 
6 7 8 9 12 13 16 17 
5 6 7 8 9 10 
5 7 8 9 10 11 12 
5 6 7 8 9 
4 5 6 7 8 9 
4 6 7 8 10 11 12 13 14 15 16 17 
7 9 10 11 12 13 14 15 16 17 
7 8 9 12 13 
7 8 9 10 11 14 15 
5 7 8 9 11 12 13 15 16 17 
4 5 6 7 8 9 10 11 13 
4 5 7 8 9 11 12 13 14 15 16 17 
6 7 8 9 10 11 12 13 16 17 
7 8 9 10 11 12 14 15 
4 5 6 7 8 9 11 12 13 15 16 
4 5 6 7 8 9 10 11 12 13 
5 6 7 8 9 10 11 12 14 15 16 
4 5 6 7 8 9 10 11 12 13 16 17 
3 4 5 6 7 8 9 10 13 15 16 17 
4 6 7 8 9 13 17 
4 5 6 7 8 9 10 11 12 
4 5 6 7 8 9 10 11 
3 4 5 7 8 9 
3 6 7 8 9 10 11 12 13 14 15 16 17 
5 6 7 8 9 10 11 12 13 15 16 17 
4 5 6 7 8 9 10 11 13 
3 4 5 7 8 9 10 11 12 14 15 
2 3 4 6 7 8 9 10 11 12 13 14 15 16 
2 3 6 7 8 9 10 11 12 13 16 17 
6 7 8 9 10 11 
7 8 9 10 11 12 13 14 15 16 17 
5 6 7 9 10 11 13 
3 4 5 7 8 9 10 11 12 14 15 16 
4 5 6 7 8 9 11 12 13 14 15 16 
6 7 8 9 10 11 12 13 16 17 
5 8 9 11 12 14 15 16 
4 5 6 7 8 9 10 11 12 13 15 16 17 
