9 10 11 12 13 14 15 16 
6 8 9 10 11 12 13 14 15 16 17 
6 8 9 10 11 12 13 15 16 17 
6 7 8 9 10 11 12 13 14 15 16 17 
6 7 8 9 10 11 12 13 14 15 16 17 
7 8 10 11 12 13 14 15 16 17 
7 8 10 11 12 13 14 15 16 17 
6 7 8 10 11 12 13 14 15 16 17 
10 11 12 13 14 15 16 17 
7 11 12 13 14 15 16 17 
7 11 12 13 14 15 16 17 
11 12 13 14 15 16 17 
7 11 12 13 15 16 17 
7 11 12 13 15 16 17 
7 10 11 12 13 14 15 16 17 
7 8 10 11 12 13 15 16 17 
10 11 13 15 16 17 
13 14 15 16 17 
8 12 13 14 15 17 
8 12 13 14 15 17 
8 9 12 13 16 17 
9 13 16 17 
9 13 16 17 
9 13 15 16 17 
8 12 13 16 17 
9 13 17 
8 9 12 13 16 17 
8 9 12 13 15 16 17 
8 12 13 16 17 
8 10 12 13 16 17 
8 9 10 12 13 17 
8 9 10 11 12 13 17 
6 8 9 10 11 12 13 
6 8 9 10 11 12 13 15 16 17 
8 9 10 11 12 13 14 15 16 17 
8 9 10 12 13 14 16 17 
8 9 10 12 13 16 17 
8 10 12 13 16 17 
8 10 12 13 15 16 17 
8 12 13 16 17 
8 12 13 16 17 
8 12 13 17 
8 9 11 12 13 15 16 17 
8 9 10 11 12 13 16 17 
8 9 11 12 13 16 17 
8 9 11 12 13 17 
8 9 10 11 12 13 16 17 
6 8 9 10 11 12 13 16 17 
8 9 10 11 12 13 14 15 16 17 
6 9 10 11 12 13 14 15 16 17 
6 8 9 10 11 13 14 15 16 17 
6 8 9 10 12 13 14 15 17 
6 8 9 10 12 13 17 
8 9 10 12 13 14 16 
8 9 10 12 13 16 17 
8 9 10 12 13 17 
8 9 10 12 13 15 16 17 
8 9 10 12 13 16 17 
7 8 9 11 12 13 17 
7 8 11 12 13 17 
7 8 11 12 13 
7 8 10 11 12 
6 7 8 10 11 12 
6 7 8 10 11 12 15 16 17 
6 7 8 10 11 12 13 16 17 
7 8 11 12 13 17 
8 10 12 13 17 
7 8 11 12 13 17 
6 7 8 10 11 12 13 
6 7 8 10 11 12 13 
6 7 8 10 11 12 13 14 15 
6 7 9 10 11 13 14 15 
6 7 9 10 11 13 14 15 
6 9 10 13 14 15 17 
6 9 10 12 13 14 15 17 
6 7 10 11 12 13 16 17 
6 7 10 11 12 13 16 17 
6 7 10 11 12 16 17 
6 7 8 10 11 12 13 15 16 17 
6 7 9 10 11 13 15 16 
6 7 8 9 10 11 12 13 14 15 
6 7 9 10 11 12 13 14 15 
6 7 10 11 12 13 14 15 16 
6 7 8 9 10 11 12 13 15 16 
7 9 11 12 13 14 15 
7 8 9 11 12 13 
7 8 9 10 11 12 13 
7 10 11 12 13 14 15 
7 10 11 12 13 14 
10 11 12 
7 10 11 12 15 
7 10 11 14 15 
7 10 11 14 15 
7 8 10 11 12 
7 8 9 10 11 12 13 
7 8 9 10 11 12 13 
7 8 9 10 11 12 13 
8 9 10 11 12 13 
8 9 10 11 12 13 
8 9 10 11 12 13 
8 9 11 12 13 16 17 
8 9 11 12 13 15 16 17 
8 9 11 12 13 15 16 17 
8 9 10 11 12 13 14 15 16 
8 9 10 11 12 13 14 15 16 
7 8 9 10 11 12 13 14 15 17 
8 9 10 11 12 13 14 15 17 
8 9 10 11 12 13 14 17 
8 9 10 12 13 17 
8 9 10 12 13 17 
7 8 10 11 12 
7 8 9 10 11 12 13 
7 8 9 10 11 12 13 
6 7 8 9 10 11 12 13 
6 7 8 9 10 11 12 13 17 
8 9 11 12 13 17 
8 9 10 11 12 13 17 
8 9 10 11 12 13 17 
8 9 12 13 16 
8 9 11 12 13 15 16 
8 9 11 12 13 15 16 17 
8 9 11 12 13 14 15 16 17 
8 9 10 11 12 13 14 15 16 
8 9 10 11 12 13 14 15 16 
8 9 10 11 12 13 14 15 
8 9 10 11 12 13 14 15 
9 10 11 13 
9 10 11 12 13 
9 11 12 13 
9 11 12 13 
9 11 12 13 
8 9 10 11 12 13 14 15 
8 9 10 11 12 13 14 15 
8 9 10 12 13 14 16 
8 9 11 12 13 15 16 
8 9 11 12 13 15 16 
8 9 10 11 12 13 14 15 
7 8 9 10 11 12 13 14 15 
7 8 9 11 12 13 14 
7 8 9 11 12 13 
7 8 9 10 11 12 13 14 15 17 
8 9 12 13 17 
