7 8 9 11 12 13 16 17 
4 6 7 8 9 11 12 13 16 17 
6 7 8 9 11 12 13 16 17 
6 7 8 9 11 12 13 15 16 17 
6 7 8 9 11 12 13 15 16 17 
6 7 8 9 11 12 13 15 16 17 
6 7 8 9 10 11 12 13 16 17 
7 8 9 11 12 16 17 
7 8 9 11 12 16 17 
6 7 8 9 11 12 13 15 16 
6 7 8 9 11 12 13 15 16 
6 7 9 11 12 13 15 16 
6 7 9 10 11 12 13 15 16 17 
6 7 9 10 11 13 16 17 
6 7 10 11 16 17 
6 7 8 10 11 
6 7 8 9 10 11 
6 7 8 9 11 12 13 15 16 
6 8 9 11 12 13 15 16 
9 11 12 13 15 16 17 
12 13 16 17 
6 7 9 13 16 17 
9 17 
8 9 13 
6 7 8 9 
6 7 9 
6 7 9 
6 7 9 11 
7 11 
7 11 
11 12 15 16 
11 12 15 16 
12 16 17 
16 17 


8 9 
8 9 
9 13 
9 13 

2 

6 
6 7 
6 7 
6 7 
7 11 
7 11 
7 11 
11 12 15 16 
11 12 15 16 
12 16 17 
9 16 17 
9 
9 
9 
9 
4 5 8 9 15 
4 5 8 9 
5 9 
5 9 
9 
4 8 
4 5 8 9 
4 5 8 9 
4 5 8 9 
4 5 8 9 

















9 
9 
9 
9 
9 





4 5 8 9 






2 6 

2 6 
6 
6 
6 


6 7 10 11 




