3 4 5 7 8 9 11 12 13 14 15 16 17 
3 4 5 7 8 9 11 12 13 14 15 16 17 
3 4 5 7 8 9 11 12 13 16 17 
3 4 5 7 8 9 10 11 12 13 14 16 17 
4 5 7 8 9 12 13 
4 5 7 8 9 11 12 13 16 17 
3 4 5 6 7 8 9 10 11 12 13 14 15 16 17 
3 4 5 7 8 9 10 11 12 13 14 15 16 17 
2 3 4 5 6 7 8 9 12 13 14 16 17 
3 4 5 6 7 8 9 12 13 17 
3 4 5 6 7 8 9 10 11 13 17 
3 4 5 6 7 8 9 10 11 13 14 15 
3 4 5 6 7 8 9 10 11 12 13 14 15 16 17 
3 4 5 6 7 8 9 12 13 16 17 
3 4 5 6 7 8 10 11 12 
3 4 5 6 7 8 10 11 12 13 14 16 17 
3 4 6 7 8 10 11 12 13 14 
3 4 6 7 8 9 10 11 12 13 14 15 
3 4 6 7 8 9 10 11 13 14 15 17 
3 4 7 8 9 10 11 12 13 14 15 17 
3 4 5 6 7 8 9 10 11 12 13 14 15 16 17 
4 5 7 8 9 10 11 12 13 14 15 16 17 
4 5 7 8 9 10 11 12 13 14 15 17 
3 4 5 6 7 8 9 11 12 13 15 
3 4 6 7 8 9 10 11 12 13 14 15 16 17 
2 3 4 7 8 9 10 11 12 13 14 15 16 17 
2 3 4 5 7 8 9 11 12 13 16 17 
3 4 5 6 7 8 9 11 12 13 16 17 
3 4 5 6 7 8 9 10 11 12 13 15 
3 4 6 7 8 9 10 11 12 13 14 15 16 17 
3 4 6 7 8 9 10 11 12 13 15 
3 4 6 7 8 9 10 11 12 14 15 
3 4 5 6 7 8 9 10 11 12 14 15 16 17 
3 4 5 7 8 9 10 11 12 13 14 15 16 17 
3 4 5 6 7 8 9 10 11 12 13 15 16 17 
3 4 6 7 8 9 10 11 12 13 14 15 16 17 
3 4 6 7 8 9 10 11 12 13 14 15 17 
3 4 5 6 7 8 9 10 11 12 13 14 15 
3 4 5 6 7 8 9 10 13 14 16 17 
3 4 5 7 8 9 12 13 16 17 
2 3 4 5 7 8 9 11 12 13 
3 4 5 7 8 9 11 12 13 
3 4 5 6 7 8 9 10 11 12 13 14 15 16 17 
3 5 6 7 8 9 10 11 12 13 14 16 17 
4 5 6 7 8 9 10 11 12 13 14 15 16 17 
3 4 5 6 7 8 9 10 11 12 13 14 15 16 17 
4 5 6 7 8 9 10 11 12 13 14 15 17 
4 5 6 7 8 9 10 11 12 13 14 15 16 17 
4 7 8 9 10 11 12 13 14 15 
3 4 5 7 8 9 10 11 12 14 15 
3 4 5 7 8 9 10 11 12 13 14 15 17 
3 4 5 7 8 9 11 13 15 16 17 
2 3 4 6 7 8 9 10 11 12 13 14 15 16 17 
2 3 4 5 6 7 8 9 10 11 12 13 14 15 
2 3 4 5 6 7 8 9 10 11 12 14 
3 4 5 6 7 8 10 11 14 15 
3 4 6 7 8 10 11 14 15 
3 4 6 7 8 10 11 14 15 
3 4 6 7 8 10 11 14 15 
3 4 7 8 9 10 11 12 13 14 15 16 17 
3 4 6 7 8 9 10 11 12 13 14 15 17 
3 4 6 7 8 9 10 11 12 13 14 15 17 
3 4 6 7 8 9 10 11 12 13 14 15 17 
3 4 5 6 7 8 9 10 11 12 13 14 15 17 
3 4 5 6 7 8 9 10 11 12 13 14 15 
3 4 5 6 7 8 9 10 11 12 13 14 15 16 17 
3 4 5 6 7 8 9 10 11 12 13 14 15 
3 4 6 7 8 9 10 11 12 13 14 15 16 17 
3 4 5 7 8 9 10 11 12 13 14 15 16 17 
3 4 5 7 8 9 10 11 12 13 14 15 
3 4 5 7 8 9 11 14 15 
4 5 6 7 8 9 10 11 14 15 
3 4 5 7 8 10 11 13 14 15 17 
3 4 5 7 8 9 11 13 14 17 
3 4 5 7 8 9 10 11 12 13 14 15 17 
3 4 7 8 9 10 11 12 13 14 15 16 17 
3 4 5 7 8 9 11 12 13 15 
2 3 4 5 7 8 9 12 13 15 
3 4 5 7 8 9 11 12 
3 4 5 6 7 8 9 10 11 13 14 15 
3 4 5 6 7 8 9 10 11 12 13 14 15 16 17 
3 4 5 6 7 8 9 10 11 12 13 14 16 17 
4 5 6 7 8 9 10 11 12 13 14 
3 4 5 6 7 8 9 10 11 13 14 
3 4 5 6 7 8 9 10 11 12 13 16 17 
3 4 5 7 8 9 10 11 12 13 14 15 17 
2 3 4 5 7 8 9 12 13 15 
3 4 5 7 8 9 13 
2 3 4 5 7 8 9 11 12 13 16 17 
3 4 5 7 8 9 10 11 12 13 16 17 
3 4 5 7 8 9 10 11 12 13 14 15 16 17 
3 4 5 7 8 9 10 11 12 13 14 15 16 17 
2 3 4 5 6 7 8 9 10 11 12 13 14 15 16 17 
3 4 5 7 8 9 10 11 12 13 14 15 16 17 
3 4 5 7 8 9 11 12 13 15 17 
3 4 5 6 7 8 9 11 12 13 14 15 17 
3 4 5 6 7 8 9 10 11 12 13 14 15 16 17 
4 5 7 8 9 10 11 12 13 14 15 
4 5 6 7 8 9 10 11 12 13 17 
3 4 5 7 8 9 10 11 13 15 17 
3 4 5 8 9 11 12 13 14 15 16 17 
3 4 5 7 8 9 12 13 
3 4 5 7 8 9 12 13 
3 4 5 7 8 9 11 12 
3 4 5 6 7 8 9 10 11 12 13 15 16 17 
3 4 5 6 7 8 9 10 11 12 13 15 16 17 
3 4 6 7 8 9 10 11 12 13 14 15 16 17 
3 4 5 6 7 8 9 10 11 12 13 14 15 16 17 
3 4 5 6 7 8 9 10 12 13 14 17 
3 4 5 6 7 8 9 10 11 12 13 16 17 
4 5 7 8 9 10 11 12 13 16 17 
3 4 5 6 7 8 9 10 11 12 13 14 15 16 17 
3 4 6 7 8 9 10 11 12 13 14 15 16 17 
3 4 5 7 8 9 10 12 13 14 16 17 
2 3 4 5 7 8 9 12 13 16 17 
2 3 4 5 7 8 9 12 13 16 17 
3 4 5 6 7 8 9 12 13 
3 4 5 6 7 8 9 10 11 12 13 16 17 
2 4 5 6 7 8 9 10 11 12 13 15 16 17 
3 4 5 7 8 9 10 11 12 13 14 15 16 17 
3 4 5 7 8 9 11 12 13 16 17 
3 4 7 8 9 11 12 13 14 15 16 17 
3 4 5 7 8 9 12 13 14 
3 4 6 7 8 9 12 13 16 17 
4 5 6 7 8 9 10 12 13 17 
4 5 6 7 8 9 10 11 12 13 17 
4 5 6 7 8 9 10 11 12 13 
3 4 5 6 7 8 9 10 11 12 13 14 17 
3 4 5 7 8 9 10 11 13 14 15 17 
2 3 4 5 7 8 9 11 12 13 15 16 17 
3 4 7 8 9 11 12 13 15 16 17 
3 5 6 7 8 9 10 11 12 13 14 15 
3 4 5 6 7 8 9 10 11 13 14 
3 4 5 6 7 8 9 10 11 13 14 15 17 
3 4 5 6 7 8 9 10 11 12 13 14 15 16 17 
2 3 4 5 7 8 9 10 12 13 14 17 
3 4 6 7 8 9 10 11 12 13 
3 4 5 7 8 9 10 11 12 13 14 15 16 17 
3 4 5 7 8 9 10 11 12 13 14 15 
3 4 5 6 7 8 9 10 11 12 13 14 15 
3 4 5 6 7 8 9 10 11 12 13 14 15 16 17 
3 4 5 6 7 8 9 10 11 12 13 14 15 16 17 
3 4 5 6 7 8 9 10 11 12 13 15 
3 7 8 9 10 11 13 14 15 17 
4 5 6 7 8 9 10 11 12 13 14 15 16 17 
4 6 7 8 9 10 11 12 13 14 15 16 17 
3 4 6 7 8 9 10 11 12 13 14 15 17 
3 4 6 7 8 9 10 11 12 13 14 15 16 17 
3 4 6 7 8 9 10 11 12 13 15 16 17 
2 4 5 7 8 9 11 12 13 15 17 
2 3 4 5 6 7 8 9 11 12 13 14 15 16 17 
2 3 4 5 6 7 8 9 10 11 12 13 17 
3 4 5 6 7 8 9 10 11 12 13 14 15 17 
3 4 5 7 8 9 11 12 13 14 16 17 
3 4 5 7 8 9 11 12 13 15 16 17 
3 4 5 7 8 9 10 11 12 13 16 17 
3 4 5 6 7 8 9 10 11 12 13 14 15 16 17 
3 4 5 6 7 8 9 10 11 12 13 14 15 16 17 
3 4 5 6 7 8 9 10 11 12 13 16 17 
3 4 5 6 7 8 9 10 11 12 13 14 16 17 
3 4 5 6 7 8 9 10 11 12 13 14 16 17 
4 5 6 7 8 9 10 11 12 13 14 15 
3 4 6 7 8 9 10 11 12 13 14 15 16 17 
3 4 5 6 7 8 9 10 11 12 13 15 16 17 
3 4 5 7 8 9 10 11 12 13 14 15 
3 4 5 7 8 9 11 12 13 17 
4 7 8 9 11 12 13 16 17 
