4 6 7 8 9 12 13 
4 7 8 9 12 
4 6 7 8 9 11 
4 6 7 8 11 17 
4 6 7 8 10 11 13 14 15 17 
4 7 8 10 11 12 13 14 15 17 
4 6 7 8 9 12 13 
4 7 8 9 11 12 13 
3 4 7 8 9 11 12 13 
3 4 6 7 8 10 11 14 15 
3 4 6 7 8 14 15 
4 7 8 9 
4 7 8 9 
4 7 8 
4 7 8 11 
4 7 8 9 11 
4 7 8 9 11 12 15 
4 7 8 9 11 12 14 15 16 17 
4 7 8 11 12 13 14 15 16 17 
4 7 8 11 12 15 16 
4 7 8 11 12 15 16 
4 7 8 11 12 
4 8 10 11 12 
4 7 8 10 11 12 13 14 15 16 17 
4 7 8 9 10 11 12 13 14 15 16 17 
4 7 8 9 11 12 13 14 16 17 
4 7 8 9 11 12 13 15 17 
8 9 11 12 13 15 16 17 
8 9 12 13 16 17 
4 8 9 12 13 
4 8 9 12 13 
4 5 8 9 12 13 
4 5 8 9 
4 8 
4 8 9 
4 6 7 8 
4 6 8 10 
4 6 7 8 
4 8 
4 8 
4 7 8 
4 7 8 9 12 13 16 17 
4 6 7 8 9 12 13 16 17 
6 7 8 9 12 13 
6 7 8 9 12 
6 7 8 9 10 11 12 
6 7 8 9 11 
6 7 8 9 10 11 12 13 15 16 17 
4 6 7 8 9 12 13 14 15 16 17 
4 6 7 8 9 11 12 13 
4 6 7 8 9 11 12 15 16 
4 6 7 8 10 11 12 15 16 
4 6 8 10 11 12 15 16 
4 6 8 10 11 14 15 
4 8 
4 8 
4 6 7 8 10 11 12 
4 6 7 8 10 11 12 
4 6 8 10 11 12 15 
4 6 8 9 10 11 15 
4 6 7 8 10 
4 6 7 10 
4 6 7 9 10 
4 7 10 
4 7 9 
4 7 
4 9 
4 7 11 
7 9 11 
4 7 8 11 
4 7 8 11 
10 11 
10 11 13 14 15 17 
4 8 10 11 12 13 14 15 16 17 
4 10 14 
4 14 
4 7 8 9 12 13 16 17 
6 7 8 9 12 13 16 17 
4 6 8 9 10 12 13 16 17 
4 6 8 9 10 12 13 
4 6 8 10 12 
4 6 8 10 12 
4 8 10 
4 8 
4 8 9 13 
4 6 8 
4 8 9 
4 8 
4 8 9 
4 8 9 
4 8 9 
4 8 9 
4 8 9 
4 7 8 
4 7 8 
4 7 8 11 
4 7 8 11 15 
4 7 8 11 12 14 15 
4 7 8 11 12 15 16 
4 7 8 11 12 15 16 
4 7 8 11 12 14 15 16 
6 7 8 11 12 14 15 16 
4 7 8 9 11 12 
4 6 7 8 9 10 11 12 15 16 
4 7 8 9 15 
4 7 8 9 11 12 
4 7 8 9 11 12 
4 6 7 8 9 10 11 12 15 16 
4 7 8 9 11 12 13 14 15 16 
4 7 8 9 11 12 13 14 15 16 
4 6 7 8 9 10 11 15 
