5 7 8 9 11 12 13 15 16 17 
5 6 7 8 9 10 11 12 13 17 
6 7 8 9 10 11 12 13 14 15 16 17 
6 7 8 9 10 11 12 13 15 16 17 
5 6 7 8 9 10 11 12 13 14 15 16 
7 8 9 10 11 12 13 15 16 
7 8 9 11 13 14 15 16 17 
6 7 8 9 10 11 12 13 14 15 16 17 
7 8 9 10 11 12 13 14 15 16 
5 7 8 9 10 12 13 16 17 
5 6 7 8 9 10 11 
4 5 6 7 8 9 10 11 12 14 15 16 
4 5 6 7 8 9 10 11 12 13 14 15 16 17 
3 4 5 7 8 9 12 13 
2 3 5 6 7 8 9 10 11 12 
2 3 4 5 6 7 8 9 10 11 12 13 14 15 16 17 
4 5 6 7 8 9 11 12 13 15 16 
4 5 6 7 8 9 13 
3 4 6 7 8 9 10 
5 6 7 8 9 10 11 12 13 14 15 16 17 
4 5 6 7 8 9 10 11 12 13 
3 4 5 7 8 9 11 12 14 15 16 
2 3 4 5 6 7 8 9 10 11 12 13 14 15 16 17 
2 3 5 6 7 8 9 10 11 12 13 14 15 16 17 
5 6 7 8 9 10 11 12 13 
4 5 6 7 8 9 10 11 12 13 14 15 16 17 
4 5 6 7 8 9 10 11 12 13 14 15 16 17 
4 5 6 7 8 9 12 13 
3 4 5 6 7 8 9 10 11 12 
5 6 7 8 9 10 11 14 15 
4 5 6 7 8 9 10 11 12 13 14 15 16 
4 5 6 7 8 9 10 11 12 13 15 16 17 
4 5 6 7 8 9 10 11 12 
4 5 6 7 8 9 10 11 14 15 
6 7 8 9 11 12 13 15 16 17 
6 7 8 9 11 12 13 15 16 17 
5 6 7 8 9 10 11 12 13 15 16 17 
4 5 6 7 8 9 10 11 12 13 14 15 16 17 
3 4 5 6 7 8 9 10 11 13 17 
3 4 5 6 7 8 9 10 11 12 
4 5 6 7 8 9 10 11 
4 5 6 7 8 9 10 11 12 13 15 16 17 
4 5 6 7 8 9 10 11 13 17 
4 5 6 7 8 9 10 11 12 
5 6 7 8 9 10 11 
4 5 6 7 8 9 11 12 14 15 16 
3 4 5 6 7 8 9 10 11 12 13 14 15 16 17 
5 6 7 8 9 10 11 12 13 
4 5 6 7 8 9 10 11 12 13 15 16 17 
3 4 5 6 7 8 9 10 11 12 13 15 16 17 
3 4 5 6 7 8 9 10 11 12 13 14 15 16 17 
6 7 8 9 11 12 13 17 
5 6 7 8 9 10 11 12 13 14 15 16 17 
4 5 7 8 9 10 11 12 13 14 15 16 17 
4 5 7 8 9 10 11 12 13 14 15 16 
5 6 7 8 9 10 11 12 13 
4 5 6 7 8 9 10 11 12 14 15 16 
4 6 7 8 9 12 13 15 16 17 
6 7 8 9 10 11 12 13 14 15 17 
6 7 10 11 12 13 14 15 16 17 
5 9 12 13 15 16 17 
4 5 8 9 11 12 13 15 16 17 
4 5 6 7 8 9 10 11 12 13 14 15 16 17 
6 7 8 10 11 12 13 14 15 16 17 
5 9 12 13 
4 5 8 9 11 12 13 14 15 16 17 
4 7 8 9 11 12 13 15 16 17 
5 6 7 8 9 10 11 12 13 14 15 16 17 
4 6 7 8 9 10 11 12 13 14 15 16 17 
6 7 8 9 10 11 12 13 16 17 
5 6 7 8 9 10 11 
4 5 6 7 8 9 10 11 12 14 15 16 
4 5 7 8 9 13 15 16 17 
6 7 8 9 10 11 12 
6 7 8 9 10 11 12 
4 5 7 8 9 11 12 13 15 16 17 
3 4 5 6 7 8 9 10 11 12 13 16 17 
3 4 6 7 8 9 10 11 12 13 15 16 17 
3 5 6 7 8 9 12 13 16 17 
6 7 8 9 10 11 12 14 15 16 
5 6 7 8 9 10 11 12 13 14 15 16 17 
4 5 8 9 10 13 15 16 17 
4 5 6 7 8 9 14 15 16 
6 7 8 9 10 13 15 16 17 
7 8 9 10 11 12 13 14 15 16 17 
7 9 10 11 14 15 
7 8 9 10 11 12 13 14 15 16 
7 8 9 10 11 12 13 14 15 
8 9 11 12 13 15 16 17 
7 8 9 11 13 
6 7 8 9 10 11 12 14 15 16 
7 8 9 10 11 12 13 15 16 17 
6 7 8 9 10 
5 6 7 8 9 10 11 
5 8 9 10 
5 6 7 8 9 11 12 
5 6 7 8 9 10 11 
4 5 6 7 8 9 10 11 12 14 15 16 
4 6 7 8 10 11 12 13 15 16 
7 9 12 13 14 15 16 17 
5 7 8 9 13 17 
4 5 6 7 8 9 10 11 14 15 16 17 
4 5 7 8 9 10 11 12 13 15 16 17 
5 7 8 9 11 12 13 15 16 17 
4 5 6 7 8 9 11 12 13 16 17 
6 7 8 10 11 12 
6 7 8 9 10 13 15 16 17 
7 8 11 12 13 14 15 16 17 
5 6 7 9 10 11 12 13 14 15 16 17 
4 5 8 9 13 17 
4 5 7 8 9 11 12 13 15 16 17 
5 6 7 8 9 10 11 12 13 14 15 16 17 
5 6 7 8 9 11 12 13 16 17 
