2 3 4 5 7 8 9 11 
2 3 4 5 6 7 8 9 11 12 15 16 
2 3 4 5 6 7 8 11 12 15 16 17 
2 3 4 6 7 8 
2 3 4 6 7 8 11 
2 4 7 8 9 11 12 13 15 16 
2 4 7 8 11 12 13 15 16 17 
2 3 4 7 8 9 16 17 
2 3 4 7 8 
2 3 4 8 
2 3 4 8 
2 3 6 7 
2 3 6 7 
2 3 6 7 8 10 11 12 
2 6 7 8 10 11 12 15 16 17 
2 7 10 11 12 14 15 16 
2 11 12 15 16 
2 5 6 16 17 
2 3 5 6 7 
2 3 6 7 
7 9 11 
2 4 7 8 11 12 15 16 
2 11 12 15 16 17 
2 8 9 12 13 
2 6 8 9 12 13 
2 3 4 6 7 8 
2 3 4 6 7 8 9 12 13 17 
2 3 5 6 7 8 9 11 12 
2 3 4 5 7 8 11 12 15 16 
2 3 7 11 12 15 16 17 
2 3 
2 3 9 
2 3 9 
2 3 5 6 7 9 
2 3 6 7 9 
2 7 9 11 
2 7 8 9 11 12 16 
2 3 8 9 12 13 16 17 
2 3 5 8 9 13 
2 3 4 5 7 8 9 
2 3 4 5 7 8 9 13 
2 3 4 5 7 8 9 
2 3 4 5 6 7 8 9 
2 3 4 5 7 8 9 13 
2 3 7 8 9 12 13 
2 3 4 7 8 9 11 12 13 16 
2 3 4 5 6 7 8 9 12 13 16 17 
2 3 4 5 6 7 8 9 12 13 
2 3 4 6 7 8 9 11 
2 3 4 7 8 9 11 12 13 15 16 
2 3 4 7 8 9 11 12 13 15 16 17 
2 3 4 5 7 8 9 13 17 
2 3 4 5 7 8 9 12 13 
2 3 7 8 9 12 13 
2 3 7 8 9 
2 3 4 7 8 9 13 17 
2 3 4 7 8 9 11 12 13 
2 3 4 6 7 8 9 11 12 13 16 17 
2 3 4 6 7 8 12 13 16 17 
2 3 4 6 7 8 
2 3 6 7 8 9 13 
2 3 4 6 7 8 9 10 11 
2 3 4 6 7 8 10 11 12 15 16 
2 3 7 11 12 13 15 16 17 
2 3 6 7 8 9 12 13 16 17 
2 3 6 7 8 9 13 
2 3 4 6 7 8 9 10 
2 3 4 7 8 9 11 13 
2 3 4 6 7 8 9 11 12 13 15 16 
2 3 4 7 8 9 11 12 13 15 16 17 
2 3 4 5 7 8 9 13 
2 3 4 5 7 8 9 11 12 13 
2 3 4 5 6 7 8 9 11 12 13 
2 3 4 5 6 7 8 9 12 16 17 
2 3 4 5 6 7 8 9 10 17 
2 3 4 5 6 7 8 9 11 
2 3 4 7 8 11 12 15 16 
2 3 5 6 9 13 16 17 
2 3 5 6 9 13 
2 3 5 6 8 9 13 
2 3 6 8 
2 3 4 7 8 
2 3 4 6 7 8 
2 3 6 7 10 11 14 15 
2 3 6 7 10 11 14 15 
2 3 6 7 8 10 11 12 14 15 16 
3 6 7 8 9 10 11 12 13 14 15 16 17 
2 3 6 7 8 9 10 11 12 13 14 15 16 17 
2 3 11 12 13 15 16 17 
2 3 11 12 13 15 16 17 
2 3 
2 3 7 
2 3 6 7 10 
2 3 6 7 10 
2 6 7 9 10 11 12 13 15 16 
2 8 9 12 13 16 17 
2 8 
2 3 4 7 8 
2 3 4 7 8 
2 3 4 7 8 
2 3 4 7 8 9 11 12 13 
2 3 4 7 8 9 11 12 13 16 17 
2 3 4 8 12 13 16 17 
2 3 4 7 8 
2 3 4 7 8 
2 3 7 
2 3 6 7 10 11 
2 3 6 7 10 11 
2 3 6 7 10 11 14 15 
2 3 6 7 8 10 11 12 14 15 16 
2 3 6 7 8 10 11 12 14 15 16 
2 3 6 7 8 10 11 12 13 14 15 16 17 
4 5 7 8 9 11 12 13 15 16 17 
2 3 4 5 8 9 11 12 13 15 16 17 
2 3 4 5 8 9 16 17 
2 3 4 5 8 9 13 
2 3 4 5 8 9 13 
2 4 5 8 9 13 
2 3 4 5 7 8 9 13 
2 3 4 5 7 8 9 
2 3 4 7 8 
2 3 4 
3 4 5 8 9 12 13 17 
3 4 5 8 9 12 13 
8 
