2 3 6 7 8 9 10 13 17 
2 3 6 7 8 9 10 11 12 13 14 15 
2 3 6 7 8 10 11 12 13 14 15 16 17 
2 3 6 7 8 9 12 13 15 16 17 
2 3 6 7 8 9 10 11 13 14 15 16 
2 3 6 7 8 9 10 11 12 13 15 16 
2 3 6 7 8 9 10 11 12 15 16 17 
2 3 4 6 7 8 9 10 11 12 13 
2 3 4 6 7 8 9 10 11 12 13 14 15 16 
2 3 6 7 8 9 11 12 13 15 16 17 
2 3 4 7 8 9 10 11 12 13 14 15 17 
2 3 6 7 8 9 12 13 
2 3 6 7 8 9 10 11 
2 3 6 7 8 10 11 
2 3 6 7 8 9 10 11 12 13 15 16 17 
2 3 6 7 8 9 10 11 12 13 15 16 17 
2 3 6 7 8 9 10 11 12 13 15 16 
2 3 6 7 8 9 10 11 12 13 14 15 16 17 
2 3 6 7 8 9 10 11 12 13 14 15 16 17 
2 3 6 7 8 9 10 11 12 13 14 15 16 17 
2 3 6 7 8 9 10 11 12 13 14 15 16 
2 3 6 7 8 9 10 11 12 13 16 17 
2 3 6 7 8 9 10 11 12 13 15 16 17 
2 3 6 7 8 9 10 11 12 13 15 16 17 
2 3 6 7 8 9 10 11 12 13 15 16 
2 3 6 7 8 9 10 11 12 13 15 16 17 
2 3 6 7 8 9 10 11 13 
2 3 6 7 8 9 10 11 12 13 15 16 17 
2 3 6 7 8 10 11 12 13 14 15 16 17 
2 3 6 7 8 9 10 11 12 13 14 15 16 
2 3 6 7 8 9 11 12 13 15 16 17 
2 3 6 7 8 9 10 13 17 
2 3 6 7 8 9 10 11 12 13 15 
2 6 7 8 10 11 12 13 14 15 16 17 
2 3 6 7 8 9 13 
3 6 7 8 9 10 11 12 13 
2 3 6 7 8 9 10 11 12 13 14 15 16 17 
2 3 6 7 8 9 10 11 12 13 14 15 16 17 
2 3 6 7 8 9 10 11 12 13 15 16 17 
2 3 6 7 8 10 11 12 13 14 15 16 17 
2 3 6 7 8 9 11 12 13 15 16 
2 3 6 7 8 9 11 12 13 15 16 17 
2 3 6 7 8 10 11 14 15 
2 3 6 7 8 9 10 11 12 13 15 16 
2 3 6 7 8 9 10 11 12 13 15 16 17 
2 3 4 6 7 8 9 10 11 12 13 14 15 16 17 
2 3 6 7 8 9 10 11 12 13 14 15 16 
2 3 6 7 8 10 11 12 14 15 16 
2 6 7 8 9 10 11 12 13 14 15 16 17 
2 3 6 7 8 9 10 11 12 13 14 15 16 
2 3 6 7 8 9 10 11 12 13 14 15 16 17 
2 3 6 7 8 9 10 11 12 13 14 15 16 17 
2 3 6 7 8 9 10 11 12 13 14 15 16 17 
2 3 6 7 8 9 10 11 12 13 14 15 16 17 
2 3 4 6 7 8 10 11 
2 3 6 7 8 9 10 11 12 13 14 15 16 
2 3 6 7 8 9 10 11 12 13 14 15 16 17 
2 3 6 7 8 10 11 12 15 16 17 
2 6 7 8 9 10 11 12 13 14 15 16 17 
2 6 7 8 9 10 11 12 13 15 16 17 
2 3 6 7 8 10 11 12 13 15 16 17 
2 3 6 7 8 9 10 11 12 13 14 15 16 17 
2 3 6 7 8 9 11 12 13 14 15 16 17 
2 3 6 7 8 10 11 
2 3 6 7 8 10 11 12 14 15 16 
2 3 6 7 8 9 10 11 12 13 14 15 16 17 
2 6 7 8 9 10 11 13 15 16 17 
2 6 7 8 10 11 12 13 14 15 16 17 
2 3 6 7 8 9 10 11 12 13 15 16 17 
2 3 6 7 8 9 10 11 12 13 15 16 17 
2 6 7 8 9 11 12 13 15 16 17 
2 3 6 7 8 9 10 11 13 14 15 16 
2 3 6 7 8 9 10 11 12 13 15 16 
2 6 7 8 9 11 12 15 16 17 
2 6 7 8 9 10 11 12 13 
2 3 6 7 8 9 10 11 12 13 14 15 16 
2 3 6 7 8 9 10 11 12 13 14 15 16 17 
2 3 6 7 8 9 10 11 12 13 14 15 16 17 
2 3 6 7 8 9 10 11 13 14 15 16 
2 3 6 7 8 9 10 11 12 13 15 16 17 
2 3 6 7 8 9 10 11 12 13 14 15 16 17 
2 3 6 7 8 9 10 11 12 13 14 15 16 17 
2 3 6 7 8 9 10 11 12 13 15 16 
2 3 6 7 8 9 10 11 12 13 14 15 16 17 
2 3 6 7 8 10 11 12 13 14 15 16 17 
2 3 6 7 8 9 10 11 12 13 15 16 
2 3 6 7 8 9 10 11 13 14 15 16 17 
2 6 7 8 9 10 11 12 13 14 15 16 17 
2 6 7 8 9 11 12 13 15 16 17 
2 6 7 8 9 13 
6 7 8 10 11 14 15 16 
2 3 6 7 10 11 12 13 14 15 16 
2 3 6 7 8 9 12 13 15 16 17 
2 6 10 11 14 15 
6 7 10 11 14 15 
6 7 8 9 10 11 12 13 14 15 16 
7 8 9 11 12 13 14 15 16 17 
