6 7 8 9 12 13 
2 6 7 8 9 12 
2 6 7 8 9 12 13 17 
2 6 7 8 9 12 13 
6 7 8 9 12 
3 7 8 9 
3 7 9 
3 6 7 9 13 17 
3 6 7 8 9 12 13 17 
2 3 6 7 8 9 12 13 
2 3 6 7 8 9 12 
2 3 6 7 9 
7 9 13 17 
6 7 8 9 12 13 17 
2 3 6 7 8 9 12 13 17 
2 3 6 7 8 9 12 13 16 17 
2 6 8 9 12 13 
2 6 7 9 11 13 17 
2 6 7 9 11 13 17 
2 6 7 8 9 12 13 17 
6 7 8 9 12 13 17 
2 3 6 7 8 9 12 13 16 17 
2 3 6 7 8 12 13 
2 6 7 
3 6 7 8 9 11 12 13 17 
2 3 6 7 8 9 12 13 
2 3 6 7 8 9 12 13 
2 3 6 7 8 9 13 
2 6 7 8 12 
2 6 7 8 
2 3 6 7 
2 3 6 7 
3 7 13 17 
3 7 8 9 12 13 17 
3 7 8 9 12 13 
7 8 11 12 13 17 
7 12 13 16 17 
6 7 8 12 
6 7 11 13 17 
6 7 12 13 16 17 
2 6 7 12 
3 6 7 11 
3 6 7 11 
2 3 6 7 
3 6 7 
3 6 7 
6 12 13 16 17 
2 3 6 8 12 13 16 17 
6 
7 11 
7 
2 6 7 
2 6 7 12 13 17 
2 6 7 8 12 13 
2 6 7 11 
2 6 7 11 13 17 
6 7 12 13 17 
6 7 8 9 12 13 
6 7 11 
6 7 
2 6 7 
2 6 7 12 13 16 17 
2 6 7 8 12 13 16 17 
2 6 8 9 12 13 17 
2 6 7 8 9 11 12 13 
2 6 7 8 12 
6 7 12 13 16 17 
6 7 8 9 12 13 16 17 
6 7 8 9 11 12 13 
2 3 6 7 8 12 13 16 17 
2 3 6 7 8 12 13 
2 6 7 11 
3 6 7 11 
2 3 6 7 9 13 17 
2 3 6 7 8 9 12 13 
3 6 7 8 12 13 17 
3 6 7 12 13 16 17 
2 3 6 7 8 12 
2 3 6 7 8 9 11 12 13 17 
3 7 8 9 12 13 
3 6 7 8 12 
3 6 7 
2 3 6 7 13 17 
2 3 6 7 8 9 12 13 17 
2 3 6 7 8 9 12 13 
2 3 6 7 8 9 12 13 17 
2 6 7 8 9 12 13 17 
2 6 7 8 9 12 13 
6 7 8 9 12 13 
3 7 9 13 17 
3 7 9 12 13 17 
2 3 7 8 9 12 13 
3 7 9 11 13 17 
3 7 9 11 12 13 16 17 
3 7 8 9 12 13 
3 6 7 8 9 11 13 17 
3 6 7 8 9 11 12 13 16 17 
2 3 6 7 8 9 12 13 16 17 
2 3 6 7 8 12 13 
2 6 7 8 11 
2 3 6 7 8 11 
2 3 6 7 8 
2 3 6 7 8 
2 3 6 7 8 
2 3 4 6 7 8 
2 6 
2 6 12 13 16 17 
2 3 6 8 12 13 
2 6 7 9 11 13 17 
7 8 9 12 13 17 
2 3 6 7 8 9 12 13 
2 3 6 7 8 9 12 13 
2 3 6 8 12 
2 6 8 9 12 13 16 17 
2 3 6 7 8 9 12 13 
3 7 8 9 11 12 13 16 17 
2 3 7 8 9 12 13 
3 7 8 9 11 12 13 
3 6 7 8 11 12 13 
2 3 6 7 8 9 12 13 17 
2 3 6 7 8 9 12 13 16 17 
2 3 6 7 8 9 12 13 
2 3 6 7 8 11 12 
2 3 6 7 11 
2 3 6 7 8 9 12 13 16 17 
2 3 6 7 8 9 12 13 
2 3 6 7 13 17 
2 3 6 7 8 9 11 12 13 17 
2 3 6 7 8 9 12 13 
2 3 6 7 8 12 
2 3 6 7 
2 3 6 7 8 
2 3 6 7 
2 3 6 7 8 9 12 13 17 
2 3 6 7 8 9 12 13 
2 3 6 7 
2 3 6 7 12 13 16 17 
3 6 7 8 12 13 16 17 
2 3 6 7 8 12 13 17 
2 3 6 7 8 9 12 13 
2 3 6 7 8 9 12 13 
2 3 6 7 8 9 12 13 
2 3 6 7 8 9 12 13 17 
2 3 6 7 8 9 12 13 
