2 3 4 5 7 8 9 11 12 15 
3 4 5 7 8 9 11 12 14 15 16 
3 4 5 7 8 16 
2 3 4 5 6 7 8 11 12 15 16 
2 5 6 7 8 10 11 12 14 15 
5 8 9 12 14 16 
4 16 
4 
2 4 8 9 
3 4 8 9 13 16 17 
3 7 12 13 16 17 
3 7 
2 3 6 7 10 11 
2 6 7 10 11 14 
5 9 
5 9 
5 
4 
4 8 
4 5 8 9 12 
2 5 8 9 12 16 
5 9 
4 5 9 
2 4 5 
3 4 5 7 8 
3 4 5 7 8 9 
3 4 5 7 8 11 12 15 
2 3 4 5 9 11 15 
3 4 5 7 8 
3 4 5 6 7 8 9 10 11 12 13 
4 6 7 8 9 10 11 12 13 16 17 
3 4 7 8 
3 4 5 7 8 11 12 
3 4 5 7 8 11 12 15 
3 4 7 8 9 
3 4 5 6 7 8 9 10 11 
3 4 5 8 10 11 12 14 15 16 
3 4 5 7 9 11 12 13 15 16 
3 4 5 7 9 11 
2 3 4 5 7 9 11 14 15 
2 3 4 5 7 9 
3 4 5 6 7 8 9 10 11 
4 5 6 7 8 9 10 11 12 13 
2 4 5 8 9 12 13 17 
2 4 5 8 9 
4 5 7 8 12 16 
3 4 5 7 8 9 12 16 
2 3 4 5 6 7 8 9 10 11 12 
2 3 4 5 6 7 8 9 10 11 12 14 15 16 
2 3 4 5 6 7 8 9 10 11 12 14 15 16 
4 5 6 7 8 9 10 11 12 13 14 15 16 17 
4 5 12 13 16 17 
4 5 8 9 
4 5 8 9 12 13 16 17 
3 4 5 8 12 13 16 17 
3 4 5 7 8 9 12 16 
3 4 5 7 8 9 11 12 16 
3 4 5 7 8 9 11 12 15 
3 4 5 6 7 8 9 10 11 12 13 15 16 17 
3 4 5 6 7 8 9 10 11 12 13 14 16 17 
3 4 5 7 8 9 13 16 
3 4 5 7 8 9 12 13 
3 4 5 6 7 8 9 10 11 12 13 16 17 
2 3 4 5 7 8 9 10 11 12 13 14 15 16 
3 4 5 7 8 9 11 12 13 15 16 17 
3 4 5 7 8 9 11 12 13 15 16 17 
3 4 7 8 9 11 12 13 14 15 16 17 
3 4 7 8 9 11 12 13 16 17 
3 4 6 7 8 9 10 11 12 13 16 17 
3 4 5 7 8 9 11 12 13 14 15 16 17 
3 4 5 6 7 8 9 10 11 12 13 15 
3 4 5 6 7 8 9 10 11 12 13 15 16 17 
3 4 7 8 15 16 
3 4 5 7 8 9 
3 4 5 7 8 9 11 12 15 
4 5 6 7 8 9 10 11 12 14 15 16 
2 4 5 8 14 
2 3 4 8 12 13 16 17 
3 4 7 8 9 12 13 16 17 
3 4 5 7 8 9 11 12 13 16 17 
3 4 5 7 9 10 11 14 15 16 17 
2 3 4 5 6 7 8 
2 3 4 5 6 7 8 9 10 11 12 14 
4 5 7 8 9 10 11 12 14 15 
5 7 9 11 15 
2 3 5 6 7 9 10 11 13 
2 3 4 5 6 7 9 10 11 14 15 
3 4 5 6 7 9 10 11 14 15 
3 4 5 8 
3 4 5 8 9 12 
3 4 5 7 8 9 12 15 16 
3 4 5 7 8 11 
3 4 5 7 8 9 10 11 12 14 15 
4 5 7 8 10 11 12 14 15 
2 4 5 
2 3 4 5 9 
2 3 4 5 7 8 
2 3 4 7 8 
3 4 6 7 8 11 12 
2 3 4 5 6 7 8 9 10 11 12 14 15 16 
3 4 5 6 7 8 9 10 11 14 15 16 
3 4 5 6 7 8 9 10 11 12 13 14 15 
3 4 5 7 8 9 11 12 13 16 17 
3 4 5 7 8 11 12 15 16 
3 4 5 6 7 8 9 10 11 12 14 15 
3 4 5 7 8 9 12 14 16 
2 3 4 5 6 7 8 10 11 12 14 15 16 
3 4 5 7 8 9 10 11 12 14 15 16 
3 4 5 7 8 9 12 13 16 17 
3 4 5 6 7 8 10 11 12 13 14 15 16 17 
3 4 7 8 10 11 12 14 15 16 
3 4 5 6 7 8 9 10 11 12 13 14 15 16 
3 4 5 7 8 9 11 12 13 14 15 16 17 
2 3 4 5 7 8 9 12 13 
2 3 5 7 8 9 11 12 13 16 17 
3 4 5 6 7 10 11 14 15 
3 4 5 7 9 
3 4 5 6 7 8 9 
3 4 5 6 7 8 10 12 16 
3 4 5 7 8 9 11 12 14 15 16 
3 4 5 7 8 9 11 12 13 15 16 17 
4 7 8 9 11 12 13 15 16 17 
