4 5 9 14 15 
4 5 6 7 10 11 14 15 
3 4 5 6 7 9 11 13 16 17 
3 5 7 8 9 12 13 16 17 
3 4 5 7 8 9 12 13 
3 4 5 8 9 
4 5 6 8 10 13 14 15 17 
2 3 4 5 6 7 9 10 11 12 13 14 15 16 17 
2 3 4 5 6 7 8 9 11 12 13 15 16 17 
2 3 4 5 7 8 9 11 12 13 16 17 
2 3 4 5 7 8 9 12 13 16 17 
3 4 5 8 9 12 13 
3 4 5 6 7 8 10 11 14 15 
2 3 4 5 6 7 8 10 11 
2 3 4 5 6 7 10 14 
2 3 4 6 7 10 11 14 15 
2 3 6 7 10 11 12 14 15 16 
2 3 4 6 7 8 11 12 
3 4 6 7 8 10 11 14 
2 3 4 6 7 8 10 11 16 17 
3 4 7 8 9 12 13 16 17 
3 4 6 7 8 9 10 11 12 13 14 15 
2 3 4 6 7 8 10 11 14 15 
3 4 7 8 10 11 12 14 15 16 17 
3 4 7 8 9 11 12 13 14 15 16 17 
3 4 6 7 8 9 10 11 12 13 14 15 
2 3 4 6 7 8 10 11 12 13 14 17 
2 3 4 6 7 8 9 10 11 12 13 14 15 16 
2 3 4 5 6 7 8 9 10 11 12 14 15 
2 3 4 5 6 7 8 11 12 13 15 16 17 
3 4 5 7 8 11 12 13 14 15 16 17 
3 4 5 6 7 8 9 10 11 12 13 14 17 
3 4 5 6 7 8 9 13 
3 4 5 7 8 9 12 13 16 17 
3 4 5 8 9 10 11 12 13 14 15 
4 5 7 8 10 11 12 13 14 15 16 17 
2 3 4 5 7 8 9 10 11 12 13 14 16 17 
2 3 4 6 7 8 9 10 12 13 
2 3 4 6 7 8 9 12 13 16 17 
3 4 8 9 10 11 12 13 14 15 17 
4 5 7 8 9 10 11 13 14 15 17 
3 4 5 6 7 8 9 10 11 14 
2 3 4 5 6 7 9 
2 3 4 5 6 7 
3 4 5 12 13 14 16 17 
6 7 8 9 10 11 12 13 14 
3 4 6 7 8 
2 3 4 7 8 13 17 
3 4 9 12 13 14 15 16 17 
4 5 7 8 9 11 12 13 14 15 16 17 
2 4 5 6 7 8 9 10 11 12 13 
2 3 4 5 6 7 8 14 
3 4 5 6 7 8 10 11 14 
3 4 6 7 
2 3 6 7 10 11 14 
2 3 6 7 10 11 
2 3 6 7 10 11 14 
3 6 7 10 11 
2 3 7 
2 3 6 10 14 
2 3 4 6 7 10 11 14 15 
2 3 6 7 10 11 14 15 
3 7 11 
3 7 
3 
3 4 8 9 12 13 16 17 
3 4 8 9 12 13 
2 4 7 8 11 12 15 16 
4 6 7 8 11 12 15 16 
3 4 7 8 11 12 
3 4 6 7 8 10 11 14 15 
2 3 4 6 7 9 10 11 13 14 15 17 
2 3 5 6 7 9 11 12 13 15 16 17 
4 5 7 8 9 11 12 13 16 17 
4 5 6 7 8 9 10 11 12 13 14 
3 4 5 6 7 8 9 
2 3 4 7 
3 6 10 11 14 15 
2 7 8 9 10 11 12 13 14 15 16 17 
2 3 4 7 8 9 11 12 13 15 16 17 
2 3 4 6 7 8 9 10 11 12 13 14 15 16 17 
2 3 4 5 6 7 8 9 10 11 12 13 
2 3 4 5 6 7 8 9 14 
2 3 4 5 6 7 10 11 12 13 14 16 17 
2 3 5 6 7 8 9 10 11 12 13 14 15 16 17 
3 4 7 8 9 10 11 12 13 14 15 
3 4 6 7 8 11 12 16 17 
3 4 7 8 10 12 14 16 
3 4 6 7 8 9 10 11 12 13 14 15 16 17 
2 3 4 6 7 8 10 11 12 13 14 15 16 17 
3 4 7 8 9 10 11 12 13 14 15 17 
3 4 5 6 7 8 9 10 11 12 13 14 15 16 
2 3 4 5 6 7 8 9 11 12 15 16 
3 4 5 6 7 8 9 10 11 12 13 14 15 16 17 
2 3 4 5 6 7 8 9 10 11 12 13 15 16 
2 3 4 5 6 7 8 9 10 11 12 13 14 15 16 17 
2 3 4 6 7 8 9 10 11 12 13 14 15 
3 4 5 6 7 8 9 11 12 15 16 
3 4 5 7 8 9 11 12 15 16 
2 3 4 5 7 8 11 12 
2 3 4 5 6 7 8 10 11 12 13 14 16 17 
2 3 4 6 7 8 9 12 13 16 17 
2 3 4 5 6 7 8 9 11 12 15 16 
2 4 5 6 7 8 9 11 12 13 15 16 17 
2 4 5 6 7 8 9 11 12 13 15 16 17 
3 4 5 7 8 9 11 12 13 15 16 
3 4 7 8 12 13 17 
2 4 8 9 10 11 12 13 14 15 16 17 
2 3 4 5 7 8 9 10 11 12 13 14 15 16 17 
2 3 4 5 7 8 9 11 12 13 
2 3 4 5 6 7 8 
2 3 4 5 6 7 8 10 11 14 15 16 
2 3 4 5 6 7 8 10 11 12 14 15 16 
2 3 4 6 7 8 11 12 13 16 17 
3 4 6 7 8 9 10 11 12 13 16 17 
3 4 6 7 8 9 10 11 12 13 16 17 
2 3 4 6 7 8 9 10 12 13 14 16 17 
2 3 4 6 7 8 9 10 12 13 17 
2 3 4 5 6 7 8 9 10 11 13 14 15 
2 3 4 5 6 7 8 9 10 11 12 13 14 15 16 17 
2 3 4 5 7 8 9 10 11 12 13 14 15 16 17 
3 4 5 6 7 8 10 11 14 15 16 
3 4 5 7 8 10 11 12 14 15 16 
2 3 4 6 7 8 10 11 12 13 14 15 16 17 
2 3 4 6 7 8 9 10 11 12 13 15 16 17 
2 3 4 6 7 8 9 11 12 13 15 16 17 
3 4 7 8 9 11 12 13 14 16 17 
3 4 6 7 8 9 10 11 12 13 14 15 16 17 
2 3 4 6 7 8 9 11 12 13 15 16 17 
3 4 5 7 8 9 13 
3 4 5 6 7 8 9 10 11 12 14 15 16 
2 3 4 5 6 7 8 10 11 12 14 15 16 
2 3 4 5 6 7 8 11 12 15 16 
