4 5 6 7 8 9 10 11 12 13 14 15 16 17 
3 4 5 7 8 9 12 13 16 17 
3 4 5 6 7 8 9 10 11 12 15 16 
3 4 5 6 7 8 9 10 11 12 13 15 16 
3 4 5 6 7 8 9 10 11 12 13 17 
4 5 6 7 8 9 
4 5 6 7 8 9 10 11 13 15 16 17 
3 4 5 7 8 9 13 
3 4 5 6 7 8 10 11 
2 3 5 6 7 10 11 14 15 
4 5 8 9 11 12 13 14 15 
4 5 8 9 11 12 13 15 16 17 
4 5 6 7 8 9 10 11 12 13 16 17 
3 4 5 6 7 8 9 10 13 14 15 
3 4 5 7 8 9 10 11 12 13 15 16 
4 5 6 7 8 9 12 13 
3 4 5 7 8 9 
2 3 4 5 6 7 8 12 14 15 16 
4 5 6 7 8 9 12 13 
3 4 5 6 7 8 9 10 
3 4 5 6 7 8 9 12 14 15 16 
4 5 6 7 8 9 10 11 12 13 15 16 17 
3 4 5 6 7 8 9 10 11 13 17 
3 4 5 6 7 8 
5 6 
4 5 10 11 14 15 
3 4 5 7 8 9 11 12 13 15 16 17 
3 4 5 6 7 8 9 11 12 14 15 16 
4 5 6 7 8 9 11 12 13 15 16 
4 5 8 9 12 13 14 15 16 17 
3 4 5 6 7 8 9 12 13 16 17 
3 4 5 6 7 8 9 10 
3 4 5 6 7 8 10 13 15 16 17 
3 4 5 6 7 8 9 10 11 12 13 15 16 
2 3 4 5 6 7 8 9 12 13 
2 3 4 5 6 7 8 9 13 15 16 17 
5 7 9 10 13 
4 5 7 8 11 12 13 14 17 
3 4 5 7 8 9 12 
2 3 4 5 6 7 8 9 
3 4 5 6 7 8 9 10 14 
3 4 5 6 7 8 10 11 12 13 14 15 16 17 
3 4 5 6 7 8 9 10 12 13 
3 4 5 6 7 9 
3 4 5 6 7 8 9 
3 4 5 6 7 8 11 12 13 15 16 17 
3 4 5 6 7 8 9 10 12 13 16 17 
3 4 5 7 8 9 10 13 
3 4 5 6 7 8 12 13 14 15 16 17 
3 4 5 6 7 8 9 10 11 12 13 14 15 
3 4 5 7 8 9 10 11 12 15 16 
3 4 5 6 7 8 9 12 13 16 17 
4 5 6 7 8 9 10 13 
3 4 5 6 7 8 10 11 
2 3 4 5 6 7 8 11 12 14 15 
2 3 5 6 7 8 9 10 12 14 15 16 
5 9 10 12 13 17 
4 5 9 
3 4 5 7 8 12 13 16 17 
3 4 5 6 7 8 13 17 
4 5 6 7 8 9 10 11 12 13 14 15 16 17 
3 4 5 7 8 9 10 11 12 13 14 15 16 17 
2 3 5 6 7 8 9 10 11 12 13 
4 5 6 7 8 9 10 11 12 14 15 16 
3 4 5 7 8 9 11 12 13 14 15 16 
4 5 7 8 9 10 11 12 13 14 15 17 
3 4 5 6 7 8 9 10 12 13 
3 4 5 7 8 9 10 11 14 15 
3 4 5 7 8 9 11 12 13 15 16 17 
3 4 5 7 8 9 12 13 17 
2 3 5 6 7 9 10 
4 5 8 10 11 14 15 
4 5 7 8 11 12 
4 5 7 8 9 10 13 15 16 
3 4 5 7 8 9 11 12 15 16 
3 4 5 6 7 8 9 11 12 13 15 16 17 
3 4 5 6 7 8 9 10 13 
3 4 5 6 7 8 
3 4 5 6 7 8 10 11 14 15 
3 4 5 6 7 8 9 10 11 12 13 15 16 
3 4 5 6 7 8 9 11 12 13 14 
3 4 5 8 9 12 
2 3 4 5 6 7 8 9 
2 3 4 5 6 7 8 9 10 11 12 13 14 15 16 17 
4 5 6 7 8 9 12 13 17 
3 4 5 7 8 9 10 11 14 15 
2 3 4 5 6 7 8 9 11 12 15 
2 3 4 5 6 7 8 9 10 11 14 15 
3 4 5 7 8 9 10 11 12 13 14 15 16 17 
2 3 5 6 7 8 9 12 13 16 17 
4 5 6 7 9 10 11 12 13 14 15 16 17 
3 4 5 7 8 9 10 11 12 13 14 15 16 
3 4 5 6 7 8 9 12 13 
4 5 6 7 8 9 10 11 14 15 
3 4 5 6 7 8 9 10 11 12 
3 4 5 6 7 8 9 10 
3 4 5 6 7 8 9 10 
2 3 4 5 6 7 8 9 
3 4 5 6 7 8 10 11 13 14 15 17 
3 4 5 6 7 8 9 10 11 12 13 14 15 16 17 
3 4 5 6 7 8 9 12 13 
2 3 4 5 6 7 8 9 10 11 
2 3 4 5 6 7 8 9 10 11 14 15 16 
4 5 8 9 11 12 13 16 17 
3 4 5 7 8 9 10 11 12 13 14 15 16 17 
3 4 5 6 7 8 9 10 11 12 13 14 15 16 
6 7 8 9 10 12 13 
5 9 13 16 
5 7 8 9 11 12 13 14 
4 5 7 8 9 11 12 
4 5 8 9 
4 5 6 7 8 9 12 14 15 16 
4 5 6 7 8 9 10 11 12 13 15 16 17 
3 4 5 7 8 9 12 13 16 17 
3 4 5 6 7 8 9 10 11 13 14 15 
2 3 4 5 6 7 8 9 10 11 12 14 15 16 
2 3 4 5 6 7 8 9 10 11 12 13 14 15 16 17 
4 5 6 7 8 9 11 12 13 15 
4 5 6 8 9 10 11 12 15 16 
4 5 7 8 9 11 12 13 15 16 17 
4 5 6 7 8 9 10 11 12 13 14 15 16 17 
4 6 7 8 9 10 11 12 13 14 15 16 
