2 7 8 9 11 12 
3 6 7 9 
6 7 8 9 11 12 13 17 
2 3 6 7 8 9 12 13 17 
2 6 7 8 9 11 12 13 
2 6 7 8 9 11 12 13 
2 6 7 9 12 13 17 
2 3 6 7 8 9 12 13 
2 3 6 7 8 11 12 
2 3 6 7 8 11 12 
2 6 7 
2 6 7 
6 7 
2 3 6 7 
2 3 6 7 
2 3 6 7 9 13 
2 3 6 7 9 13 
2 3 6 7 9 13 
2 3 9 
3 9 
2 3 9 
2 3 9 
9 
8 9 12 13 16 17 
2 3 8 9 12 13 
7 8 9 12 13 
6 7 8 9 12 13 16 17 
2 3 6 7 8 9 12 13 
2 3 6 7 8 9 12 13 17 
2 3 6 7 8 9 12 13 
2 3 6 7 8 9 12 
2 3 6 7 8 9 12 13 17 
2 3 6 7 8 9 12 13 
2 3 6 7 8 12 
2 3 6 7 
2 3 6 7 8 
2 3 6 7 
2 3 6 7 8 13 17 
2 3 6 7 8 9 12 13 16 17 
2 3 4 6 7 8 9 12 13 16 17 
2 3 4 6 7 8 12 13 17 
2 3 4 6 7 8 12 13 16 17 
2 3 4 6 7 8 9 12 13 
3 4 6 7 8 12 13 16 17 
2 3 4 6 7 8 9 11 12 13 16 17 
2 3 4 6 7 8 9 12 13 17 
2 3 4 6 7 8 9 12 13 16 17 
2 3 4 6 7 8 9 12 13 
2 3 4 6 7 8 9 12 13 16 17 
2 3 4 6 7 8 9 12 13 16 17 
2 3 4 6 7 8 9 12 13 
2 3 4 6 7 8 9 11 13 
2 3 4 6 7 8 9 12 13 
2 3 4 6 7 8 9 12 13 
2 3 6 7 8 12 13 16 17 
2 3 6 7 8 9 12 13 16 17 
2 3 6 7 8 9 12 13 
2 3 6 7 8 9 12 13 
2 3 6 7 8 
2 3 6 7 
2 3 6 7 
2 3 6 7 8 12 13 16 17 
2 3 6 7 8 12 
2 3 6 7 
3 6 7 12 13 16 17 
2 3 6 7 8 12 13 16 17 
2 3 6 7 8 12 
2 3 6 7 11 
2 3 6 7 
2 3 6 7 12 13 16 17 
2 3 6 7 8 12 13 16 17 
2 3 6 8 12 
2 3 6 7 
6 7 
2 3 6 7 13 17 
2 3 6 7 8 9 12 13 17 
2 3 6 7 8 9 12 13 17 
2 6 8 12 13 16 17 
3 6 7 8 9 12 13 17 
2 3 7 8 9 12 13 
3 7 8 12 
2 3 6 7 
2 3 6 7 12 13 16 17 
2 3 6 7 8 12 13 16 17 
2 3 6 7 8 12 
2 3 6 7 12 13 16 17 
2 3 6 7 12 13 16 17 
2 3 6 7 8 12 13 17 
2 6 7 8 11 12 13 16 17 
2 3 6 7 8 12 13 16 17 
2 3 6 7 8 12 13 16 17 
2 6 7 11 13 17 
2 3 6 7 8 9 11 12 13 
2 3 6 7 8 12 13 16 17 
2 6 7 8 12 13 16 17 
2 3 6 7 8 12 
2 3 6 7 
2 3 6 7 
2 3 6 7 
2 3 6 7 
2 3 6 7 
2 3 6 7 
2 3 6 7 
2 3 6 7 
3 7 
2 3 6 7 8 9 12 13 
2 3 7 8 
2 3 7 8 

3 7 
2 3 6 7 13 17 
2 3 6 7 8 9 12 13 17 
3 7 8 9 12 13 16 17 
2 3 7 8 9 12 13 
2 3 7 11 
2 3 7 
2 3 6 7 
2 3 6 7 
2 3 6 7 
2 3 6 7 
2 3 6 8 9 12 13 16 17 
8 12 
