3 4 5 7 8 9 12 13 16 17 
3 4 5 7 8 9 11 12 
3 4 5 7 8 9 11 12 13 14 15 16 17 
3 4 5 6 7 8 9 10 11 12 16 17 
3 4 5 6 7 8 9 10 11 12 13 14 16 
3 4 5 7 8 9 11 12 16 
3 4 5 6 7 8 10 11 12 14 15 16 
3 4 5 7 8 9 11 12 14 15 16 
3 4 5 6 7 8 9 10 11 12 16 
3 4 6 7 8 10 11 12 13 14 16 17 
3 4 5 7 8 9 11 12 13 14 
3 4 7 8 9 11 12 13 15 16 17 
3 4 5 7 8 9 12 14 15 16 17 
2 3 4 5 6 7 8 10 11 12 
4 5 6 7 8 10 11 12 13 14 15 16 17 
4 5 8 12 13 16 17 
3 4 5 7 8 12 16 
3 4 7 8 9 12 13 16 
4 7 8 9 11 12 13 15 16 17 
4 8 11 12 15 16 17 
3 4 8 12 16 
3 4 7 8 12 
2 3 4 5 7 8 9 11 12 13 16 17 
2 3 4 5 7 8 9 11 12 13 14 15 16 17 
3 4 5 7 8 9 12 
3 4 5 6 7 8 9 10 11 12 16 
3 4 5 7 8 9 10 11 14 15 16 
4 5 7 8 9 10 11 12 13 14 15 16 17 
4 5 10 11 12 13 14 15 16 17 
4 5 
4 5 8 
3 4 5 7 8 12 
3 4 5 7 8 12 16 
3 4 5 7 8 11 12 15 16 
3 4 8 11 12 14 15 
3 4 8 9 12 13 16 
3 7 8 9 12 13 17 
4 5 6 7 9 10 11 
3 4 5 6 7 8 10 11 14 
3 4 5 7 8 11 12 
3 4 6 7 8 10 11 12 14 15 16 
4 
3 4 
3 4 5 9 
3 4 5 7 8 
2 3 4 5 7 8 9 11 
4 5 6 7 8 9 10 11 12 13 14 15 16 
4 5 11 12 13 14 15 16 17 
4 5 
4 8 
4 5 8 12 16 
4 5 8 12 16 
4 5 8 12 
8 12 16 
2 4 5 9 12 16 
2 4 5 8 
4 5 8 
8 9 12 16 
4 5 9 12 16 
4 5 
3 4 5 7 8 9 
3 4 5 7 8 
3 4 5 7 8 9 11 12 13 15 
3 4 7 8 9 11 12 13 15 16 17 
3 4 7 8 11 12 13 15 16 17 
3 4 7 8 11 12 15 
3 4 6 7 8 10 11 12 16 
3 4 5 6 7 8 10 11 14 15 
3 4 7 8 11 12 16 
4 6 7 8 10 11 12 14 16 
4 11 14 15 
4 8 
2 3 4 7 8 
2 3 4 7 8 11 12 15 16 
3 4 7 8 11 12 15 16 
3 4 7 8 11 12 16 
3 4 6 7 8 10 11 12 15 16 
3 4 7 8 12 16 
3 4 6 7 8 9 10 11 12 13 16 17 
4 5 6 7 8 9 10 11 12 13 14 15 16 17 
2 3 4 8 14 15 
2 3 4 8 
3 4 7 8 12 13 16 17 
3 4 6 7 10 11 12 13 14 16 17 
2 3 4 5 7 8 9 11 14 
2 3 4 5 6 7 8 9 10 11 12 14 
4 5 6 7 8 9 11 12 14 15 16 
3 4 8 9 10 12 13 14 15 16 
3 4 8 9 12 13 17 
3 4 5 7 8 9 12 
4 5 6 7 8 10 11 12 16 
4 5 6 7 8 10 11 12 14 15 16 
3 4 5 7 8 9 12 13 
3 4 7 8 9 12 13 16 17 
3 4 5 7 8 9 11 12 13 15 16 17 
3 4 5 7 8 9 10 11 12 13 14 15 16 
3 4 5 7 8 9 12 13 16 17 
3 4 5 6 7 8 9 10 11 17 
4 5 6 7 8 10 11 12 14 15 
3 4 5 7 8 9 11 12 15 16 
3 5 9 11 12 15 16 
3 4 5 7 9 
4 5 6 7 8 10 11 14 15 
4 5 8 10 11 12 14 15 
4 5 8 9 11 12 15 16 
4 5 8 9 
4 5 7 8 
4 7 8 11 12 15 16 
4 8 11 12 15 
4 8 12 16 17 
3 4 5 7 8 9 12 13 16 17 
3 4 7 8 9 12 13 16 17 
4 5 7 8 9 11 15 
8 9 11 12 13 15 
3 8 9 12 13 16 17 
3 4 
3 4 7 
3 4 6 7 8 
3 4 6 7 8 10 12 
3 4 6 7 8 9 10 11 12 13 14 15 16 
3 4 6 7 8 9 10 11 12 13 14 15 16 17 
3 4 7 8 11 12 13 16 17 
3 4 7 8 9 11 12 15 
3 4 5 7 8 9 10 11 12 13 14 15 16 17 
2 3 4 5 7 8 9 10 11 12 13 14 15 16 17 
