5 6 8 9 10 11 12 13 14 15 
4 5 8 9 10 11 12 13 14 15 16 17 
4 5 8 9 10 11 14 15 
3 4 5 8 9 10 11 14 15 
2 3 4 5 6 8 9 
3 4 5 8 9 
2 3 4 5 8 9 
2 4 5 6 8 9 12 13 
4 7 8 9 11 12 13 15 16 
2 3 4 5 6 7 8 9 10 11 12 14 15 16 
4 6 7 8 9 10 11 12 13 14 15 16 17 
3 4 5 7 8 9 12 13 14 16 17 
4 5 8 9 11 12 13 15 16 17 
3 4 5 8 9 10 11 12 13 14 15 16 
4 5 8 9 12 13 16 17 
3 4 5 8 9 12 13 16 17 
4 5 8 9 12 13 16 17 
2 3 4 5 8 9 12 15 16 
3 4 5 8 9 
3 4 5 8 9 13 17 
3 4 5 7 8 9 11 12 13 17 
3 4 5 7 8 9 11 12 13 15 16 17 
3 4 5 6 7 8 9 10 11 12 13 15 17 
3 4 5 6 7 8 9 10 11 12 13 16 17 
3 4 5 7 8 9 10 11 12 13 16 17 
2 3 4 5 6 7 8 9 10 11 12 13 16 17 
3 4 6 7 8 9 10 11 12 13 16 17 
2 3 4 6 7 8 9 10 11 12 13 16 17 
2 4 5 6 7 8 9 11 12 13 15 16 17 
4 5 6 7 8 9 10 11 12 13 15 16 17 
4 5 6 7 8 9 10 11 12 13 15 16 17 
2 4 5 6 7 8 10 11 12 14 15 16 
3 4 5 7 8 9 11 12 15 16 
3 4 5 6 7 8 9 10 11 12 15 16 
3 4 5 6 7 8 10 11 15 
2 3 4 5 6 7 8 10 11 12 15 
3 4 5 6 7 9 10 11 14 15 
4 5 6 7 8 9 10 11 14 15 
2 3 4 5 6 7 8 9 10 14 
2 3 4 5 6 7 8 9 10 11 12 13 14 
3 4 5 6 7 8 9 10 11 12 13 14 
4 5 6 7 8 9 10 11 12 14 
2 3 4 5 6 7 8 9 10 11 12 13 
4 5 6 7 8 9 10 11 12 13 
2 3 4 5 6 7 8 9 10 11 12 14 15 
4 5 6 7 8 9 10 11 14 15 
4 6 7 8 10 11 12 14 
4 5 6 7 8 9 10 11 12 13 
4 5 6 7 8 9 10 11 12 13 16 17 
4 5 6 7 8 9 10 11 12 13 14 15 16 
2 4 5 6 7 8 9 10 11 12 14 15 16 
4 5 7 8 9 11 12 14 15 
2 3 4 5 6 7 8 9 10 11 12 15 16 
3 4 5 6 7 8 9 10 11 12 15 16 
2 3 4 6 7 8 10 
4 8 9 12 13 
4 5 6 7 8 9 10 11 12 13 
2 3 4 5 6 7 8 9 10 11 12 13 
2 5 6 7 8 9 10 11 12 13 
2 4 5 6 7 8 9 10 11 12 13 
2 4 5 6 7 8 9 10 11 12 13 
3 4 5 6 7 8 9 10 11 12 13 16 
4 5 6 7 8 9 10 11 12 13 15 16 
4 5 7 8 10 11 12 14 15 16 
4 5 6 7 8 9 10 11 12 13 14 15 16 17 
4 5 6 7 8 9 10 11 12 13 14 15 16 17 
4 5 6 7 8 9 10 11 12 13 14 15 16 17 
2 3 4 5 6 7 8 9 10 11 12 13 14 15 16 17 
3 4 7 8 9 10 11 12 13 14 15 16 17 
3 4 5 7 8 9 10 11 12 13 14 15 16 17 
4 5 6 7 8 9 10 11 12 13 14 15 16 17 
4 5 6 7 8 9 10 11 12 13 14 15 16 17 
2 3 4 5 6 7 8 9 10 11 12 13 14 15 16 17 
2 3 4 5 6 7 8 9 10 11 12 13 14 15 16 17 
4 5 6 7 8 9 10 11 12 13 14 15 16 17 
4 5 6 7 8 9 10 11 12 13 14 15 16 
3 4 5 6 7 8 9 10 11 12 14 15 16 
2 3 4 5 6 7 8 9 10 11 12 14 15 16 17 
3 4 5 6 7 8 9 10 11 14 15 17 
3 4 5 6 7 8 9 10 11 12 13 14 15 17 
3 4 5 6 7 8 9 10 11 12 13 14 15 16 17 
3 4 5 8 9 10 11 12 13 14 15 16 17 
2 3 4 5 6 7 8 9 10 11 12 13 14 15 16 17 
2 3 4 5 6 7 8 9 10 11 12 13 14 16 17 
2 3 4 6 7 8 10 11 12 16 
2 3 4 5 6 7 8 10 11 12 15 16 
3 4 6 7 8 9 10 11 12 13 16 17 
2 3 4 5 6 7 8 9 10 11 12 13 
3 4 6 7 8 10 11 12 14 15 16 
4 5 6 7 8 9 10 11 12 13 14 15 
4 5 6 7 8 9 10 11 14 15 
2 4 5 6 7 8 9 10 11 12 13 14 15 16 
6 10 11 12 14 15 16 
4 5 8 9 10 13 14 17 
4 6 8 10 13 17 
4 6 8 10 13 17 
3 4 6 7 8 9 10 11 12 13 15 16 17 
3 4 6 7 8 9 10 11 12 13 14 15 16 17 
3 4 6 7 8 9 10 11 12 13 14 15 16 17 
3 5 6 7 8 9 10 11 12 13 16 
3 5 7 8 10 11 12 16 
5 6 7 10 15 16 
2 3 4 5 6 7 8 9 10 11 12 13 14 15 16 17 
6 7 15 
5 6 7 9 10 11 12 13 15 
2 5 6 7 9 
3 5 6 7 8 9 14 
5 7 8 9 11 12 13 15 16 17 
5 6 7 8 9 10 11 12 13 14 15 16 
5 6 7 8 9 10 11 12 13 14 15 16 
6 7 8 9 10 11 12 13 14 15 16 
5 6 7 8 9 10 11 12 14 15 
7 8 10 11 12 14 
4 5 6 7 8 9 10 11 
4 5 6 8 9 10 14 
4 6 8 9 
2 4 6 8 9 13 
2 4 8 9 12 13 
5 6 7 8 9 12 13 
5 6 8 9 12 13 17 
2 4 5 6 7 8 9 11 12 13 15 16 17 
4 5 6 7 8 9 10 11 12 13 14 15 16 
4 5 6 8 9 11 12 13 15 16 
4 6 7 8 9 10 11 12 13 14 15 16 
6 7 8 10 11 12 14 15 16 
5 6 7 8 9 10 11 12 13 14 15 16 17 
4 5 6 7 8 9 10 11 12 13 15 16 17 
3 4 5 6 7 8 9 10 11 12 13 14 15 16 17 
6 10 12 13 16 17 
4 5 6 7 8 9 10 11 12 13 14 15 16 17 
6 7 8 9 10 11 12 13 15 16 17 
4 5 6 7 8 9 10 11 12 13 14 15 16 17 
2 3 5 6 7 8 9 10 11 12 13 14 15 16 17 
6 7 8 9 10 11 12 13 14 15 16 17 
3 4 5 6 7 8 9 10 11 12 13 
6 7 8 9 10 11 
6 7 8 10 11 12 14 15 16 
2 3 4 5 6 7 8 9 10 11 12 13 14 15 
2 6 8 9 10 12 13 
2 3 6 7 8 9 10 11 12 13 15 16 17 
3 4 5 6 7 8 9 10 11 12 13 14 15 16 17 
4 5 6 7 8 9 10 11 12 13 14 15 16 
4 5 6 7 8 9 10 11 12 13 14 15 
2 3 4 5 6 7 8 9 10 11 12 13 
3 4 5 6 7 8 9 10 11 12 13 15 16 17 
3 4 5 6 7 8 9 10 11 12 13 15 16 17 
3 4 5 6 7 8 9 10 11 12 13 14 15 16 
4 5 6 7 8 9 10 11 12 13 14 15 
5 6 7 9 10 11 14 
4 5 6 7 8 9 10 11 12 13 
6 7 8 9 10 11 12 13 
4 6 7 8 9 10 11 12 
2 3 6 7 8 9 10 11 12 13 15 16 17 
4 5 6 7 8 9 10 11 12 13 
4 5 6 7 8 9 10 11 12 13 14 15 16 17 
4 5 6 7 8 9 10 11 12 13 14 
4 6 7 8 9 10 11 12 13 14 16 17 
6 7 8 9 10 11 12 13 
4 5 6 7 8 9 10 11 12 13 14 15 16 
6 7 8 9 10 11 12 13 
6 7 8 10 11 12 15 16 
5 6 7 8 10 11 12 14 15 
5 6 7 8 9 10 11 12 13 14 
2 3 6 7 8 9 10 11 12 13 
3 6 7 8 9 10 11 12 13 
4 5 7 8 9 10 11 12 13 
2 3 6 7 8 9 10 11 12 13 
6 7 8 10 11 12 
3 4 6 7 8 10 11 12 
6 7 10 11 
3 4 6 7 10 11 
5 6 7 8 9 10 11 12 13 
3 4 5 7 8 9 11 12 13 15 16 17 
7 8 9 11 12 13 15 16 17 
3 4 5 6 7 8 9 10 11 12 13 14 15 16 17 
2 3 4 5 6 7 8 9 10 11 12 13 14 15 16 17 
5 6 7 8 9 10 11 12 13 14 15 
5 6 7 8 9 10 11 12 13 14 15 
3 4 5 6 7 8 9 10 11 12 13 14 
8 9 12 13 
4 6 7 8 9 10 11 12 13 
2 3 4 5 6 7 8 9 10 11 12 13 16 17 
2 3 4 5 6 7 8 9 10 11 12 13 15 16 17 
4 5 6 7 8 9 10 11 12 13 14 15 16 
3 4 5 6 7 8 9 10 11 13 14 15 
5 6 7 9 10 11 13 
3 4 6 7 8 9 10 13 
2 4 5 6 7 8 9 10 12 13 14 16 17 
3 4 5 7 8 9 10 11 12 13 15 16 
2 3 4 5 7 8 9 12 13 
4 5 7 8 9 11 12 15 16 
4 5 7 8 9 10 11 12 14 15 16 
4 5 6 7 8 9 10 11 12 14 15 
2 3 4 5 6 7 8 9 10 11 12 
4 5 7 8 9 11 12 13 
5 7 8 9 11 12 
4 5 7 8 9 11 12 
4 5 6 7 8 9 10 11 12 13 
2 3 4 5 6 7 8 9 10 11 12 
3 4 5 6 7 8 9 10 11 12 14 15 16 
4 6 7 8 9 10 11 12 13 14 15 16 17 
4 5 6 7 8 9 10 11 12 13 16 17 
4 6 7 8 9 10 11 12 13 14 15 16 
4 5 6 7 8 9 10 11 12 13 
4 5 6 7 8 9 10 11 12 13 
3 5 6 7 8 9 10 11 12 13 14 15 
3 4 5 6 7 8 9 10 11 12 13 
3 4 5 6 7 8 9 10 11 12 13 
3 4 5 6 7 8 9 10 11 12 13 
6 10 

2 3 4 6 7 
2 5 8 9 12 13 16 17 
2 8 
3 4 7 8 9 13 
2 3 4 5 6 7 8 9 10 11 12 13 14 15 16 
2 3 4 5 6 7 8 9 10 11 12 13 14 15 16 17 
2 3 6 7 8 9 10 11 12 13 14 15 
2 3 4 5 6 7 8 9 10 11 12 13 
6 7 8 10 11 12 13 17 
2 3 4 5 6 7 8 10 11 12 13 17 
3 4 5 6 7 8 9 10 11 12 13 16 17 
4 5 6 7 8 9 10 11 12 13 16 17 
3 4 5 6 7 8 9 10 11 12 14 15 16 17 
3 4 5 6 7 9 10 11 12 15 16 17 
4 5 6 7 9 10 11 13 15 
4 5 6 8 9 10 11 12 13 15 
4 5 6 8 9 10 12 13 14 15 
3 4 5 6 7 8 9 10 11 12 13 
2 3 4 

3 4 5 6 7 8 9 10 11 12 13 14 15 16 17 
2 3 4 5 6 7 8 9 10 11 12 13 14 15 16 17 
4 8 
2 3 4 5 6 7 8 9 10 11 12 14 15 16 
5 7 8 11 12 
3 4 5 6 7 8 10 11 12 15 16 
4 5 6 7 10 11 14 15 
4 5 10 
3 4 5 
3 4 5 8 9 
3 4 5 
4 5 7 8 9 11 12 13 15 16 17 
4 5 6 7 8 9 10 11 12 13 14 15 16 17 
4 5 6 7 8 9 10 11 12 14 15 16 
5 10 11 14 15 
5 8 9 10 12 13 14 
4 5 7 8 9 11 12 13 
3 4 5 7 8 9 11 12 13 16 17 
3 5 7 8 9 11 12 13 15 16 17 
4 5 6 7 9 10 11 12 14 15 16 
4 10 11 14 15 
5 6 8 9 10 12 13 
4 5 7 8 9 11 12 13 16 17 
4 5 7 8 9 11 12 13 16 17 
7 8 9 10 11 12 13 17 
6 7 8 10 11 12 13 17 
4 5 6 7 8 9 10 11 12 13 15 16 17 
4 5 6 7 8 9 10 11 12 13 15 16 17 
4 5 8 9 11 12 13 15 16 17 
3 4 5 6 7 8 9 10 11 12 13 14 15 
3 4 5 7 8 9 11 12 13 14 15 
3 4 5 6 7 8 9 10 11 12 13 14 
3 4 5 6 7 8 9 10 11 12 13 15 16 17 
4 5 6 7 8 9 10 11 12 13 14 15 16 
4 5 6 7 8 9 10 11 12 13 14 15 16 17 
4 5 6 7 8 9 10 11 12 13 14 15 16 17 
3 4 5 6 7 8 9 10 11 12 15 16 
3 4 5 6 7 8 9 10 11 12 14 15 16 
3 4 5 6 7 8 9 10 11 12 14 15 16 
4 5 6 7 8 9 10 11 12 
5 6 7 8 10 11 12 
4 5 6 7 10 11 
4 5 6 7 8 9 10 11 
4 5 7 8 9 10 11 12 13 15 16 17 
4 5 6 7 8 9 10 11 12 13 15 16 
4 5 6 7 8 9 10 11 12 13 
4 5 6 7 8 9 10 11 
4 5 6 7 8 9 10 11 12 14 15 
4 5 6 7 8 9 10 11 12 14 
3 4 5 6 7 8 9 10 11 
3 4 5 6 7 8 9 10 11 12 13 17 
2 3 4 5 6 7 8 9 10 11 12 13 17 
4 5 6 10 
4 5 6 7 8 10 11 12 15 16 
4 5 6 7 8 9 10 11 12 13 
4 5 6 7 8 9 10 11 12 13 
3 4 5 6 7 8 9 10 11 12 13 
4 5 6 7 8 9 10 11 12 13 
3 4 5 6 7 8 9 10 11 12 13 
2 3 4 5 6 7 8 9 10 11 12 13 
4 5 7 8 9 11 12 
2 3 4 5 6 7 8 9 10 11 12 13 
2 3 4 5 6 7 8 9 10 11 12 13 
5 6 7 8 9 10 11 12 
2 3 4 5 6 7 8 9 10 12 13 
3 4 5 7 8 9 11 12 13 15 16 17 
2 3 4 5 6 7 8 9 10 11 12 13 
3 4 5 7 8 9 11 12 13 
6 7 8 9 10 11 12 13 
2 3 4 5 6 7 8 9 10 11 12 13 14 15 16 
2 3 4 5 6 7 8 9 10 11 12 13 14 15 16 
4 5 7 8 9 11 12 
3 4 5 7 9 10 11 12 
3 4 5 6 7 8 9 10 11 12 13 14 
4 5 6 8 9 10 12 13 14 17 
3 4 5 7 8 9 11 12 13 16 17 
3 4 5 7 8 9 11 12 13 16 17 
2 3 4 5 6 7 8 9 10 11 12 13 15 16 17 
2 3 4 5 6 7 8 9 10 11 12 14 15 16 
2 3 4 5 6 7 8 9 10 11 12 13 14 15 16 17 
2 3 4 5 6 7 8 9 10 11 12 13 14 15 17 
3 4 5 8 9 11 12 13 15 16 17 
3 4 5 10 11 12 13 14 15 16 17 
4 5 8 9 10 11 12 13 14 15 16 
4 5 6 7 8 9 10 11 12 13 14 15 
2 3 4 5 6 7 8 9 10 11 12 13 15 16 17 
2 3 4 5 6 7 8 9 10 11 12 13 14 15 16 17 



5 
5 9 13 
4 5 9 13 
2 3 4 5 6 7 8 9 10 11 12 14 15 16 
2 3 4 5 6 7 9 10 11 13 14 15 
2 3 4 5 6 7 8 9 10 11 12 13 14 15 16 17 
4 5 8 9 12 13 16 17 
5 8 9 12 13 
3 4 5 7 8 9 10 11 12 13 14 15 16 
3 4 5 7 8 9 10 11 12 13 14 15 16 
5 6 8 9 10 11 12 13 14 15 
3 4 5 8 9 10 12 13 16 17 
3 4 5 7 8 9 11 12 13 15 16 17 
3 4 5 6 7 8 9 10 11 12 13 14 15 16 
4 5 6 7 8 9 10 11 12 13 14 15 16 17 
3 4 5 7 8 9 10 11 12 13 14 15 16 
2 3 4 5 6 7 8 9 10 11 12 15 16 
4 5 6 7 8 9 10 11 12 14 15 
3 4 5 6 7 8 9 10 11 12 13 14 15 
4 5 6 7 8 9 10 11 12 13 14 15 
3 4 5 6 7 8 9 10 11 12 13 14 15 
2 3 4 5 6 7 8 9 10 11 12 13 14 
2 3 4 6 7 8 9 10 11 12 13 14 15 16 
3 4 5 6 7 8 9 10 11 12 13 
2 3 4 5 6 7 8 9 10 11 12 13 14 15 
4 5 6 7 8 9 10 11 12 13 14 15 
3 4 5 6 7 8 9 10 11 13 14 15 
4 5 7 9 11 13 
3 4 5 8 9 10 11 12 13 14 15 
4 5 8 9 12 13 14 16 17 
7 8 11 12 13 16 17 
7 11 12 13 16 17 
2 3 6 7 8 10 11 12 13 14 15 16 17 
8 11 12 13 15 16 17 
6 8 9 10 11 12 13 15 16 17 
2 5 7 8 10 11 12 14 15 16 
7 8 10 11 12 14 15 16 
5 7 10 11 14 15 
5 10 11 14 15 
2 3 4 5 6 7 8 9 10 11 12 13 14 15 16 17 
4 5 8 9 10 12 13 14 
3 4 8 10 14 
4 5 8 9 
4 5 7 8 9 11 12 13 
4 5 8 9 12 13 
2 3 4 5 6 8 9 10 12 13 17 
8 9 12 
4 5 8 9 12 
4 5 8 9 
4 5 8 9 12 
3 4 5 8 9 12 13 
2 3 4 5 6 7 8 9 10 11 12 13 15 16 
5 6 7 8 9 10 11 12 13 15 16 
4 5 6 7 8 9 10 11 12 13 15 16 
2 3 4 5 6 7 8 10 11 12 14 15 16 
2 3 4 5 6 7 8 12 
2 3 4 5 6 7 8 10 11 12 14 15 
2 3 4 5 6 7 8 10 11 13 14 17 
4 5 7 8 11 12 
4 5 7 8 11 12 15 16 
7 8 11 12 15 16 
2 3 4 7 8 9 11 12 13 
2 3 4 6 7 8 9 10 11 12 13 14 15 
4 5 7 8 9 11 12 13 15 16 17 
2 3 4 6 7 8 11 12 13 15 16 17 
7 11 12 15 16 
2 3 4 6 7 8 9 10 11 12 14 15 16 
7 9 10 11 12 14 15 16 
3 4 5 7 10 11 12 14 15 16 
7 10 11 14 15 
3 4 5 7 10 11 14 15 
8 10 11 12 14 15 
7 8 10 11 12 14 15 16 
7 8 11 15 
3 4 5 7 10 11 14 15 
7 9 10 11 14 15 
7 9 11 15 
9 10 11 14 15 
2 3 6 7 8 9 10 11 14 15 
8 9 12 13 16 17 
8 12 13 17 
8 10 11 12 13 14 15 16 17 
4 8 12 13 17 
2 6 8 12 13 16 17 
4 9 12 13 16 17 
7 11 12 16 
2 3 6 7 10 11 12 14 15 16 
2 3 6 7 10 11 12 14 15 16 
9 11 15 
9 10 11 12 13 14 15 16 17 
9 10 14 
8 9 10 12 14 15 16 
3 4 8 9 14 
3 4 9 11 12 15 16 
3 4 
6 8 9 10 12 
3 4 6 7 8 9 10 11 12 
7 8 9 11 12 
2 3 7 8 9 11 12 
3 4 6 7 9 10 11 14 
2 3 4 6 7 9 10 11 12 14 15 16 
3 4 7 8 9 11 
4 7 8 11 
3 4 6 7 8 10 11 
3 4 5 6 7 8 10 11 12 13 14 15 16 17 
4 5 9 10 11 13 14 15 
3 4 5 6 8 9 10 13 
4 5 6 7 8 9 10 11 12 13 
3 4 5 7 8 9 11 12 13 
3 4 5 7 8 9 11 13 
3 4 5 7 8 9 11 12 13 16 17 
3 4 5 7 8 9 11 12 13 15 16 17 
3 4 5 7 8 9 10 11 12 13 14 15 16 17 
4 5 8 9 12 13 
3 4 5 7 9 13 16 17 
3 4 9 13 
5 6 7 8 9 10 11 12 13 15 16 
4 5 6 7 8 9 10 11 12 13 
4 5 6 7 8 9 10 11 12 13 14 15 
2 3 4 5 6 7 8 9 10 11 12 13 14 15 16 17 
4 5 6 8 9 10 12 13 14 
4 5 8 9 12 13 
3 4 5 6 7 8 9 10 11 12 13 
3 4 5 6 7 8 9 10 11 12 13 
3 4 7 8 9 11 12 13 
2 3 4 5 6 7 10 11 14 15 
4 5 6 7 10 14 
4 5 7 11 
3 4 5 6 7 8 9 11 12 13 
3 4 5 6 7 8 9 10 11 12 13 
3 4 5 7 8 9 11 12 13 
3 4 5 6 7 8 9 10 11 12 13 16 17 
3 4 5 6 7 8 9 10 11 12 13 15 
3 4 5 6 7 8 9 10 11 12 13 
3 4 5 6 7 8 10 11 12 
4 5 6 7 8 10 11 12 13 16 17 
3 4 5 6 7 8 9 10 11 12 13 15 16 17 
6 7 8 10 11 
6 7 10 11 
3 4 6 10 
6 7 9 10 11 
5 6 9 10 
4 5 9 13 
2 3 4 5 6 7 8 9 10 11 12 13 14 15 16 17 
4 5 8 9 12 13 
5 8 9 12 13 
2 6 
2 3 4 6 7 8 9 10 11 12 13 14 15 
4 5 7 8 9 11 12 13 
4 5 6 7 8 10 11 12 
2 4 5 6 7 8 9 10 11 12 13 14 
2 5 6 7 8 9 10 11 12 13 14 15 
3 4 5 6 7 8 9 10 11 12 13 
4 5 6 7 8 9 10 11 12 13 
3 4 5 6 7 8 9 10 11 12 13 14 15 16 
4 5 6 7 8 9 10 11 12 13 14 15 
4 5 6 7 8 9 10 11 12 13 14 15 16 
3 4 5 6 7 8 9 10 11 12 13 14 15 
2 3 4 5 6 7 8 9 10 11 12 13 14 15 16 
4 5 6 7 8 9 10 11 12 13 14 15 16 
2 3 4 5 6 7 8 9 10 11 12 13 14 15 16 
2 3 4 5 6 7 8 9 10 11 14 15 
2 3 4 5 6 7 8 9 10 11 12 13 14 15 16 17 
3 4 6 10 11 12 14 15 16 
4 5 6 7 8 9 10 11 12 13 14 15 16 
4 5 6 7 8 9 10 11 12 13 14 15 16 
4 5 6 7 8 9 10 11 12 13 14 15 16 
3 4 5 6 7 8 9 10 11 12 13 14 15 16 
5 6 7 8 9 10 11 12 13 14 15 16 17 
4 5 6 7 8 9 10 11 12 14 15 
3 4 5 6 7 8 9 10 11 12 13 14 15 16 17 
2 3 4 5 6 7 8 9 10 11 12 13 
4 5 6 7 8 9 10 11 12 13 14 15 
2 3 4 5 6 7 8 9 10 11 12 13 14 15 
4 5 6 7 8 9 10 11 12 13 14 15 
4 5 7 8 9 11 12 13 15 16 17 
4 5 6 7 8 9 10 11 12 13 14 15 
2 3 4 5 6 7 8 9 10 11 12 13 14 15 16 17 
3 4 5 6 7 8 9 10 11 12 13 14 15 16 17 
5 7 8 9 11 12 15 16 
4 5 6 7 8 9 10 11 12 13 14 15 16 17 
3 4 5 6 7 8 9 10 11 12 13 14 15 16 17 
5 6 7 8 9 10 11 12 13 14 15 16 
5 6 7 8 9 10 11 12 13 14 15 
5 6 7 8 9 10 11 12 13 14 15 
4 5 6 7 8 9 12 13 14 
6 7 8 9 11 12 13 
6 7 8 9 10 11 12 13 14 15 16 
3 4 5 6 7 8 9 10 11 12 13 14 15 17 
3 4 5 6 7 8 9 10 11 12 13 16 17 
3 4 5 6 7 8 9 10 11 12 13 15 16 17 
2 3 4 5 6 7 8 9 10 11 12 13 14 15 16 
2 3 4 6 7 8 10 11 12 14 15 
2 3 4 6 7 8 9 10 11 12 13 15 16 17 
4 5 6 7 8 9 10 11 12 13 14 15 16 17 
4 5 6 7 8 9 10 11 12 14 15 16 
6 7 8 10 11 12 14 15 
4 6 7 8 10 11 12 14 
4 5 6 7 8 9 10 11 12 13 
4 5 6 8 9 10 12 13 
3 4 5 7 8 9 11 12 13 
2 3 4 5 6 7 8 9 10 11 12 13 
2 3 4 5 6 7 8 9 10 11 12 13 
2 3 4 6 7 8 10 11 12 15 16 
2 3 4 5 6 7 8 9 10 11 12 13 15 16 
2 3 4 5 6 7 8 9 10 11 12 13 14 15 
3 4 6 7 8 10 11 12 
4 5 6 7 8 9 10 11 12 13 15 16 17 
3 4 5 6 7 8 9 10 11 12 13 14 15 16 17 
4 5 6 7 8 9 10 11 12 14 15 16 
4 5 6 7 8 9 10 11 12 14 15 
4 5 6 7 8 9 10 11 14 
4 5 6 7 8 9 10 11 13 14 17 
5 9 13 17 
2 3 5 9 12 13 17 
5 9 12 13 16 17 
5 9 12 13 16 17 
5 6 8 9 10 12 13 16 
5 6 8 9 10 11 12 13 15 16 
4 5 6 8 9 10 11 12 13 15 16 17 
4 5 8 9 11 12 13 15 16 17 
5 8 9 10 11 12 13 14 15 16 17 
5 8 9 11 12 13 14 15 16 17 
4 5 7 8 9 10 11 12 14 15 16 
2 3 4 5 6 7 8 9 10 11 12 13 14 15 16 
2 3 4 6 7 8 9 10 11 12 13 14 15 16 
2 3 4 6 7 8 9 10 11 12 13 14 15 16 17 
2 3 4 5 6 7 8 9 10 11 12 13 15 16 17 
2 3 4 5 6 7 8 9 10 11 12 13 14 15 16 17 
2 4 5 6 7 8 9 10 11 12 13 14 15 16 17 
4 5 6 7 8 9 10 11 12 14 15 16 
3 4 5 7 8 11 12 
6 7 8 9 10 11 12 13 14 15 16 17 
6 7 8 9 10 11 12 13 14 16 17 
6 7 8 9 10 11 12 13 15 16 17 
3 4 5 7 8 9 10 11 12 13 14 15 16 17 
2 3 4 5 6 7 8 9 10 11 12 13 14 15 16 17 
2 3 4 5 6 7 8 9 10 11 12 13 14 15 16 17 
2 3 4 5 6 7 8 9 10 11 12 13 14 15 16 
4 5 8 9 10 11 12 13 14 15 16 17 
2 3 4 5 6 7 8 9 10 11 12 13 14 15 16 
2 3 4 5 6 7 8 9 10 11 12 13 14 15 16 
4 5 6 8 9 10 12 13 16 17 
3 4 5 6 7 8 9 10 11 12 13 15 16 17 
4 5 6 7 8 9 10 11 12 13 14 15 16 17 
4 5 6 7 8 9 10 11 12 13 14 15 16 17 
4 5 7 8 9 11 12 13 14 15 
4 5 6 7 8 9 10 11 12 13 
4 5 6 7 8 9 10 11 12 13 14 15 
3 4 5 6 7 8 9 10 11 12 13 14 15 
2 3 4 5 6 7 8 9 10 11 12 13 14 
2 3 4 5 6 7 8 9 11 12 13 
2 3 4 5 6 7 8 9 11 12 
3 4 5 6 7 8 9 10 11 12 
5 6 7 8 9 10 11 12 13 15 16 17 
2 3 5 6 7 8 9 10 11 12 13 14 15 16 17 
2 3 4 5 8 9 10 11 14 15 
3 4 5 8 9 10 14 
2 3 4 5 6 7 8 9 10 11 
2 3 4 5 6 7 8 9 10 11 
4 5 6 8 9 10 12 13 
4 5 7 8 9 11 12 13 
4 5 6 7 8 9 10 11 12 13 
4 5 6 7 8 9 10 11 12 13 
4 5 6 7 8 9 10 11 12 13 
4 5 6 7 8 9 10 11 12 
4 5 6 7 8 9 10 11 12 13 14 15 
3 4 5 7 8 9 10 11 12 13 14 15 16 
3 4 5 6 7 8 9 10 11 12 13 14 15 16 
3 4 5 6 7 8 9 10 11 12 13 14 
2 3 4 5 6 7 8 9 10 11 12 13 
2 3 4 5 6 7 8 9 10 11 12 13 
2 3 4 5 6 7 8 9 10 11 12 13 
2 3 4 5 6 7 8 9 10 11 12 13 
2 3 4 6 7 8 9 10 11 12 13 14 15 16 
2 3 4 5 6 7 8 9 12 13 
4 5 8 9 12 
4 5 8 9 12 13 
2 3 4 9 13 
3 4 5 6 7 8 9 10 11 12 13 14 15 16 17 
2 3 4 5 9 13 
4 5 9 13 
5 9 13 
5 9 13 
3 5 8 9 12 13 
3 5 8 9 12 13 
3 4 5 8 9 12 13 
3 4 5 7 8 9 11 12 
4 5 7 8 9 11 12 
2 3 6 7 8 9 10 11 12 14 15 16 
6 7 8 9 10 11 12 14 15 16 
7 8 9 11 12 13 15 
3 4 6 7 8 9 10 11 12 13 15 16 17 
2 3 4 6 7 8 9 10 11 12 14 15 16 
2 6 7 8 9 10 11 12 14 15 
8 9 10 11 14 15 
6 8 10 14 
2 3 7 8 10 14 
2 3 6 7 8 9 10 11 13 14 15 
4 5 6 7 8 9 10 11 14 
4 6 7 8 9 10 12 13 
6 7 8 9 10 11 13 14 15 
7 8 9 10 12 13 14 16 17 
2 6 7 8 9 11 12 13 15 16 17 
7 8 11 12 13 15 16 17 
2 6 7 10 11 12 14 15 16 
2 3 7 11 14 15 
10 11 14 15 
3 4 14 
4 5 8 9 
4 5 6 8 9 10 
2 3 4 5 7 8 9 12 13 
4 7 8 10 14 
4 5 7 8 9 
4 5 6 8 9 10 11 15 
4 5 6 7 8 9 10 11 12 13 
4 6 7 8 9 10 11 12 13 
6 7 8 9 10 11 12 13 
3 6 7 8 9 10 11 12 13 15 
5 7 8 9 10 11 12 13 14 15 16 
3 4 5 6 7 8 9 10 11 12 15 16 
4 5 6 7 8 9 10 11 12 14 15 16 
6 7 10 11 14 15 16 
6 10 
4 5 6 7 8 9 10 11 12 
4 5 6 7 8 9 10 11 12 
3 4 5 6 7 8 9 10 11 
3 4 5 7 8 9 
3 4 6 7 8 10 11 12 14 15 16 
3 4 6 7 8 10 11 12 14 
4 5 6 7 8 9 10 11 
4 6 7 8 9 10 11 12 13 15 16 17 
4 6 7 8 9 10 11 12 13 14 15 16 
4 6 7 8 9 10 11 12 13 14 15 17 
4 6 7 8 9 10 11 12 13 14 17 
6 7 8 9 10 11 12 13 15 16 17 
4 5 6 7 8 9 10 11 12 13 14 15 16 17 
2 3 4 5 6 7 8 9 10 11 12 13 14 15 16 
4 5 7 8 9 11 12 13 14 15 16 17 
2 3 4 5 6 7 8 9 10 11 12 13 14 15 16 17 
6 7 10 11 14 15 
6 7 8 10 11 12 14 15 
3 4 7 8 10 11 12 14 
2 3 4 7 9 10 11 13 14 
3 4 7 8 11 12 
3 4 6 7 10 11 
3 4 6 7 10 11 
3 4 6 7 10 11 
6 7 9 10 11 13 
2 3 4 5 6 9 10 13 
3 4 8 12 
2 3 4 5 6 7 8 9 10 11 12 13 14 15 16 17 
3 4 6 10 
4 
2 3 4 6 7 8 10 11 12 14 15 16 
2 3 4 5 6 7 8 10 11 12 14 15 16 
3 4 5 6 7 8 9 10 11 12 14 15 16 
5 6 7 8 10 11 12 14 15 16 
5 6 7 8 10 11 12 14 15 
2 3 5 6 7 9 10 11 13 14 15 
5 6 7 8 9 10 11 12 13 14 15 16 17 
5 6 7 8 9 10 11 12 13 16 17 
5 6 7 8 9 10 11 12 13 15 16 17 
5 6 9 10 11 12 14 15 16 
2 3 6 10 11 12 14 15 16 
10 11 14 15 


4 5 9 13 
2 5 6 9 13 
5 8 9 12 13 
8 9 12 13 16 17 
5 7 8 9 11 12 13 15 16 17 
2 4 5 7 8 9 11 12 13 15 16 17 
4 5 8 9 10 11 12 14 15 16 
2 3 4 5 8 9 10 11 12 14 15 16 
2 3 4 5 6 7 8 9 10 11 12 14 15 
2 3 4 5 6 7 8 9 10 11 12 13 14 16 17 
3 4 5 6 7 8 9 10 11 12 13 15 16 17 
3 4 5 8 9 10 11 12 13 14 15 16 
3 4 5 7 8 9 10 11 12 13 14 15 
3 4 5 6 7 8 9 10 11 12 13 
2 3 4 5 6 7 8 9 10 11 12 13 14 15 16 17 
6 10 

2 3 4 5 6 7 8 9 10 11 12 13 14 15 16 17 
2 3 4 5 6 7 8 9 10 11 12 13 14 15 16 17 
2 3 4 5 6 7 8 9 10 11 12 14 15 16 
2 3 6 7 8 9 10 11 12 13 14 15 
3 4 5 7 8 11 12 
7 8 11 12 
2 3 4 6 7 8 9 10 11 12 13 
4 5 6 7 8 9 10 11 12 

5 6 7 8 10 11 
3 4 6 7 8 10 11 12 14 15 16 
4 5 10 11 14 15 
3 4 5 10 11 14 15 
3 4 5 14 
