3 6 7 8 10 11 12 
3 7 8 10 11 12 14 
3 7 8 9 10 11 12 13 14 15 
3 6 7 8 9 10 11 12 13 14 15 16 17 
3 6 7 8 10 11 12 13 14 15 16 17 
3 7 8 11 12 15 16 17 
3 6 7 8 10 11 12 14 15 16 
3 7 8 10 11 12 14 15 16 
3 7 8 11 12 15 16 
3 7 11 12 15 16 
3 7 10 11 12 14 15 16 
3 7 
3 7 11 
3 7 11 14 15 
3 7 10 11 14 15 
3 7 10 11 14 15 
3 7 8 10 11 14 15 
3 6 7 8 10 11 12 14 15 
3 6 7 8 10 11 12 14 15 16 
3 6 7 8 10 11 12 14 15 16 
3 7 8 11 12 15 16 
3 6 7 8 10 11 12 
3 6 7 8 10 11 12 14 15 16 
3 6 7 8 10 11 12 14 15 16 
3 6 7 8 10 11 12 14 15 
3 7 8 11 12 14 15 16 
3 7 8 11 12 14 15 16 
3 7 8 10 11 12 14 15 16 
3 7 8 10 11 12 14 15 
3 7 11 12 15 16 
3 7 10 11 14 15 16 
3 7 10 11 14 15 
3 7 
3 7 
3 6 7 10 11 
3 6 7 10 11 14 
3 7 10 14 
3 7 
3 6 7 10 11 
3 6 7 10 11 14 15 
3 6 7 10 11 14 15 
3 7 
3 6 7 8 10 11 14 15 
3 7 8 10 11 12 14 
3 7 8 10 11 12 14 15 
3 7 8 11 12 14 15 16 
3 7 11 12 15 16 
3 7 8 
3 7 8 11 12 
3 7 8 11 12 14 15 16 
2 3 6 7 11 12 15 16 
2 3 6 7 10 11 15 16 
3 6 7 10 11 14 15 
3 7 11 
3 7 8 11 15 
3 7 8 11 14 15 
3 7 8 9 11 12 13 14 15 
3 7 8 11 12 13 17 
3 7 8 11 12 13 15 17 
3 7 8 11 12 15 
3 6 7 8 10 11 12 15 16 
3 6 7 10 11 14 15 
3 6 7 10 11 14 15 
3 6 7 10 11 14 15 
3 7 8 10 11 14 15 
3 7 9 10 11 13 14 15 
3 7 9 10 13 14 15 17 
3 7 13 14 15 17 
3 7 11 14 15 17 
3 6 7 9 11 13 14 15 
3 6 7 9 11 13 15 17 
3 6 7 10 11 13 14 15 17 
3 6 7 10 11 12 14 15 16 17 
3 6 7 8 10 11 12 14 15 16 
3 6 7 8 10 11 12 14 15 16 
3 7 8 10 11 12 14 15 16 
3 6 7 8 10 11 12 14 15 
3 6 7 8 10 11 14 15 
3 6 7 8 10 11 12 14 15 
3 6 7 9 10 11 13 14 15 
3 7 9 10 11 13 14 15 17 
3 7 8 10 11 12 13 14 15 16 17 
3 7 11 14 15 16 17 
3 6 7 10 11 14 15 
3 6 7 10 11 14 15 
6 7 10 11 14 15 
3 6 7 10 11 14 15 
3 6 7 10 11 14 15 
3 6 7 10 11 14 15 
3 6 7 9 10 11 13 14 15 
3 6 7 9 10 11 13 14 15 
3 6 7 9 10 11 13 14 15 17 
3 6 7 8 9 10 11 12 13 14 15 16 17 
3 6 7 8 9 10 11 12 13 14 15 16 17 
3 6 7 10 11 14 15 
3 6 7 9 10 11 13 14 15 
3 6 7 9 10 11 12 13 14 15 16 17 
6 7 8 9 10 11 13 14 15 17 
6 7 8 10 11 13 14 15 17 
3 6 7 8 10 11 13 14 15 17 
6 7 10 11 14 15 17 
6 7 9 10 11 13 14 15 
6 7 9 10 11 13 14 15 17 
6 7 8 10 11 13 14 15 17 
6 7 8 9 10 11 13 14 15 17 
6 7 9 10 11 13 14 15 17 
7 9 10 11 13 14 15 17 
3 6 7 8 10 11 12 13 14 15 16 17 
6 7 10 11 12 14 15 16 17 
6 7 10 11 12 14 15 16 17 
3 6 7 8 10 11 12 15 16 
3 6 7 8 10 11 12 15 16 
3 6 7 8 10 11 12 14 15 16 
3 6 7 8 10 11 12 14 15 16 
3 6 7 8 10 11 12 14 15 16 
6 7 8 10 11 12 14 15 16 
6 7 8 10 11 12 14 15 
3 6 7 8 10 11 12 14 15 16 
3 6 7 8 10 11 12 14 15 16 
3 6 7 8 10 11 12 14 15 16 
3 6 7 8 10 11 14 15 
3 6 7 8 10 11 12 14 15 
3 6 7 8 10 11 12 14 15 
3 6 7 11 12 14 15 16 
3 6 7 10 11 12 14 15 16 
3 6 7 8 10 11 15 16 
3 6 7 8 10 11 12 14 15 
3 6 7 8 10 11 12 14 15 
3 6 7 8 10 11 12 14 15 16 
3 7 10 11 12 14 15 16 
3 7 8 10 11 14 15 
3 7 8 10 11 12 14 15 
3 7 8 10 11 12 14 
3 7 8 10 11 12 14 15 16 
3 6 7 8 10 11 12 14 15 16 
3 6 7 8 10 11 12 14 15 16 
3 6 7 8 10 11 12 14 15 
3 6 7 8 10 11 12 14 15 16 
3 6 7 8 10 11 12 14 15 16 
3 6 7 8 10 11 12 14 15 
3 6 7 8 10 11 12 14 15 16 
3 6 7 10 11 12 14 15 16 
3 6 7 8 10 11 12 14 15 
3 6 7 8 10 11 12 14 15 16 
3 6 7 8 10 11 12 14 15 16 
3 6 7 8 14 15 16 
3 6 7 8 10 11 12 14 15 
3 6 7 8 10 11 12 15 16 
3 6 7 10 11 12 14 15 16 
3 6 7 8 10 11 12 14 15 16 
3 6 7 8 10 11 12 14 15 
3 6 7 8 10 11 12 14 15 16 
3 6 7 10 11 12 14 15 16 
3 6 7 10 11 14 15 
3 6 7 10 14 15 
3 6 7 10 11 14 
3 6 7 10 11 14 
3 7 10 11 14 15 
3 7 10 14 
3 7 
3 7 
3 6 7 11 
3 6 7 8 10 11 15 
3 6 7 8 10 11 12 14 15 
3 6 7 8 10 11 12 14 15 
3 6 7 8 10 11 12 14 15 16 
3 6 7 8 10 11 12 15 16 
3 6 7 8 10 11 12 14 15 16 
3 7 8 10 11 12 14 15 16 
3 7 8 11 12 14 15 16 
3 7 8 10 11 12 14 15 16 
3 7 8 11 12 14 15 16 
3 7 8 11 12 15 16 
3 7 8 11 12 15 16 
3 7 8 11 12 15 16 
3 7 8 11 12 15 16 
3 6 7 11 12 15 16 
3 6 7 10 11 14 15 16 
3 6 7 10 11 14 15 
3 6 7 10 11 14 15 
3 6 7 10 11 14 15 
3 7 10 11 14 15 
3 7 10 11 14 
3 7 11 15 
3 7 10 11 14 15 
3 7 11 14 15 
3 7 10 11 14 15 
3 7 10 11 14 15 
3 7 11 
3 7 10 11 14 15 
3 7 10 11 14 15 
3 7 
3 7 
3 7 11 
3 6 7 11 14 15 
3 6 7 10 11 14 15 
3 6 7 10 11 14 
3 7 10 11 14 15 
3 6 7 10 11 14 15 
3 6 7 10 11 14 15 
3 7 10 11 14 15 
3 7 
3 7 
3 7 10 11 14 15 
3 7 8 10 11 14 15 
3 6 7 8 10 11 12 
3 6 7 8 10 11 12 14 15 16 
3 7 10 11 12 14 15 16 
3 7 11 12 15 16 
3 7 8 
3 6 7 8 11 15 
3 6 7 8 10 11 12 14 15 
3 7 8 10 11 12 14 15 16 
3 7 8 10 11 12 14 15 16 
3 7 8 10 11 14 15 16 
3 7 8 11 12 14 15 
3 7 8 10 11 12 14 15 
3 6 7 8 10 11 12 14 15 16 
3 6 7 8 10 11 12 14 15 16 
7 8 11 12 
3 7 8 11 12 14 15 
3 6 7 8 9 10 11 12 13 14 15 
3 6 7 8 9 10 11 12 13 14 15 16 17 
3 7 8 10 11 12 13 14 15 16 17 
3 7 8 11 12 15 16 17 
3 7 8 11 12 15 16 
3 7 8 11 12 15 16 
3 6 7 8 10 11 12 14 15 16 
3 6 7 10 11 12 14 15 16 
3 6 7 10 11 12 14 15 16 
3 6 7 10 11 14 15 
3 7 10 11 14 15 
3 7 10 14 
3 6 7 9 10 11 13 17 
3 6 7 10 11 13 14 17 
3 7 17 
3 6 7 10 11 
3 6 7 8 10 11 14 
3 7 8 11 14 15 
3 7 8 11 12 
3 6 7 8 11 12 
3 6 7 8 10 11 12 
3 6 7 8 9 10 11 12 13 14 15 
3 7 8 9 10 11 12 13 14 15 16 17 
3 7 8 11 12 13 15 16 17 
3 7 11 12 13 15 16 17 
3 7 11 12 15 16 17 
3 7 11 12 15 16 
3 7 11 
3 7 10 11 14 15 
3 7 10 11 14 15 
3 
3 
3 7 
3 7 
3 7 
3 7 
3 7 
3 7 8 11 
3 7 8 10 11 12 14 15 
3 6 7 8 10 11 12 15 16 
3 6 7 10 11 12 14 15 16 
3 7 11 14 15 16 
3 6 7 10 11 14 15 
3 6 7 10 11 14 15 
3 7 8 14 
3 7 8 11 12 
3 7 8 11 12 
3 6 7 8 11 12 15 16 
3 6 7 10 11 12 15 16 
3 6 7 10 11 14 15 16 
3 7 10 11 14 15 
3 7 8 10 11 14 15 
3 7 8 11 14 
3 7 8 10 11 12 14 15 
3 7 8 9 10 11 12 13 14 15 
3 6 7 8 9 10 11 12 13 14 15 17 
3 6 7 8 9 10 11 12 13 14 15 16 17 
3 6 7 8 9 10 11 12 13 14 15 16 17 
3 7 8 9 10 11 12 13 14 15 16 
3 6 7 8 9 10 11 12 13 14 15 16 
3 6 7 9 10 11 13 14 15 17 
3 6 7 9 10 11 13 14 16 17 
3 6 7 9 10 11 13 14 15 16 17 
3 6 7 10 11 12 13 14 15 16 17 
3 6 7 10 11 12 14 15 16 17 
3 6 7 10 11 12 14 15 16 
3 6 7 10 11 14 15 16 
3 6 7 8 10 11 12 14 15 16 
3 6 7 10 11 14 15 
3 7 8 11 14 15 
3 7 8 11 14 15 
3 7 8 11 12 14 15 16 
3 7 8 
3 7 8 9 11 13 
3 6 7 9 10 11 12 13 14 15 16 17 
3 7 11 12 13 15 16 17 
3 6 7 8 10 11 12 14 15 16 
3 7 8 10 11 12 14 15 16 
3 7 8 11 12 14 15 16 
3 7 8 10 11 12 14 15 
3 7 8 11 12 14 15 16 
3 7 8 11 12 15 16 
3 7 8 11 12 15 16 
3 7 8 11 12 15 16 
3 7 8 11 12 
3 7 8 11 12 15 16 
3 7 8 11 12 15 16 
3 7 8 11 12 14 15 16 
3 6 7 8 11 14 15 16 
3 6 7 8 10 11 14 15 16 
3 6 7 8 10 11 12 14 15 
3 7 8 11 12 
3 6 7 8 9 10 11 12 
3 6 7 8 9 10 11 12 13 14 
3 7 8 9 10 11 12 13 14 17 
3 7 8 10 11 12 13 14 15 16 17 
3 6 7 8 10 11 14 15 16 17 
3 6 7 8 10 11 12 
3 6 7 9 10 11 13 14 
3 6 7 9 10 11 13 14 15 17 
3 6 7 10 11 12 13 14 15 16 17 
3 7 10 11 12 14 15 16 17 
3 7 8 10 11 12 14 15 16 
3 7 8 11 12 14 15 16 
3 7 8 10 11 12 14 15 16 
3 6 7 8 10 11 12 14 15 16 
3 6 7 8 10 11 12 14 15 16 
3 6 7 8 10 11 12 14 15 16 
3 7 8 11 12 15 
3 7 8 10 11 12 14 15 16 
3 7 8 11 12 14 15 16 
3 6 7 8 10 11 12 15 16 
3 6 7 8 10 11 14 15 16 
3 7 8 10 11 12 14 15 
3 7 8 10 11 12 14 15 
3 7 8 11 12 14 15 
3 6 7 8 10 11 12 15 
3 6 7 8 9 10 11 12 13 14 15 17 
3 6 7 8 10 11 12 13 14 15 16 17 
3 6 7 8 10 11 12 14 15 16 17 
7 8 10 11 12 14 15 16 
3 7 8 10 11 12 14 15 16 
3 6 7 8 11 12 14 15 
3 6 7 8 10 11 12 14 15 16 
3 6 7 8 10 11 12 14 15 16 
3 7 8 11 12 14 15 16 
3 7 8 11 12 15 16 
3 7 8 11 12 15 16 
3 6 7 11 12 15 16 
3 6 7 8 10 11 12 14 15 16 
3 6 7 8 10 11 14 15 16 
3 6 7 8 10 11 12 14 15 
3 6 7 8 11 12 
3 6 7 8 10 11 12 15 16 
6 7 10 11 12 14 15 16 
6 7 8 11 12 14 15 16 
3 6 7 8 10 11 14 15 
3 6 7 8 9 10 11 12 13 
6 7 8 9 10 11 12 13 14 15 17 
6 7 8 10 11 12 13 14 15 16 17 
3 6 7 8 11 12 13 14 15 16 17 
3 6 7 8 11 12 14 15 16 
3 6 7 8 10 11 12 15 16 
3 6 7 8 10 11 12 14 15 
3 6 7 8 10 11 12 14 15 16 
3 6 7 8 10 11 12 14 15 16 
3 6 7 8 10 11 12 14 15 16 
3 6 7 8 10 11 14 15 16 
3 6 7 8 10 11 12 
3 6 7 8 10 11 12 14 15 
3 6 7 10 11 12 14 15 16 
3 6 7 8 11 12 14 15 16 
3 6 7 8 11 12 15 16 
3 6 7 8 10 11 12 15 
3 6 7 10 11 12 14 15 16 
6 7 10 11 12 14 15 16 
2 3 6 7 10 11 14 15 
2 3 6 7 9 10 11 13 14 15 
2 3 6 7 9 11 13 14 15 
2 3 6 7 11 13 14 15 17 
2 3 6 7 10 11 13 14 15 17 
2 3 6 7 8 10 11 14 17 
2 3 6 7 8 10 11 14 15 
2 3 6 7 8 11 12 14 15 
2 3 6 7 8 10 11 12 14 15 
2 3 6 7 8 10 11 12 14 15 
2 3 6 7 8 11 12 15 
3 6 7 8 9 11 12 13 15 
2 3 6 7 8 9 10 11 12 13 14 15 17 
2 3 6 7 8 9 10 11 13 14 15 17 
2 3 6 7 8 12 13 16 17 
3 6 7 9 10 11 13 16 17 
2 6 7 9 10 11 13 14 17 
3 6 7 10 11 13 14 16 17 
2 3 6 7 9 10 11 13 14 15 16 17 
3 6 7 9 10 11 13 14 15 17 
3 6 7 10 11 12 13 14 15 16 17 
3 6 7 10 11 12 14 15 16 
3 6 7 8 10 11 12 14 15 16 
2 3 6 7 8 10 11 12 14 15 16 
3 6 7 8 10 11 12 14 15 16 
2 3 6 7 8 10 11 12 14 15 16 
2 3 6 7 10 11 12 14 15 16 
2 3 6 7 10 11 12 14 15 16 
2 3 6 7 8 10 11 14 15 16 
2 3 6 7 8 11 12 14 15 
2 3 6 7 8 10 11 12 14 15 
3 6 7 8 11 12 14 15 
3 6 7 8 11 12 15 16 
3 6 7 8 10 11 12 15 16 
2 3 6 7 8 10 11 12 14 15 16 
2 3 6 7 8 10 11 12 14 15 
2 3 6 7 8 10 11 12 14 15 
2 3 6 7 8 10 11 12 14 15 
2 3 6 7 8 10 11 12 14 15 16 
2 3 6 7 8 11 12 15 16 
2 3 6 7 8 11 12 15 16 
2 3 6 7 8 10 11 12 14 15 
2 3 6 7 8 10 11 12 14 15 
2 3 6 7 9 10 11 13 14 15 
2 3 6 7 9 10 11 13 14 15 17 
3 6 7 10 11 13 14 15 17 
2 3 6 7 10 11 14 15 17 
3 6 7 9 10 11 13 14 15 
2 3 7 9 10 11 13 14 15 17 
2 3 6 7 10 11 13 14 15 17 
2 3 6 7 10 11 14 17 
3 6 7 10 11 12 14 15 16 
2 3 6 7 10 11 14 15 16 
3 6 7 8 10 11 12 14 15 16 
2 3 6 7 8 10 11 12 14 15 16 
2 3 6 7 10 11 12 14 15 16 
3 7 10 11 12 14 15 16 
2 3 7 8 11 12 15 16 
3 7 8 11 12 15 
2 3 7 8 10 11 12 14 15 
3 7 8 11 12 14 15 
3 7 8 9 10 11 12 13 14 15 17 
2 3 7 8 10 11 12 13 14 15 16 17 
3 7 8 11 12 15 16 17 
3 7 8 11 12 15 16 
2 3 7 8 11 12 15 16 
3 7 8 11 12 15 16 
3 7 8 11 12 15 16 
3 7 8 11 12 15 16 
3 7 8 11 12 15 16 
3 7 8 11 12 15 16 
3 7 8 11 12 
3 7 8 11 12 15 16 
3 6 7 10 11 12 14 15 16 
3 6 7 8 10 11 14 15 
3 7 8 11 12 
3 6 7 8 10 11 12 14 15 
3 7 8 9 11 12 13 
3 7 8 9 11 12 13 15 16 17 
3 7 8 11 12 13 15 16 17 
3 7 8 11 12 15 16 17 
3 6 7 8 10 11 12 15 16 
3 6 7 8 10 11 12 14 15 16 
3 6 7 8 10 11 12 14 15 16 
3 7 8 10 11 12 14 15 16 
3 6 7 8 10 11 12 15 16 
3 6 7 8 10 11 12 14 15 16 
3 7 8 10 11 12 14 15 16 
3 7 8 11 12 15 16 
3 7 8 11 12 15 16 
3 7 8 11 12 15 16 
3 7 8 11 12 15 16 
3 6 7 10 11 12 15 16 
3 7 8 10 14 15 16 
3 7 8 
3 7 8 11 12 
3 7 8 11 12 
3 6 7 10 11 12 15 16 
3 7 10 11 12 14 15 16 
3 7 
3 7 8 
3 7 8 11 12 
3 7 8 10 11 12 14 15 
3 7 8 10 11 12 14 15 
3 7 8 11 12 
3 7 8 11 12 15 16 
3 6 7 8 10 11 
3 7 8 9 10 11 13 14 
3 7 8 9 11 13 14 15 17 
3 7 8 9 12 13 16 17 
3 7 8 9 12 13 16 17 
3 7 8 9 11 12 13 16 17 
3 7 9 11 13 14 15 16 17 
3 6 7 9 10 11 13 14 15 17 
3 6 7 10 11 13 14 15 17 
3 7 10 12 13 14 16 17 
3 7 16 17 
3 6 7 8 9 11 13 15 
3 6 7 8 9 10 11 13 14 15 17 
3 7 10 13 14 17 
3 7 11 12 15 16 17 
3 7 15 16 
3 7 8 11 12 15 16 
3 7 11 15 
3 7 8 10 11 12 14 15 
3 6 7 10 11 14 
3 6 7 10 11 14 
3 6 7 10 11 14 15 
3 6 7 10 11 14 15 
3 6 7 10 11 14 15 
3 7 9 10 11 13 14 15 
3 6 7 8 9 13 14 15 17 
3 6 7 8 10 11 13 14 16 17 
3 7 8 10 11 12 14 15 16 17 
3 7 8 10 11 12 14 15 16 
3 6 7 8 11 12 14 15 16 
3 6 7 8 10 11 12 15 16 
3 6 7 8 10 11 12 14 15 16 
3 6 7 11 12 14 15 16 
3 6 7 10 11 12 14 15 16 
3 6 7 10 11 14 15 16 
3 7 10 11 14 15 
3 7 14 15 
3 7 
3 7 11 
3 7 10 11 14 15 
3 7 14 15 
3 7 11 
3 6 7 8 10 11 12 14 15 
3 6 7 8 9 10 11 12 13 14 15 
3 6 7 8 9 10 11 12 13 14 15 16 17 
3 6 7 8 10 11 12 13 14 15 16 17 
3 6 7 8 10 11 12 14 15 16 17 
3 6 7 8 10 11 12 14 15 16 
3 7 8 10 11 12 14 15 16 
3 7 8 11 12 
3 7 10 11 12 14 15 16 
3 6 7 10 11 12 14 15 16 
3 7 8 10 14 15 16 
3 6 7 8 10 11 
3 6 7 8 10 11 12 14 15 
3 7 8 11 12 14 15 
3 7 8 11 12 15 16 
3 7 11 12 15 16 
3 7 
3 7 8 11 
3 7 8 10 11 14 15 
3 7 8 10 11 12 14 15 
3 6 7 8 10 11 12 14 15 16 
3 6 7 10 11 12 14 15 16 
3 6 7 8 10 11 15 16 
3 7 8 11 12 14 
3 7 8 10 11 12 14 15 16 
3 6 7 10 11 12 14 15 16 
3 6 7 10 11 14 
3 7 14 
3 7 
3 6 7 10 11 
3 6 7 10 11 14 
3 7 8 11 
3 7 8 10 11 14 15 
3 6 7 8 10 11 12 14 15 
3 6 7 8 10 11 12 14 15 16 
3 7 8 11 12 15 16 
3 7 8 11 12 15 16 
3 7 8 10 11 12 14 15 
3 6 7 8 10 11 12 15 16 
3 6 7 8 10 11 12 14 15 16 
3 6 7 8 10 11 12 14 15 16 
3 6 7 8 10 11 12 14 15 16 
3 6 7 10 11 12 14 15 16 
3 7 8 11 12 15 16 
3 6 7 8 10 11 12 15 
3 6 7 8 10 11 12 14 15 
3 7 8 10 11 12 14 15 16 
3 7 8 11 12 15 16 
3 7 8 11 12 15 16 
3 7 8 10 11 12 14 15 
3 6 7 8 10 11 12 14 15 16 
3 6 7 8 10 11 12 15 16 
3 6 7 8 10 11 12 14 15 16 
3 7 8 11 12 14 15 16 
3 7 11 12 15 16 
3 7 8 11 12 15 16 
3 7 8 11 12 
3 7 8 11 12 
3 7 8 9 11 12 13 15 16 
3 7 9 11 12 13 15 16 
3 6 7 8 9 10 11 12 13 15 16 17 
3 6 7 8 10 11 12 13 14 15 16 17 
3 6 7 8 10 11 12 14 15 16 17 
3 6 7 8 10 11 12 14 15 16 
3 7 8 10 11 12 14 15 16 
3 6 7 8 10 11 12 
3 6 7 8 10 11 12 14 15 16 
3 6 7 10 11 12 14 15 16 
3 6 7 10 11 12 15 16 
3 7 10 14 15 16 
3 6 7 10 11 
3 6 7 10 11 14 15 
3 7 10 14 
3 7 
3 6 7 8 10 11 
3 6 7 8 10 11 12 14 
3 6 7 8 10 11 12 14 15 
3 6 7 8 9 10 11 12 13 14 15 
3 7 8 9 10 11 12 13 14 15 16 17 
3 7 10 11 12 13 14 15 16 17 
3 7 11 12 15 16 17 
3 7 11 12 15 16 
3 7 11 12 15 16 
3 7 11 15 16 
3 7 8 11 12 
3 7 8 9 11 12 13 15 
3 6 7 8 9 10 11 12 13 14 15 17 
6 7 10 11 
