2 2 2 2 2 2 2 
2 2 2 2 2 2 2 
2 2 2 2 2 2 2 
2 2 2 2 2 2 2 
2 2 2 2 2 2 2 
2 2 2 2 2 2 2 2 
2 2 2 2 2 2 2 2 
2 2 2 2 2 2 2 2 
2 2 2 2 2 2 2 2 
2 2 2 2 2 2 2 2 
2 2 2 2 2 2 2 
2 2 2 2 2 2 2 
2 2 2 2 2 2 2 2 
2 2 2 2 2 2 2 2 
2 2 2 2 2 2 2 2 
0 2 2 2 2 2 2 2 2 
0 2 2 2 2 2 2 2 
0 2 2 2 2 2 2 2 
2 2 2 2 2 2 2 
2 2 2 2 2 2 2 2 
2 2 2 2 2 2 2 2 
2 2 2 2 2 2 2 
2 2 2 2 2 2 2 
2 2 2 2 2 2 
2 2 2 2 2 2 2 
2 2 2 2 2 2 
2 2 2 2 2 2 
2 2 2 2 2 2 
2 2 2 2 2 2 
2 2 2 2 2 
2 2 2 2 2 
2 2 2 2 2 2 
2 2 2 2 2 
2 2 2 2 2 
2 2 2 2 2 
2 2 2 2 2 
2 2 2 2 2 2 
2 2 2 2 2 2 
2 2 2 2 2 
2 2 2 2 2 2 
2 2 2 2 2 2 
0 2 2 2 2 
2 2 2 2 2 
2 2 2 2 2 
2 2 2 2 2 
2 2 2 2 2 
2 2 2 2 
2 2 2 2 2 
2 2 2 2 2 
2 2 2 2 
2 2 2 2 2 2 
2 2 2 2 2 2 
2 2 2 2 2 2 
2 2 2 2 2 2 
2 2 2 2 2 2 
2 2 2 2 2 2 2 
2 2 2 2 2 2 2 
2 2 2 2 2 2 
2 2 2 2 2 2 
2 2 2 2 2 2 
2 2 2 2 2 2 
2 2 2 2 2 2 
2 2 2 2 2 2 
2 2 2 2 2 2 
2 2 2 2 2 2 2 
2 2 2 2 2 2 2 
0 2 2 2 2 2 2 2 
2 2 2 2 2 2 
2 2 2 2 2 2 2 
2 2 2 2 2 2 2 2 
2 2 2 2 2 2 2 
2 2 2 2 2 2 2 
2 2 2 2 2 2 
2 2 2 2 2 2 
2 2 5 2 2 2 
2 5 2 2 2 
2 5 2 2 2 
2 2 2 5 2 
5 2 
2 5 2 
2 5 2 
5 2 
5 2 
2 5 
2 5 
5 
5 
2 5 
2 5 
2 5 
2 5 
5 2 
2 5 
2 5 
5 2 
2 2 5 
2 5 
2 5 
2 5 
2 5 
2 5 
2 5 
5 2 
5 2 
5 2 
2 5 
2 2 5 
2 2 5 
2 2 5 2 
7 2 2 5 2 2 
2 7 2 2 2 
7 2 2 2 
2 7 2 2 2 
2 2 2 
2 2 2 
2 7 5 2 2 
2 2 7 2 2 
2 7 2 2 2 
2 2 2 2 
2 2 2 
2 2 2 2 
2 2 2 2 
2 2 2 
2 2 2 
2 2 2 
2 2 2 2 
2 2 2 2 
2 2 2 2 
2 2 2 
2 2 2 
2 2 2 
2 2 2 
2 2 2 
2 2 
2 2 
2 2 2 
2 2 2 
2 2 
2 2 
2 2 
2 2 
2 2 2 
2 2 2 
2 2 2 
2 2 
2 2 
2 2 
2 2 
2 2 
2 2 
2 2 
2 2 
2 2 
7 2 
7 2 
2 
2 
2 
7 2 
2 
7 2 
7 2 
2 
2 
2 
2 
2 
2 
2 
2 7 
2 
2 2 
2 2 
2 2 
7 2 2 
2 0 7 
2 2 7 
2 7 
2 2 
2 0 2 7 
2 2 
2 2 
2 2 
7 2 2 
2 2 
2 2 
2 2 
2 2 
2 2 
2 2 
2 2 
2 2 
2 2 
2 2 2 
2 2 
2 2 
2 2 
2 5 2 
2 5 
5 2 
2 5 
2 5 
2 5 
2 5 
0 5 
5 
5 

2 

2 0 
2 0 
0 
2 7 0 
2 0 2 
2 0 2 
0 2 2 
2 0 2 
0 2 
0 2 2 
0 2 2 
0 2 2 
0 2 2 
0 2 2 
0 2 2 
0 2 2 
2 2 
2 2 
7 2 2 
0 7 2 2 
0 2 2 
7 0 2 2 
0 2 2 
2 2 
2 2 
2 2 
2 2 
2 
2 
2 
2 0 2 
0 2 
0 2 
0 2 
0 2 
2 0 
0 
0 
2 0 
0 2 
0 2 
0 2 
0 2 
0 2 
0 2 
2 
2 
2 
2 
0 2 
2 
2 
2 
2 
2 
2 
2 
2 
2 
2 
2 
2 
2 
2 
2 
2 
2 
2 
2 
2 
2 
2 
2 
2 
2 
2 5 
2 5 6 2 
0 2 6 
5 6 2 
0 2 2 
2 2 
2 2 
2 2 
2 2 
0 2 2 2 
2 2 2 
2 2 2 
2 2 2 
2 2 2 
2 2 2 
0 2 5 2 2 
2 5 2 2 2 
5 2 2 2 2 
2 2 2 2 
2 2 5 2 2 
2 2 2 5 2 
5 2 2 2 2 
5 2 2 2 
5 2 2 2 
5 2 2 2 2 
7 5 2 2 2 2 
2 2 2 
2 2 2 
2 2 2 
2 2 2 
2 2 0 2 2 2 
2 2 0 2 2 2 
2 0 2 2 2 2 
2 0 2 2 2 2 
2 2 0 2 2 2 
0 2 2 2 2 2 
2 0 2 2 2 2 
2 2 0 2 2 2 
2 2 2 0 2 2 
2 2 0 2 2 
2 0 2 2 2 
2 0 2 2 2 
0 2 2 2 
0 2 2 2 
0 2 2 2 
2 2 2 
2 2 2 
2 2 2 
2 2 2 
2 2 2 
2 2 2 
2 2 2 
2 2 2 
2 2 2 
2 2 2 2 
2 2 2 
2 2 2 
2 2 2 2 
2 2 2 2 
2 2 2 2 2 
2 2 2 2 2 2 
2 2 2 2 2 2 
2 2 2 2 2 
2 2 2 2 2 
2 2 2 2 
2 2 2 
2 2 2 
2 2 2 
2 2 
2 2 
2 2 
2 2 
2 2 
2 
2 
2 2 
2 2 
2 2 
2 
2 
2 
2 
2 2 
2 
2 
2 2 
2 2 
2 2 
2 2 2 
2 2 2 
2 2 2 
2 2 2 
2 2 2 
2 2 2 
2 2 2 
2 2 2 
2 2 2 
2 2 2 
2 2 2 
2 2 2 2 
2 2 2 2 
2 2 2 2 
2 2 2 2 
2 2 2 2 
2 2 2 2 
2 2 2 2 
2 2 2 2 
2 2 2 2 
2 2 2 2 
2 2 2 2 
2 2 2 2 
2 2 2 2 
2 2 2 2 
2 2 2 2 
2 2 2 2 
2 2 2 2 
7 2 2 2 2 
2 2 2 2 
2 2 2 2 
2 2 2 2 
2 2 2 2 
2 2 2 2 2 
2 2 2 2 2 
2 2 2 2 2 
2 2 2 2 2 
2 2 2 2 2 
2 2 2 2 
2 2 2 2 
2 2 2 
2 2 2 2 
2 2 2 
2 2 2 2 
2 2 2 
2 2 2 
2 2 2 2 
2 2 2 
2 2 2 
2 2 2 
2 2 2 
2 2 2 
2 2 2 
2 2 2 
2 2 2 
2 2 2 
2 2 2 
2 2 2 
2 2 2 
2 2 2 
2 2 2 
2 2 2 2 
2 2 2 2 
2 2 2 2 
2 2 2 2 
2 2 2 2 2 
2 2 2 2 2 
2 2 2 2 2 
2 2 2 2 2 
2 2 2 2 2 
2 2 2 2 2 
2 2 2 2 2 
2 2 2 2 2 
2 2 2 2 2 
2 2 2 2 2 
2 2 2 2 2 
2 2 2 2 
2 2 2 2 2 
2 2 2 2 
2 2 2 2 
2 2 2 2 
2 2 2 2 
2 2 2 2 
2 2 2 2 
2 2 2 2 
2 2 2 2 
2 2 2 2 
2 2 2 2 
2 2 2 2 
2 2 2 
2 2 2 
2 2 2 
7 2 2 
7 2 2 
7 2 2 
7 2 2 
2 2 2 
2 2 2 
2 2 2 
2 2 
2 2 
2 2 
2 2 
2 2 
2 2 
2 2 
2 2 
2 2 
2 2 
2 2 2 
2 2 2 2 
2 2 2 
2 2 2 2 
2 2 2 
2 2 2 2 
2 2 2 2 
2 2 2 
2 2 2 2 
2 2 2 2 
2 2 2 2 
2 2 2 2 
2 2 2 2 2 
2 2 2 2 2 
2 2 2 2 2 
2 2 2 2 2 
2 2 2 2 2 
2 2 2 2 
2 2 2 2 
2 2 2 2 
2 2 2 2 
2 2 2 2 
2 2 2 2 
2 2 2 2 
2 2 2 2 
2 2 2 2 
2 2 2 2 
2 2 2 2 
7 2 2 2 
2 2 2 
2 2 2 
2 2 2 
2 2 2 
2 2 2 
2 2 2 
2 2 2 
2 2 2 
2 2 
2 2 
2 2 2 
2 2 2 
2 2 2 2 
2 2 2 2 
2 2 2 2 
2 2 2 2 
2 2 2 2 
2 2 2 2 
2 2 2 2 
2 2 2 2 
2 2 2 2 
2 2 2 2 
2 2 2 2 
2 2 2 2 
2 2 2 2 
2 2 2 2 
2 2 2 2 
2 2 2 2 
2 2 2 2 
2 2 2 2 
2 2 2 2 
2 2 2 2 
2 2 2 2 
2 2 2 2 
2 2 2 2 
2 2 2 2 
2 2 2 2 
2 2 2 2 
2 2 2 
2 2 2 2 
2 2 2 
2 2 2 
2 2 2 
2 2 2 
2 2 2 2 
2 2 2 
2 2 2 
2 2 2 
2 2 2 
7 2 2 2 
7 2 2 2 
7 2 2 2 
7 2 2 2 
7 2 2 2 
7 2 2 2 
7 2 2 2 
7 5 2 2 2 
7 2 2 2 2 2 
2 2 2 2 2 
2 5 2 2 2 
5 2 2 2 
2 5 2 2 2 
2 5 2 2 2 
5 2 2 2 
2 5 2 2 2 
2 5 2 2 2 
2 5 2 2 2 
2 5 2 2 2 
2 5 2 2 2 
5 2 5 2 2 2 
2 2 2 5 2 2 2 
2 2 5 2 2 2 
2 2 2 5 2 2 2 
2 2 2 2 5 2 2 2 
2 2 2 5 2 2 2 
2 2 2 5 2 2 
2 5 2 2 2 
2 2 2 5 2 2 
2 2 2 5 2 2 
2 2 2 5 2 2 
2 2 5 2 2 
2 2 2 5 2 2 
2 2 2 5 2 
0 2 2 5 2 2 
2 2 2 2 5 2 
2 2 2 5 2 
2 2 2 2 5 2 
2 2 2 2 5 2 
0 2 2 5 2 2 2 
2 2 5 2 2 2 
2 2 5 7 2 2 
2 2 5 2 
7 2 2 5 2 
7 2 2 5 2 
7 2 2 5 2 
2 5 2 2 
2 2 7 2 2 2 
7 2 2 2 
7 2 2 2 
7 2 5 2 2 2 
2 7 2 2 2 
7 2 2 2 
2 2 7 2 2 2 
2 2 7 2 2 2 
2 2 7 2 2 2 2 2 
2 7 2 2 2 2 2 
2 7 2 2 2 2 
2 2 2 2 2 
2 2 2 2 2 
2 2 2 2 2 2 
2 2 2 2 2 2 
7 2 2 2 2 2 2 2 
0 2 7 2 2 2 2 2 2 2 
2 2 2 2 2 2 
2 2 7 2 2 2 2 2 
7 0 2 2 2 2 2 2 
2 2 0 2 2 2 2 2 2 
2 2 2 2 2 2 2 2 
0 2 2 2 2 2 2 
2 2 2 2 2 2 2 
2 2 2 2 2 2 
2 2 2 2 2 2 
2 2 2 2 2 2 
2 2 2 2 2 2 
2 2 2 2 2 2 2 2 
2 2 2 2 2 2 2 
2 2 2 2 2 2 2 
2 2 2 2 2 2 2 
2 2 2 2 2 2 2 
2 2 2 2 2 2 2 
2 0 2 2 2 2 2 2 
0 2 2 2 2 2 2 2 
2 0 2 2 2 2 2 
0 2 2 2 2 2 
2 2 2 2 2 2 
0 2 2 2 2 2 
2 2 2 2 2 
2 2 2 2 2 
0 2 2 2 2 2 
0 2 2 5 2 2 2 
0 2 2 5 2 2 2 2 
0 2 2 5 2 2 2 2 
0 2 2 2 2 2 2 2 
0 2 2 2 2 2 2 5 2 2 
2 2 2 2 2 2 2 2 
2 2 2 2 2 2 2 
2 2 2 2 2 5 2 2 2 
5 2 2 2 2 2 2 2 
2 2 2 2 5 2 2 
2 2 2 2 2 2 
2 2 2 2 2 2 
2 2 2 2 2 2 2 
2 2 2 2 2 2 2 2 
2 2 2 2 2 
2 2 2 2 2 2 
2 5 2 2 2 2 2 
2 2 2 2 2 
2 2 2 2 2 
2 2 2 2 2 2 
2 2 2 2 2 2 
2 2 2 2 2 2 
2 2 2 2 2 2 
2 2 2 2 2 2 
2 5 2 2 2 2 2 
2 2 2 2 2 
2 5 2 2 2 2 
2 2 2 2 2 
2 5 2 2 2 2 
5 2 2 2 2 2 
2 2 2 2 2 
0 2 2 2 2 2 
5 2 2 2 
2 5 2 2 2 
2 5 2 2 2 
2 2 2 5 
2 5 2 2 
2 2 5 2 
5 2 2 2 
2 2 5 2 2 
2 2 5 2 
2 2 2 5 
2 2 5 2 
2 2 2 5 
2 2 2 5 
2 2 2 2 5 
2 2 2 5 
2 2 5 
2 2 2 5 
2 2 2 5 
2 2 2 5 
7 2 2 5 2 2 
7 2 2 2 2 5 
2 2 5 2 2 2 
2 2 2 2 2 2 5 
2 2 2 2 2 5 2 
2 2 2 2 2 2 5 
2 2 2 2 2 2 5 
2 2 2 2 2 5 
2 2 2 2 5 2 
2 2 2 2 2 2 5 
2 2 2 2 2 2 5 
2 2 2 2 2 2 2 5 
2 2 2 2 2 2 2 5 
2 2 2 2 2 5 2 
2 2 2 2 5 2 2 2 
2 2 2 2 5 2 2 2 
2 2 2 2 5 2 2 2 
2 2 2 2 5 2 2 2 
2 2 2 2 5 2 2 2 
2 2 2 2 2 2 5 2 
2 2 2 2 5 2 2 2 
2 2 2 2 2 5 2 
5 2 2 2 2 2 2 
2 5 2 2 2 2 2 
2 5 2 2 2 2 2 
2 2 7 5 2 2 2 2 2 
2 7 2 5 2 2 2 2 2 
2 2 7 2 6 2 2 2 2 2 
2 7 6 2 2 2 2 2 
2 7 2 6 2 2 2 2 
2 5 2 6 2 2 2 2 
2 2 6 2 2 2 2 
2 2 6 2 2 2 2 
2 2 2 6 2 2 2 
5 7 2 2 2 2 6 2 2 
2 2 2 2 6 2 2 
5 2 6 2 2 2 2 2 
2 2 2 2 6 2 2 
2 2 2 2 6 2 2 
2 2 2 6 2 2 2 
2 2 6 2 2 2 
2 2 2 2 2 6 2 2 
2 2 2 2 2 6 2 2 
2 2 2 2 6 2 2 
2 2 2 2 6 2 2 
2 2 2 6 2 2 2 
2 2 6 2 2 2 2 
2 6 2 2 2 2 2 
2 6 2 2 2 2 2 
6 2 2 2 2 2 2 
2 6 2 2 2 2 2 
2 5 6 2 2 2 2 2 2 
5 2 2 2 2 2 2 2 2 
2 5 2 2 2 2 2 2 
2 2 2 2 2 2 2 
2 2 2 2 2 2 
6 2 2 2 2 2 2 
6 2 5 2 2 2 2 2 2 
2 2 2 2 2 2 2 
6 5 2 2 2 2 2 2 2 
2 2 2 2 2 2 2 
2 2 2 2 2 2 2 
2 2 2 2 2 2 2 
2 2 2 2 2 2 2 
2 2 2 2 2 2 2 
2 2 2 2 2 2 2 
2 2 2 2 2 2 2 
2 2 2 2 2 2 2 2 
2 2 2 2 2 2 2 
2 2 2 2 2 2 2 2 
2 2 2 2 2 2 2 
2 2 2 2 2 2 2 
2 2 2 2 2 2 2 
2 2 2 2 2 
2 2 2 2 2 
2 2 2 2 2 
2 2 2 2 2 
2 2 2 2 2 2 
2 2 2 2 2 2 2 
2 2 2 2 2 2 2 
2 2 2 2 2 2 2 
2 2 2 2 2 2 2 
2 2 2 2 2 2 2 
2 2 2 2 2 2 2 
2 2 2 2 2 2 2 
2 2 2 2 2 2 2 
2 2 2 2 2 2 2 
7 2 2 2 2 2 2 2 
2 2 2 2 2 2 2 
2 2 2 2 2 2 2 
2 2 2 2 2 2 2 
2 2 2 2 2 2 2 
2 2 2 2 2 2 2 
2 2 2 2 2 2 
2 2 2 2 2 2 2 
2 2 2 2 2 2 2 
2 2 2 2 2 2 
2 2 2 2 2 2 
2 2 2 2 2 2 
2 2 2 2 2 2 
2 2 2 2 2 2 2 
2 2 2 2 2 2 2 2 
2 2 2 2 2 2 2 
2 2 2 2 2 2 2 
2 2 2 2 2 2 2 
2 2 2 2 2 2 2 
2 2 2 2 2 2 2 
2 2 2 2 2 2 2 
2 2 2 2 2 2 2 
2 2 2 2 2 2 2 
2 2 2 2 2 2 2 
2 2 2 2 2 2 2 2 
2 2 2 2 2 2 2 2 
2 2 2 2 2 2 2 
2 2 2 2 2 2 2 2 
2 2 2 2 2 2 2 
2 2 2 2 2 2 2 
2 2 2 2 2 2 2 
2 2 2 2 2 2 2 
2 2 2 2 2 2 2 
2 2 2 2 2 2 2 
2 2 2 2 2 2 2 
2 2 2 2 2 2 2 
2 2 2 2 2 2 2 
2 2 2 2 2 
2 2 2 2 2 2 
2 2 2 2 2 2 2 
2 2 2 2 2 2 2 
2 2 2 2 2 2 2 
2 2 2 2 2 2 
2 2 2 2 2 2 2 2 2 
2 2 2 2 2 2 2 2 
2 2 2 2 2 2 2 
2 2 2 2 2 2 2 
2 2 2 2 2 2 2 2 
2 2 2 2 2 2 2 2 
2 2 2 2 2 2 2 2 
2 2 2 2 2 2 2 2 
2 2 2 2 2 2 2 2 
2 2 2 2 2 2 2 2 2 
2 2 2 2 2 2 2 2 2 2 
2 2 2 2 2 2 2 2 2 2 
2 2 2 2 2 2 2 2 
2 2 2 2 2 2 2 2 2 
2 2 2 2 2 2 2 2 2 
2 2 2 2 2 2 2 2 2 2 
2 2 2 2 2 2 2 2 2 2 2 
2 2 2 2 2 2 2 2 2 2 2 
2 2 2 2 2 2 2 2 2 
2 2 2 2 2 2 2 2 2 
2 2 2 2 2 2 2 2 2 
2 2 2 2 2 2 2 2 2 
2 2 2 2 2 2 2 
2 2 2 2 2 2 2 
2 2 2 2 2 2 2 2 2 
2 2 2 2 2 2 2 2 2 
2 2 2 2 2 2 2 2 2 
2 2 2 2 2 2 2 2 2 
2 2 2 2 2 2 2 2 2 
2 2 2 2 2 2 2 2 2 
2 2 2 2 2 2 2 2 2 
2 2 2 2 2 2 2 2 2 
2 2 2 2 2 2 2 2 2 
2 2 2 2 2 2 2 2 2 
2 2 2 2 2 2 2 2 2 
2 2 2 2 2 2 2 2 2 
2 2 2 2 2 2 2 2 2 
2 2 2 2 2 2 2 2 2 2 
2 2 2 2 2 2 2 2 2 2 
2 2 2 2 2 2 2 2 2 2 
2 2 2 2 2 2 2 2 2 2 
2 2 2 2 2 2 2 2 2 
2 2 2 2 2 2 2 2 2 2 
2 2 2 2 2 2 2 2 2 2 2 
2 2 2 2 2 2 2 2 2 2 
2 2 2 2 2 2 2 2 2 
2 2 2 2 2 2 2 2 2 2 
2 2 2 2 2 2 2 2 2 
2 2 2 2 2 2 2 2 2 
2 2 2 2 2 2 2 2 2 
2 2 2 2 2 2 2 2 2 2 
2 2 2 2 2 2 2 2 2 
2 2 2 2 2 2 2 2 2 
2 2 2 2 2 2 2 2 2 2 
2 2 2 2 2 2 2 2 2 2 2 
2 2 2 2 2 2 2 2 2 2 2 
2 2 2 2 2 2 2 2 2 2 2 
2 2 2 2 2 2 2 2 2 2 2 
2 2 2 2 2 2 2 2 2 2 2 
2 2 2 2 2 2 2 2 2 2 2 2 
2 2 2 2 2 2 2 2 2 2 2 2 
2 2 2 2 2 2 2 2 2 2 2 2 2 
2 2 2 2 2 2 2 2 2 2 2 2 2 
2 2 2 2 2 2 2 2 2 2 2 2 2 
2 2 2 2 2 2 2 2 2 2 2 2 2 
2 2 2 2 2 2 2 2 2 2 2 2 
2 2 2 2 2 2 2 2 2 2 2 
2 2 2 2 2 2 2 2 2 2 2 2 
2 2 2 2 2 2 2 2 2 2 2 2 
2 2 2 2 2 2 2 2 2 2 2 2 2 
2 2 2 2 2 2 2 2 2 2 2 2 
2 2 2 2 2 2 2 2 2 2 2 2 2 
2 2 2 2 2 2 2 2 2 2 2 
2 2 2 2 2 2 2 2 2 2 2 2 2 
2 2 2 2 2 2 2 2 2 2 2 2 2 
2 2 2 2 2 2 2 2 2 2 2 2 2 
2 2 2 2 2 2 2 2 2 2 2 2 2 
2 2 2 2 2 2 2 2 2 2 2 2 
2 2 2 2 2 2 2 2 2 2 2 2 
2 2 2 2 2 2 2 2 2 2 2 
2 2 2 2 2 2 2 2 2 2 2 
2 2 2 2 2 2 2 2 2 2 2 2 
2 2 2 2 2 2 2 2 2 2 2 2 
2 2 2 2 2 2 2 2 2 2 2 
2 2 2 2 2 2 2 2 2 2 2 
2 2 2 2 2 2 2 2 2 2 2 
2 2 2 2 2 2 2 2 2 2 2 
2 2 2 2 2 2 2 2 2 2 2 
2 2 2 2 2 2 2 2 2 2 2 
2 2 2 2 2 2 2 2 2 2 2 
2 2 2 2 2 2 2 2 2 2 2 2 
2 2 2 2 2 2 2 2 2 2 2 2 
2 2 2 2 2 2 2 2 2 2 2 2 2 
2 2 2 2 2 2 2 2 2 2 2 
2 2 2 2 2 2 2 2 2 2 2 2 
2 2 2 2 2 2 2 2 2 2 2 2 2 2 
2 2 2 2 2 2 2 2 2 2 2 2 2 
2 2 2 2 2 2 2 2 2 2 2 2 2 2 2 
2 2 2 2 2 2 2 2 2 2 2 2 2 2 
2 2 2 2 2 2 2 2 2 2 2 2 2 2 
2 2 2 2 2 2 2 2 2 2 2 2 2 2 
2 2 2 2 2 2 2 2 2 2 2 2 2 2 
2 2 2 2 2 2 2 2 2 2 2 2 2 2 2 
2 2 2 2 2 2 2 2 2 2 2 2 2 2 2 
2 2 2 2 2 2 2 2 2 2 2 2 2 2 
2 2 2 2 2 2 2 2 2 2 2 2 2 2 2 
2 2 2 2 2 2 2 2 2 2 2 2 2 2 2 
2 2 2 2 2 2 2 2 2 2 2 2 2 
2 2 2 2 2 2 2 2 2 2 2 2 2 2 
2 2 2 2 2 2 2 2 2 2 2 2 2 
2 2 2 2 2 2 2 2 2 2 2 2 
7 2 2 2 2 2 2 2 2 2 2 2 
2 2 2 2 2 2 2 2 2 2 2 
2 2 2 2 2 2 2 2 2 2 2 
2 2 2 2 2 2 2 2 2 2 2 
2 2 2 2 2 2 2 2 2 2 2 
2 2 2 2 2 2 2 2 2 2 2 
2 2 2 2 2 2 2 2 2 2 
2 2 2 2 2 2 2 2 2 
2 2 2 2 2 2 2 2 2 
2 2 2 2 2 2 2 2 2 
2 2 2 2 2 2 2 2 2 
2 2 2 2 2 2 2 2 2 2 2 
2 2 2 2 2 2 2 2 2 2 2 
2 2 2 2 2 2 2 2 2 2 
2 2 2 2 2 2 2 2 2 2 2 2 
2 2 2 2 2 2 2 2 2 2 2 
2 2 2 2 2 2 2 2 2 2 2 
2 2 2 2 2 2 2 2 2 2 
2 2 2 2 2 2 2 2 2 2 
2 2 2 2 2 2 2 2 2 2 
2 2 2 2 2 2 2 2 2 2 2 2 
2 2 2 2 2 2 2 2 2 2 2 
2 2 2 2 2 2 2 2 2 2 2 
2 2 2 2 2 2 2 2 2 2 2 
2 2 2 2 2 2 2 2 2 2 2 
2 2 2 2 2 2 2 2 2 2 
2 2 2 2 2 2 2 2 2 2 
2 2 2 2 2 2 2 2 2 2 
2 2 2 2 2 2 2 2 2 
2 2 2 2 2 2 2 2 2 
2 2 2 2 2 2 2 2 2 
2 2 2 2 2 2 2 2 2 
2 2 2 2 2 2 2 2 
2 2 2 2 2 2 2 2 2 
2 2 2 2 2 2 2 2 
2 2 2 2 2 2 2 2 
2 2 2 2 2 2 2 2 
2 2 2 2 2 2 2 2 
2 5 2 2 2 2 2 
2 2 2 2 2 2 2 
2 2 2 2 2 2 2 
2 2 2 2 2 2 2 
2 2 2 2 2 2 2 2 
2 2 2 2 2 2 2 
2 2 2 2 2 2 2 2 
2 2 2 2 2 2 2 2 
2 2 2 2 2 2 2 2 
2 2 2 2 2 2 2 2 2 
2 2 2 2 2 2 2 2 2 2 
2 2 2 2 2 2 2 2 2 2 
2 2 2 2 2 2 2 2 2 
2 2 2 2 2 2 2 2 
2 2 2 2 2 2 2 2 2 
2 2 2 2 2 2 2 2 2 
2 2 2 2 2 2 2 2 
2 2 2 2 2 2 2 2 
2 2 2 2 2 2 2 2 
2 2 2 2 2 2 2 2 2 
2 2 2 2 2 2 2 2 
2 2 2 2 2 2 2 
2 2 2 2 2 2 2 2 
2 2 2 2 2 2 2 2 
2 2 2 2 2 2 2 2 
2 2 2 2 2 2 2 2 
2 2 2 2 2 2 2 2 
2 2 2 2 2 2 2 2 
2 2 2 2 2 2 2 2 
2 2 2 2 2 2 2 2 
2 2 2 2 2 2 2 2 
2 2 2 2 2 2 2 2 
2 2 2 2 2 2 2 2 
2 2 2 2 2 2 2 2 
2 2 2 2 2 2 2 2 
2 2 2 2 2 2 2 2 
2 2 2 2 2 2 2 2 
2 2 2 2 2 2 2 2 
2 2 2 2 2 2 2 
2 2 2 2 2 2 2 
2 2 2 2 2 2 2 
2 2 2 2 2 2 2 
2 2 2 2 2 2 
2 2 2 2 2 2 2 
2 2 2 2 2 2 2 
2 2 2 2 2 2 2 
2 2 2 2 2 2 2 
2 2 2 2 2 2 2 
2 2 2 2 2 2 2 
2 2 2 2 2 2 2 
2 2 2 2 2 2 2 
2 2 2 2 2 
2 2 2 2 2 2 2 
2 2 2 2 2 2 2 2 
2 2 2 2 2 
2 2 2 2 2 2 
2 2 2 2 2 2 
2 2 2 2 2 2 
2 2 2 2 2 2 
2 2 2 2 2 2 2 
2 2 2 2 2 2 
2 2 2 2 2 2 
2 7 2 2 2 2 2 
5 7 2 2 2 2 
2 2 2 2 2 2 
2 2 2 2 2 2 
2 2 2 2 2 2 
2 2 2 2 2 2 
5 2 2 2 2 2 
5 7 2 2 2 2 2 2 
2 2 2 2 2 2 
2 2 2 2 2 2 
2 2 2 2 2 2 
2 2 2 2 2 2 
2 7 2 2 5 2 2 2 2 2 
7 2 2 5 2 2 2 2 2 2 
2 2 2 2 2 2 2 2 
2 2 2 2 2 2 2 2 
2 2 2 2 2 2 2 2 
2 2 2 2 2 2 2 2 2 
2 2 2 2 2 2 2 2 
2 2 2 2 2 2 2 2 
2 2 2 2 2 2 2 2 
2 2 2 2 2 2 2 2 
2 2 2 2 2 2 2 2 
2 2 2 2 2 2 2 2 2 
2 2 2 2 2 2 2 2 
2 2 2 2 2 2 2 2 2 
2 2 2 2 2 2 2 2 2 
2 2 2 2 2 2 2 2 2 
2 2 2 2 2 2 2 2 2 
2 2 2 2 2 2 2 2 2 
2 2 5 2 2 2 2 2 2 2 2 
4 2 2 2 2 2 2 2 2 2 
5 2 2 2 2 2 2 2 2 
2 2 2 2 2 2 2 2 
2 2 2 2 2 2 2 
2 2 2 2 2 2 
2 2 2 2 
2 2 2 
2 2 2 2 2 2 
2 2 2 
2 2 2 
2 2 2 
2 2 2 2 
2 2 2 2 
2 2 2 
2 2 2 
2 2 2 
2 2 2 
2 2 2 
2 2 2 
2 2 2 
2 2 2 
2 2 2 
2 2 2 
2 2 2 2 
2 2 2 
2 2 2 
5 2 2 2 
2 2 
5 2 2 
5 2 2 2 
2 2 2 
2 5 2 2 
2 5 2 5 2 2 
2 5 5 2 2 
2 5 2 2 2 
2 2 2 2 
5 2 2 2 2 
2 2 5 2 2 2 
2 2 2 2 2 2 
5 2 2 2 2 2 
2 5 2 2 2 2 
2 5 2 2 2 2 
2 5 2 2 2 2 
2 2 2 2 5 2 
2 2 5 2 2 2 2 
2 2 2 2 5 2 2 
2 2 2 5 2 2 2 
2 2 5 2 2 2 2 
2 2 5 2 2 2 2 
2 2 2 2 2 2 2 5 
2 2 2 2 2 2 5 
2 2 2 2 2 2 5 
2 5 2 2 2 2 2 2 5 
2 2 2 2 2 2 2 5 
2 2 2 2 2 2 2 5 
5 2 2 2 2 5 2 2 2 
2 2 5 2 2 5 2 2 
5 2 2 2 2 2 5 2 
2 2 2 2 5 2 2 
5 2 2 2 2 5 2 2 
2 2 5 2 2 2 2 
2 2 5 2 2 2 2 
5 2 2 5 2 2 2 2 
2 5 2 2 2 2 
2 2 5 2 2 2 
2 5 2 2 2 2 
5 2 2 2 2 
2 5 2 2 2 2 
2 5 2 2 2 2 
5 2 5 2 2 2 
5 2 2 2 2 
5 2 2 2 2 
5 2 2 2 2 
5 2 2 2 2 
5 2 2 2 2 
5 2 2 2 2 
5 2 2 2 2 
5 2 2 2 2 
5 2 2 2 2 
5 2 2 2 2 
5 2 2 2 2 
5 2 2 2 2 
2 5 2 2 2 
2 2 7 5 2 2 2 
2 7 2 2 2 
2 7 2 2 2 
7 2 2 2 2 
2 2 2 2 
2 2 2 2 
2 2 2 2 
2 2 2 2 
2 2 2 2 
2 2 2 2 
2 2 2 2 
2 2 2 2 
2 2 2 2 
2 2 2 2 
2 2 2 2 
2 2 2 2 
2 2 2 2 
2 2 2 2 
2 2 2 2 
2 2 2 2 
2 2 2 2 
2 2 2 2 
2 2 2 2 
2 2 2 2 2 
2 2 2 2 2 
2 2 2 2 
2 2 2 2 2 
2 2 2 2 
2 2 2 2 2 
2 2 2 2 2 
2 2 2 2 2 
2 2 2 2 2 2 
7 2 2 2 2 2 
2 2 2 2 2 2 
2 2 2 2 2 
2 2 2 2 2 
2 2 2 2 2 
5 2 2 2 2 2 
2 2 2 2 2 
2 2 2 2 2 
2 2 2 2 2 
2 2 2 2 2 
2 2 2 2 2 
2 2 2 2 2 
2 2 2 2 
2 2 2 2 2 2 
2 2 2 2 2 
2 2 2 2 2 2 
2 2 2 2 2 2 
2 2 2 2 2 
2 2 2 2 2 2 
2 2 2 2 2 
2 2 2 2 2 2 
2 2 2 2 2 2 
2 2 2 2 2 2 
2 2 2 2 2 2 
2 2 2 2 2 
2 2 2 2 2 
2 2 2 2 2 
2 2 2 2 2 
2 2 2 2 2 
2 2 2 2 2 
2 2 2 2 2 
2 2 2 2 2 
2 2 2 2 2 
2 2 2 2 2 
2 2 2 2 2 
2 2 2 2 2 
2 2 2 2 
2 2 2 2 
2 2 2 2 
2 2 2 2 
2 2 2 2 
2 2 2 2 
2 2 2 2 2 
2 2 2 2 2 2 
2 2 2 2 2 2 
2 2 2 2 2 
2 2 2 2 
2 2 2 2 2 2 
2 2 2 2 2 
2 2 2 2 2 
2 2 2 2 2 
2 2 2 2 2 
7 2 2 2 2 2 
7 2 2 2 2 2 
2 2 2 2 2 
2 2 2 2 2 
7 2 7 2 2 2 2 
2 2 2 2 2 
0 2 2 2 2 2 
2 2 2 2 
2 2 2 
2 2 2 
2 2 2 
2 2 2 
2 2 2 
2 2 2 
2 2 2 
2 2 2 
2 2 2 2 
2 2 2 2 2 
2 2 2 2 2 
2 2 2 2 2 
2 2 2 2 2 2 
2 2 2 2 2 
2 2 2 2 2 
2 2 2 2 2 
2 2 2 2 
2 2 2 2 2 
2 2 2 2 
2 2 2 2 
7 2 2 2 2 
7 5 2 2 2 2 
0 2 2 2 2 
0 5 2 2 2 
7 2 0 2 2 2 
0 2 2 2 2 
7 0 2 2 2 2 
2 7 5 2 2 
5 7 2 2 2 
7 2 5 2 2 
2 7 5 2 2 
2 2 5 2 
2 2 2 2 5 2 
2 5 2 2 2 
2 7 2 2 2 
2 2 2 5 2 
2 2 7 5 2 2 
2 2 2 5 7 2 2 
2 2 2 2 2 5 
2 2 5 2 2 
2 2 2 5 2 2 
2 2 7 2 2 
2 2 2 2 2 5 
2 2 2 2 5 2 
2 7 2 2 5 2 2 2 
2 2 2 5 2 2 
2 2 2 5 2 
2 2 2 5 2 2 
2 2 2 2 5 2 
2 2 2 2 2 5 
2 2 2 5 2 
2 5 2 2 2 
2 2 2 2 5 
2 2 2 5 2 2 
2 2 2 5 2 
2 2 2 2 5 
2 2 2 2 2 5 
2 2 2 5 2 2 
2 2 5 2 2 2 
5 2 2 2 2 2 
2 2 2 5 2 2 2 
2 2 2 2 2 2 5 
2 2 2 2 2 2 5 
2 5 2 2 2 2 2 
5 2 2 2 2 2 2 
2 5 2 2 2 2 2 
5 2 2 2 2 2 2 
2 5 2 2 2 2 2 
2 2 5 2 2 2 2 2 
2 2 5 2 2 2 2 2 
5 2 2 2 2 2 2 2 
2 2 2 2 2 2 
2 2 2 2 2 2 
2 2 2 2 2 2 
2 2 2 2 2 2 
2 2 2 2 2 
2 2 2 2 2 
2 2 2 2 2 
2 2 2 2 2 
2 2 2 2 2 
2 2 2 2 
2 2 2 2 
2 2 2 2 2 
2 2 2 2 
2 2 2 2 
2 2 2 2 
2 2 2 2 
2 2 2 2 2 
2 2 2 2 2 
2 2 2 2 2 
2 2 2 2 2 2 
2 2 2 2 2 2 
5 2 2 2 2 2 2 
5 2 2 2 2 2 
2 2 7 2 2 2 2 2 
2 5 2 2 2 2 2 
5 2 2 2 2 2 
7 2 2 2 2 2 
2 2 2 2 2 2 2 
7 2 2 2 2 2 
2 7 2 2 2 2 2 
7 2 2 2 2 2 
2 5 7 2 2 2 2 
2 2 2 2 2 
2 2 2 2 2 
2 2 2 2 2 
2 2 2 2 2 
2 5 2 2 2 2 
7 2 2 2 2 2 
2 7 2 2 2 2 2 
2 2 2 2 2 
7 2 2 2 2 2 
2 2 2 2 2 
2 2 2 2 2 
2 2 2 2 2 
2 2 2 2 2 
2 2 2 2 2 
2 2 2 2 2 
2 2 2 2 2 
2 2 2 2 2 
2 2 2 2 2 
2 2 2 2 2 
2 2 2 2 2 2 
2 2 2 2 2 
2 2 2 2 2 
2 2 2 2 2 
2 2 2 2 2 
2 2 2 2 2 
2 2 2 2 2 2 
2 2 2 2 2 2 
2 2 2 2 2 
2 2 2 2 
2 7 2 2 2 
7 2 2 2 2 
7 2 2 2 2 
2 7 2 2 2 2 
7 2 2 2 2 2 
2 2 2 2 2 
2 2 2 2 2 
2 2 2 2 
2 2 2 2 
2 2 2 2 
2 2 2 2 
2 2 2 2 
2 2 2 2 
2 2 2 2 
2 2 2 2 
2 2 2 2 2 
2 2 2 2 2 
2 2 2 2 2 
2 2 2 2 2 
2 2 2 2 2 
2 2 2 2 2 
2 2 2 2 
2 2 2 2 
2 2 2 2 
2 5 2 2 2 
2 2 2 
5 2 2 2 
5 2 2 
2 5 2 2 
2 2 5 2 
2 2 5 2 2 
2 2 2 
2 2 2 
2 2 2 
2 2 2 
2 2 2 
2 2 2 
2 2 2 2 
2 2 2 2 2 
2 2 2 2 
2 2 2 2 
2 2 2 2 2 2 
2 2 2 2 2 2 
2 2 2 2 2 2 
2 2 2 2 2 2 
2 2 2 2 2 2 
2 2 2 2 2 2 
2 2 2 2 2 2 
2 2 2 2 2 2 
2 2 2 2 2 2 2 
2 2 2 2 2 2 
2 2 2 2 2 2 
2 2 2 2 2 2 
2 2 2 2 2 
2 2 2 2 2 2 
2 2 2 2 2 2 2 
2 2 2 2 2 2 
2 2 2 2 2 
2 2 2 2 2 
2 2 2 2 2 
2 2 2 2 2 2 
2 2 2 2 2 2 
2 2 2 2 2 2 2 
2 2 7 2 2 2 2 2 
2 2 5 2 7 2 2 2 2 
2 2 2 2 2 2 2 
2 2 2 2 2 2 2 
2 2 2 2 2 2 2 
2 2 2 2 2 2 2 2 
2 2 2 2 2 2 2 
2 2 2 5 2 2 2 2 2 
2 7 2 2 5 2 2 2 2 2 
5 2 2 2 2 2 2 2 2 
7 2 2 2 2 2 2 2 2 
5 2 2 2 2 2 2 
2 2 5 2 2 
2 2 2 5 2 2 
2 2 2 5 2 2 
2 2 2 2 2 5 2 
2 2 2 2 2 2 5 
2 2 2 5 2 2 2 
5 2 2 2 2 2 
2 2 2 5 2 2 2 
2 2 2 5 2 2 
2 2 2 5 2 2 2 
2 2 5 2 2 2 
2 7 5 2 2 2 2 2 
2 2 5 2 2 2 
2 2 2 2 2 5 
2 2 5 2 2 2 
2 2 2 5 2 2 2 2 
2 2 2 2 2 5 2 2 
2 7 2 2 2 2 2 5 2 2 2 
2 2 7 2 2 5 2 2 2 2 2 
5 2 2 2 2 2 2 2 2 
5 2 2 2 2 2 2 2 2 
2 2 2 5 2 2 2 2 2 
2 2 2 5 2 2 2 2 2 
2 2 2 2 5 2 2 2 2 
2 2 5 2 2 2 2 2 2 
2 2 2 2 5 2 2 2 
2 2 2 2 5 2 2 2 2 
2 2 2 2 2 2 2 5 
2 2 2 2 2 2 2 5 2 
2 2 2 2 2 2 2 5 
2 2 2 2 2 2 2 2 2 5 
2 2 5 2 2 2 2 2 2 
2 2 5 2 2 2 2 2 2 
2 2 5 2 2 2 2 2 
2 2 2 2 5 2 2 2 
2 2 2 2 2 5 2 2 
2 2 2 2 5 2 2 2 2 
2 2 2 2 2 5 2 2 2 2 
2 2 2 5 2 2 2 2 2 
2 2 2 2 2 2 5 2 2 
2 5 2 2 2 2 2 2 2 
2 5 6 2 2 2 2 2 2 2 
2 2 2 2 5 2 2 2 2 2 
6 2 2 5 2 2 2 2 2 2 
2 2 2 5 2 2 2 2 2 
2 2 2 6 2 2 2 
2 2 6 2 2 2 2 2 
2 2 2 6 2 2 2 2 2 
2 5 2 6 2 2 2 2 2 2 
2 2 5 2 2 2 2 2 
2 6 2 2 2 2 2 
2 5 2 2 2 2 2 
2 2 5 2 2 2 2 2 
2 2 2 5 2 2 2 2 2 
2 2 2 5 2 2 2 2 2 
2 2 5 2 2 2 2 2 2 
2 2 5 2 2 2 2 2 2 
2 5 2 2 2 2 2 2 2 
2 5 2 2 2 2 2 2 2 
2 6 5 2 2 2 2 2 2 2 
5 2 2 2 2 2 2 2 2 
2 2 2 5 2 2 2 2 2 
2 5 2 2 2 2 2 2 2 2 
2 5 2 2 2 2 2 2 2 2 
5 2 2 2 2 2 2 2 2 2 
2 2 2 2 2 2 2 2 2 2 
2 2 2 2 2 2 2 2 2 2 
2 2 2 2 2 2 2 2 2 2 2 2 
2 2 2 2 2 2 2 2 2 2 
2 2 2 2 2 2 2 2 2 2 2 
2 2 2 2 2 2 2 2 2 2 
2 2 2 2 2 2 2 2 2 2 
2 2 2 2 2 2 2 2 2 2 
2 2 2 2 2 2 2 2 2 2 
2 2 2 2 2 2 2 2 2 2 
2 2 2 2 2 2 2 2 2 2 
2 2 2 2 2 2 2 2 2 2 
2 2 2 2 2 2 2 2 2 
2 2 2 2 2 2 2 2 2 
2 2 2 2 2 2 2 2 2 
2 2 2 2 2 2 2 2 2 
2 2 2 2 2 2 2 2 2 2 
2 2 2 2 2 2 2 2 2 
2 2 2 2 2 2 2 2 2 
2 2 2 2 2 2 2 2 2 2 
2 2 2 2 2 2 2 2 2 2 
2 2 2 2 2 2 2 2 2 2 
2 2 2 2 2 2 2 2 2 
2 2 2 2 2 2 2 2 2 
2 2 2 2 2 2 2 2 2 2 
2 2 2 2 2 2 2 2 2 
2 2 2 2 2 2 2 2 2 2 
2 2 2 2 2 2 2 2 2 
2 2 2 2 2 2 2 2 2 2 
2 2 2 2 2 2 2 2 2 2 
2 2 2 2 2 2 2 2 2 2 
2 2 2 2 2 2 2 2 2 2 
2 2 2 2 2 2 2 2 2 2 2 
2 2 2 2 2 2 2 2 2 2 
2 2 2 2 2 2 2 2 2 2 2 
2 2 2 2 2 2 2 2 2 2 2 
2 2 2 2 2 2 2 2 2 2 2 
2 2 2 2 2 2 2 2 2 2 
2 2 2 2 2 2 2 2 2 2 
2 2 2 2 2 2 2 2 2 2 
2 2 2 2 2 2 2 2 2 2 2 
2 2 2 2 2 2 2 2 2 2 
2 2 2 2 2 2 2 2 2 2 
2 2 2 2 2 2 2 2 2 2 2 
2 2 2 2 2 2 2 2 2 2 2 2 
2 2 2 2 2 2 2 2 2 2 
2 2 2 2 2 2 2 2 2 2 2 
2 2 2 2 2 2 2 2 2 2 
2 2 2 2 2 2 2 2 2 2 
2 2 2 2 2 2 2 2 2 2 
2 2 2 2 2 2 2 2 2 2 
2 2 2 2 2 2 2 2 2 2 
2 2 2 2 2 2 2 2 2 2 
2 2 2 2 2 2 2 2 2 2 
2 2 2 2 2 2 2 2 2 2 
2 2 2 2 2 2 2 2 2 2 2 
2 2 2 2 2 2 2 2 2 2 2 
2 2 2 2 2 2 2 2 2 2 2 
2 2 2 2 2 2 2 2 2 2 2 
2 2 2 2 2 2 2 2 2 2 2 
2 2 2 2 2 2 2 2 2 2 2 2 
2 2 2 2 2 2 2 2 2 2 2 
2 2 2 2 2 2 2 2 2 2 2 
2 2 2 2 2 2 2 2 2 2 2 2 
2 2 2 2 2 2 2 2 2 2 2 2 
0 2 2 2 2 2 2 2 2 2 2 
2 0 2 2 2 2 2 2 2 2 2 
2 2 2 2 2 2 2 2 2 
2 2 2 2 2 2 2 2 2 2 2 
2 2 2 2 2 2 2 2 2 2 2 
2 2 2 2 2 2 2 2 2 2 2 2 
2 2 2 2 2 2 2 2 2 2 2 2 
2 2 2 2 2 2 2 2 2 2 2 2 
2 2 2 2 2 2 2 2 2 2 2 2 
2 2 2 2 2 2 2 2 2 2 2 2 
2 2 2 2 2 2 2 2 2 2 2 2 
2 2 2 2 2 2 2 2 2 2 2 2 2 
2 2 2 2 2 2 2 2 2 2 2 2 2 
2 2 2 2 2 2 2 2 2 2 2 2 
2 2 2 2 2 2 2 2 2 2 2 2 
2 2 2 2 2 2 2 2 2 2 2 2 2 
2 2 2 2 2 2 2 2 2 2 2 2 
2 2 2 2 2 2 2 2 2 2 2 2 
2 2 2 2 2 2 2 2 2 2 2 2 
2 2 2 2 2 2 2 2 2 2 2 2 2 
2 2 2 2 2 2 2 2 2 2 2 2 2 2 
2 2 2 2 2 2 2 2 2 2 2 2 2 2 
2 2 2 2 2 2 2 2 2 2 2 2 2 
2 2 2 2 2 2 2 2 2 2 2 2 2 2 
2 2 2 2 2 2 2 2 2 2 2 2 2 
2 2 2 2 2 2 2 2 2 2 2 2 2 
2 2 2 2 2 2 2 2 2 2 2 2 2 
2 2 2 2 2 2 2 2 2 2 2 2 2 
2 2 2 2 2 2 2 2 2 2 2 2 2 
7 2 2 2 2 2 2 2 2 2 2 2 2 2 
2 2 2 2 2 2 2 2 2 2 2 2 
2 2 2 2 2 2 2 2 2 2 2 2 
2 2 2 2 2 2 2 2 2 2 2 2 
2 2 2 2 2 2 2 2 2 2 2 
2 2 2 2 2 2 2 2 2 2 
2 2 2 2 2 2 2 2 2 2 
2 2 2 2 2 2 2 2 2 2 
2 2 2 2 2 2 2 2 2 2 
2 2 2 2 2 2 2 2 2 2 
2 2 2 2 2 2 2 2 2 2 
2 2 2 2 2 2 2 2 2 2 2 
2 2 2 2 2 2 2 2 2 2 
2 2 2 2 2 2 2 2 2 2 
2 2 2 2 2 2 2 2 2 2 
2 2 2 2 2 2 2 2 2 2 
2 2 2 2 2 2 2 2 2 2 
0 2 2 2 2 2 2 2 2 2 2 
2 2 2 2 2 2 2 2 2 2 2 
2 2 2 2 2 2 2 2 2 2 2 
2 2 2 2 2 2 2 2 2 2 2 
2 2 2 2 2 2 2 2 2 2 2 
2 2 2 2 2 2 2 2 2 2 2 
7 2 2 2 2 2 2 2 2 2 2 2 
7 2 2 2 2 2 2 2 2 2 2 2 
2 2 2 2 2 2 2 2 2 2 2 
2 2 2 2 2 2 2 2 2 2 2 
2 2 2 2 2 2 2 2 2 2 
2 2 2 2 2 2 2 2 2 2 
2 2 2 2 2 2 2 2 2 2 
2 2 2 2 2 2 2 2 2 
2 2 2 2 2 2 2 2 
2 2 2 2 2 2 2 2 2 
2 2 2 2 2 2 2 2 2 
0 2 2 2 2 2 2 2 2 
0 2 2 2 2 2 2 2 2 
2 2 2 2 2 2 2 2 2 
2 2 2 2 2 2 2 2 2 
2 2 2 2 2 2 2 2 2 
2 2 2 2 2 2 2 2 
2 2 2 2 2 2 2 2 
2 2 2 2 2 2 2 2 
2 2 2 2 2 2 2 2 
2 2 2 2 2 2 2 2 
2 2 2 2 2 2 2 2 
2 2 2 2 2 2 2 2 
2 2 2 2 2 2 2 2 
2 2 2 2 2 2 2 2 
2 2 7 2 2 2 2 2 2 2 2 
2 2 2 2 2 2 2 2 2 
2 2 2 2 2 2 2 2 
2 2 2 2 2 2 2 2 2 
2 2 2 2 2 2 2 2 
2 2 2 2 2 2 2 
2 2 2 2 2 2 2 
2 2 2 2 2 2 2 2 
2 2 2 2 2 2 2 2 
2 2 2 2 2 2 2 
2 2 2 2 2 2 2 
2 2 2 2 2 2 2 
2 2 2 2 2 2 2 
2 2 2 2 2 2 2 
2 2 2 2 2 2 2 
2 2 2 2 2 2 2 
2 2 2 2 2 2 2 
2 2 2 2 2 2 2 
2 2 2 2 2 2 2 
2 2 2 2 2 2 2 
7 2 2 2 2 2 2 2 
2 7 2 2 2 2 2 2 
2 2 2 2 2 2 
2 2 2 2 2 2 
2 2 2 2 2 2 
2 2 2 2 2 2 
2 2 2 2 2 
2 2 5 2 2 2 
2 2 2 2 2 
2 2 2 2 
2 2 2 5 2 2 2 
2 2 2 2 2 2 
2 2 2 2 2 
2 2 2 2 2 
2 2 2 2 2 
2 2 2 2 2 2 
2 2 2 2 2 2 2 
2 2 2 2 2 2 
2 2 2 2 2 2 
2 2 2 2 2 2 
2 2 2 2 2 2 
2 2 2 2 2 2 2 
2 2 2 2 2 2 2 
2 2 2 2 2 2 
2 2 2 2 2 
2 2 2 2 2 
2 2 2 2 2 2 
2 2 2 2 
0 2 2 2 2 2 
2 0 2 2 2 2 
2 2 0 2 2 2 2 
0 2 2 2 2 
0 2 2 2 2 
2 0 2 2 2 2 
2 0 2 2 2 2 
2 0 2 2 2 2 2 
0 2 2 2 2 2 2 
0 2 2 2 2 2 
2 0 2 2 2 2 2 
2 2 0 0 2 2 2 2 2 
0 2 2 2 2 2 2 2 
0 2 2 2 2 2 2 2 
2 0 2 2 2 2 2 2 
2 2 2 2 2 0 2 2 2 
2 2 2 2 0 2 2 2 2 
2 2 2 2 0 2 2 2 2 
2 2 2 2 2 0 2 2 2 2 
2 2 2 0 2 2 2 2 2 2 
2 2 0 2 2 2 2 2 2 2 
2 0 2 2 2 2 2 2 2 2 
0 2 2 2 2 2 2 2 2 
0 2 2 2 2 2 2 2 2 
2 0 2 2 2 2 2 2 2 
2 2 0 2 2 2 2 2 2 2 
2 2 2 2 2 2 2 2 2 
2 2 2 2 2 2 2 2 
2 2 0 2 2 2 2 2 2 
2 0 2 2 2 2 2 2 
2 2 2 2 2 2 2 2 
2 2 2 2 2 2 2 2 2 
2 2 2 2 2 2 2 2 2 
2 2 2 2 2 2 2 2 2 
2 2 2 2 2 2 2 
2 2 2 2 2 2 2 
2 2 2 2 2 2 2 
2 2 2 2 2 2 2 
2 2 2 2 2 2 2 
2 2 2 2 2 2 2 2 
2 2 2 2 2 2 2 2 
2 2 2 2 2 2 2 2 
2 2 2 2 2 2 2 2 
2 2 2 2 2 2 2 2 
2 2 2 2 2 2 2 2 
2 2 2 2 2 2 2 2 
2 2 2 2 2 2 2 2 
2 2 2 2 2 2 2 2 
2 2 2 2 2 2 2 
2 2 2 2 2 2 2 
2 2 2 2 2 2 2 
2 2 2 2 2 2 2 
2 2 2 2 2 2 2 
2 2 2 2 2 2 2 
2 2 2 2 2 2 
2 2 2 2 2 2 
2 2 2 2 2 2 2 
2 2 2 2 2 2 
2 2 2 2 2 2 
2 2 2 2 2 2 
2 2 2 2 2 2 2 
2 2 2 2 2 2 2 
2 2 2 2 2 2 2 
2 2 2 2 2 2 2 
2 2 2 2 2 2 2 2 
2 2 2 2 2 2 2 
2 2 2 2 2 2 2 
2 2 2 2 2 2 2 2 
2 2 2 2 2 2 2 2 
2 2 2 2 2 2 2 2 2 
2 2 2 2 2 2 2 2 2 
2 2 2 2 2 2 2 2 2 
2 2 2 2 2 2 2 2 2 2 
2 2 2 2 2 2 2 2 2 
2 2 2 2 2 2 2 2 2 2 
2 2 2 2 2 2 2 2 2 
7 2 2 2 2 2 2 2 2 2 
2 2 2 2 2 2 2 2 2 
2 2 2 2 2 2 2 2 2 
2 2 2 2 2 2 2 2 
2 2 2 2 2 2 2 2 2 
2 2 2 2 2 2 2 2 
2 2 2 2 2 2 2 
2 2 2 2 2 2 2 
2 2 2 2 2 
2 2 2 2 2 
2 2 2 2 2 2 
2 2 2 2 2 2 
2 2 2 2 2 
5 2 2 2 2 2 
2 2 2 2 2 
2 2 2 2 2 
2 2 2 2 2 
2 2 2 2 2 
2 2 2 2 2 
2 2 2 2 2 
2 2 2 2 2 
2 2 2 2 2 
2 2 2 2 2 
2 2 2 2 2 
2 2 2 2 2 
2 2 2 2 2 
2 2 2 2 2 
2 2 2 2 2 2 
2 2 2 2 2 2 
2 2 2 2 2 
2 2 2 2 2 
2 2 2 2 2 
2 2 2 2 2 
2 2 2 2 2 
