2 2 2 2 2 2 2 
2 2 2 2 2 2 2 
2 2 2 2 2 2 2 
2 2 2 2 2 2 2 
2 2 2 2 2 2 2 
2 2 2 2 2 2 2 2 
2 2 2 2 2 2 2 2 
2 2 2 2 2 2 2 2 
2 2 2 2 2 2 2 2 2 
2 2 2 2 2 2 2 2 
2 2 2 2 2 2 2 2 
2 2 2 2 2 2 2 
2 2 2 2 2 2 2 
2 2 2 2 2 2 2 2 
2 2 2 2 2 2 2 2 
2 2 2 2 2 2 2 2 
2 2 2 2 2 2 2 2 2 
2 2 2 2 2 2 2 2 
2 2 2 2 2 2 2 2 
2 2 2 2 2 2 2 2 
2 2 2 2 2 2 2 2 
2 2 2 2 2 2 2 2 
2 2 2 2 2 2 2 
2 2 2 2 2 2 2 2 
2 2 2 2 2 2 2 2 
2 2 2 2 2 2 2 2 
2 2 2 2 2 2 2 2 
2 2 2 2 2 2 2 2 
2 2 2 2 2 2 2 2 
2 2 2 2 2 2 2 
2 2 2 2 2 2 2 
2 2 2 2 2 2 
2 2 2 2 2 2 2 
2 2 2 2 2 2 2 2 2 
2 2 2 2 2 2 2 2 2 
2 2 2 2 2 2 2 2 2 2 
2 2 2 2 2 2 2 2 2 2 
2 2 2 2 2 2 2 2 2 2 
2 2 2 2 2 2 2 2 2 
2 2 2 2 2 2 2 2 2 
2 2 2 2 2 2 2 2 2 2 
2 2 2 2 2 2 2 2 
2 2 2 2 2 2 2 2 
2 2 2 2 2 2 2 2 
2 2 2 2 2 2 2 2 
2 2 2 2 2 2 2 2 
2 2 2 2 2 2 2 2 2 
2 2 2 2 2 2 2 2 2 
2 2 2 2 2 2 2 2 2 
2 2 2 2 2 2 2 2 2 
2 2 2 2 2 2 2 2 2 
2 2 2 2 2 2 2 2 2 
2 2 2 2 2 2 2 2 2 
7 2 2 2 2 2 2 2 2 2 
2 7 2 2 2 2 2 2 2 2 
5 2 2 2 2 2 2 2 2 
2 2 2 2 2 2 2 2 2 
2 2 2 2 2 2 2 2 2 
2 2 2 2 2 2 2 2 2 
7 2 2 2 2 2 2 2 2 2 
2 2 2 2 2 2 2 2 2 
2 2 2 2 2 2 2 2 2 
2 2 2 2 2 2 2 2 
2 2 2 2 2 2 2 2 
2 2 2 2 2 2 2 2 2 
2 2 2 2 2 2 2 2 
2 2 2 2 2 2 2 2 2 
2 2 2 2 2 2 2 2 2 
2 2 2 2 2 2 2 2 2 
2 2 2 2 2 2 2 
2 2 2 2 2 2 2 
2 2 2 2 2 2 2 
2 2 2 2 2 2 2 2 
2 2 2 2 2 2 2 
2 2 2 2 2 2 2 2 
2 2 2 2 2 2 
2 2 2 2 2 2 2 
2 2 2 2 2 2 
2 2 2 2 2 2 
2 2 2 2 2 2 
2 2 2 2 2 2 2 
2 2 2 2 2 2 2 
2 2 2 2 2 2 2 
2 2 2 2 2 2 2 
2 2 2 2 2 2 2 
2 2 2 2 2 2 2 
2 2 2 2 2 2 
2 2 2 2 2 2 2 
2 2 2 2 2 2 2 
2 2 2 2 2 2 
2 2 2 2 2 2 
2 2 2 2 2 2 
2 2 2 2 2 2 
2 2 2 2 2 
2 2 2 2 2 2 
0 2 2 2 2 2 2 
2 2 2 2 2 
2 0 2 2 2 2 2 
2 2 2 2 2 
0 2 2 2 2 2 
2 2 2 2 2 
2 2 2 2 
2 2 2 2 2 
2 2 2 2 2 
2 2 2 2 2 
2 2 2 2 2 
2 2 2 2 2 
2 2 2 2 2 
2 2 2 2 2 2 
2 2 2 2 2 
2 2 2 2 2 2 
2 2 2 2 2 
2 2 2 2 2 
2 2 2 2 2 
2 2 2 2 
2 2 2 2 
2 2 2 2 
2 2 2 2 
2 2 2 2 2 2 
2 2 2 2 2 2 
2 2 2 2 2 
2 2 2 2 2 2 
2 2 2 2 2 2 
2 2 2 2 2 
2 2 2 2 2 
2 2 2 2 2 
2 2 2 2 2 
2 2 2 2 2 
2 2 2 2 2 
2 2 2 2 2 
2 2 2 2 2 
2 2 2 2 2 2 
2 2 2 2 2 2 
2 2 2 2 2 2 2 
2 7 2 2 2 2 2 2 2 
2 2 2 2 2 2 2 
2 2 2 2 2 2 2 
2 2 2 2 2 2 2 2 
2 2 2 2 2 2 2 2 
2 2 2 2 2 2 2 
2 2 2 2 2 2 
2 2 2 2 2 2 
2 2 2 2 2 2 
2 2 2 2 2 2 2 
2 2 2 2 2 2 2 
2 2 2 2 2 2 
2 2 2 2 2 2 
2 2 2 2 2 
2 2 2 2 2 2 
2 2 2 2 2 2 2 
2 2 2 2 2 
2 2 2 2 2 
2 2 2 2 2 
2 2 2 2 2 
2 2 2 2 2 
2 2 2 2 2 
2 2 2 2 2 
2 2 2 2 2 2 
2 2 2 2 2 2 2 
2 2 2 2 2 2 2 
2 2 2 2 2 2 2 
2 2 2 2 2 2 2 
2 2 2 2 2 2 2 
2 2 2 2 2 2 2 
2 2 2 2 2 2 2 
2 2 2 2 2 2 
2 2 2 2 2 2 2 
2 2 2 2 2 2 2 
2 2 2 2 2 2 2 
2 2 2 2 2 2 2 
2 2 2 2 2 2 2 
2 2 2 2 2 2 2 
2 2 2 2 2 2 2 
2 2 2 2 2 2 2 2 
2 2 2 2 2 2 2 
2 2 2 2 2 2 2 
2 2 2 2 2 2 2 
2 2 2 2 2 2 2 
2 2 2 2 2 2 2 
2 2 2 2 2 2 2 
2 2 2 2 2 2 2 
2 2 2 2 2 2 2 
2 2 2 2 2 2 2 
2 2 2 2 2 2 2 
2 2 2 2 2 2 2 
2 2 2 2 2 2 2 
2 2 2 2 2 2 
2 2 2 2 2 2 
2 2 2 2 2 2 
2 2 2 2 2 2 
2 2 2 2 2 2 
2 2 2 2 2 2 2 
2 2 2 2 2 2 2 
2 2 2 2 2 2 2 
2 2 2 2 2 2 2 
2 2 2 2 2 2 2 2 
2 2 2 2 2 2 2 2 
2 2 2 2 2 2 2 
2 2 2 2 2 2 2 
2 2 2 2 2 2 
2 2 2 2 2 2 
2 2 2 2 2 
2 2 2 2 2 
2 2 2 2 2 2 
2 2 2 2 2 
2 2 2 2 2 
2 2 2 2 2 
2 2 2 2 2 
2 2 2 2 2 
2 2 2 2 2 
2 2 2 2 2 
2 2 2 2 2 
2 2 2 2 2 
2 2 2 2 2 
2 2 2 2 2 
2 2 2 2 2 
2 2 2 2 2 
2 2 2 2 2 
2 2 2 2 2 
2 2 2 2 2 
2 2 2 2 2 
2 2 2 2 2 
2 2 2 2 2 
2 2 2 2 2 
2 2 2 2 2 
2 2 2 2 
2 2 2 2 
2 2 2 2 
2 2 2 2 2 
2 2 2 2 2 
2 2 2 2 2 
2 2 2 2 2 
2 2 2 2 2 
2 2 2 2 2 
2 2 2 2 2 
2 2 2 2 2 
2 2 2 2 2 
2 2 2 2 2 
2 2 2 2 2 
2 2 2 2 2 
2 2 2 2 2 
2 2 2 2 2 
2 2 2 2 2 
2 2 2 2 
2 2 2 2 
2 2 2 2 
2 2 2 2 
2 2 2 
2 2 2 
2 2 2 
2 2 2 
2 2 2 
2 2 2 
2 2 2 
2 2 2 
2 2 2 2 
2 2 2 2 
2 2 2 2 
2 2 2 2 
2 2 2 2 
2 2 2 2 
2 2 2 2 
2 2 2 2 
2 2 2 2 
2 2 2 2 
2 2 2 2 
2 2 2 2 
2 2 2 2 
2 2 2 2 
2 2 2 2 
2 2 2 2 
2 2 2 2 2 
2 2 2 2 
2 2 2 2 
2 2 2 2 2 
2 2 2 2 2 
2 2 2 2 2 
2 2 2 2 2 
2 2 2 2 2 
2 2 2 2 2 
2 2 2 2 2 
2 2 2 2 2 
2 2 2 2 2 
2 2 2 2 2 
2 2 2 2 2 
2 2 2 2 2 
2 2 2 2 2 
2 2 2 2 
2 2 2 2 
2 2 2 2 2 
2 2 2 2 2 
2 2 2 2 2 
2 2 2 2 
2 2 2 2 2 
2 2 2 2 2 
2 2 2 2 2 
2 2 2 
2 2 2 
2 2 2 
2 2 2 
2 2 2 2 
2 2 2 2 
2 2 2 2 
2 2 2 2 
2 2 2 2 2 
2 2 2 2 
2 2 2 2 
2 2 2 2 
2 2 2 2 
2 2 2 2 
2 2 2 2 
2 2 2 2 
2 2 2 2 
2 2 2 2 
2 2 2 2 
2 2 2 2 
2 2 2 2 
2 2 2 2 
2 2 2 2 
2 2 2 2 2 
2 2 2 2 2 
2 2 2 2 2 
2 2 2 2 2 
2 2 2 2 2 
2 2 2 2 2 
2 2 2 
2 2 2 2 
2 2 2 2 
2 2 2 2 
2 2 2 2 
2 2 2 2 
2 2 2 2 
2 2 2 2 
2 2 2 2 
2 2 2 2 2 
2 2 2 2 2 
2 2 2 2 
2 2 2 2 
2 2 2 2 
2 2 2 2 
2 2 2 2 
2 2 2 2 
2 2 2 
2 2 2 
2 2 
2 2 
2 2 
2 2 
2 2 
2 2 
2 2 
2 2 
2 2 
2 2 
2 2 
2 2 
2 2 
2 2 
2 2 
2 2 
2 2 
2 2 
2 2 
2 2 
2 2 
2 2 
2 2 
2 2 
2 2 
2 
2 
2 
2 
2 
2 
2 
2 
2 
2 
2 
2 2 
2 2 
2 2 
2 2 2 
2 2 2 
2 2 2 
2 2 2 
2 2 2 
2 2 2 
2 2 2 2 
2 2 2 
2 2 2 2 
2 2 2 2 
2 2 2 2 
2 2 2 2 2 
2 2 2 2 2 
2 2 2 2 2 
2 2 2 2 2 
2 2 2 2 2 
2 2 2 2 2 
2 2 2 2 2 
2 2 2 2 2 
2 2 2 2 
2 2 2 2 
2 2 2 2 2 
2 2 2 2 2 
2 2 2 2 2 
2 2 2 2 2 
2 2 2 2 2 2 
2 2 2 2 2 
2 2 2 2 2 
2 2 2 2 2 
2 2 2 2 2 
2 2 2 2 2 2 
2 2 2 2 2 2 
2 2 2 2 2 2 
2 2 2 2 2 2 
2 2 2 2 2 2 2 
2 2 2 2 2 2 2 
2 2 2 2 2 2 2 
2 2 2 2 2 2 2 
2 2 2 2 2 2 2 
2 2 2 2 2 2 2 
2 2 2 2 2 2 2 
2 2 2 2 2 2 2 
2 2 2 2 2 2 2 2 
2 2 2 2 2 2 2 2 
2 2 2 2 2 2 2 2 
2 2 2 2 2 2 2 2 
2 2 2 2 2 2 2 2 
2 2 2 2 2 2 2 
2 2 2 2 2 2 2 2 
2 2 2 2 2 2 2 2 
2 2 2 2 2 2 2 2 
2 2 2 2 2 2 2 2 
2 2 2 2 2 2 2 
2 2 2 2 2 2 2 
2 2 2 2 2 2 2 
2 2 2 2 2 2 2 
2 2 2 2 2 2 2 
2 2 2 2 2 2 2 2 
2 2 2 2 2 2 2 2 
2 2 2 2 2 2 2 2 
2 2 2 2 2 2 2 2 2 
2 2 2 2 2 2 2 2 2 
2 2 2 2 2 2 2 2 2 
2 2 2 2 2 2 2 2 2 
2 2 2 2 2 2 2 2 2 
2 2 2 2 2 2 2 2 2 
2 2 2 2 2 2 2 2 2 
2 2 2 2 2 2 2 2 2 
2 2 2 2 2 2 2 2 2 
2 2 2 2 2 2 2 2 2 
2 2 2 2 2 2 2 2 
2 2 2 2 2 2 2 2 
2 2 2 2 2 2 2 2 
2 2 2 2 2 2 2 2 
2 2 2 2 2 2 2 2 
2 2 2 2 2 2 2 2 
2 2 2 2 2 2 2 2 
2 2 2 2 2 2 2 2 
2 2 2 2 2 2 2 2 
2 2 2 2 2 2 2 
2 2 2 2 2 2 2 
2 2 2 2 2 2 
2 2 2 2 2 2 
2 2 2 2 2 2 
2 2 2 2 2 2 2 
2 2 2 2 2 2 2 
2 2 2 2 2 2 2 
2 2 2 2 2 2 2 2 
2 2 2 2 2 2 2 
2 2 2 2 2 2 2 
2 2 2 2 2 2 2 2 
2 2 2 2 2 2 
2 2 2 2 2 2 
2 2 2 2 2 2 
2 2 2 2 2 2 
2 2 2 2 2 2 
2 2 2 2 2 
2 2 2 2 2 2 
2 2 2 2 2 2 
2 2 2 2 2 2 2 2 
2 2 2 2 2 2 2 2 
2 2 2 2 2 2 2 2 
2 2 2 2 2 2 2 2 2 
2 2 2 2 2 2 2 2 2 
2 2 2 2 2 2 2 2 
2 2 2 2 2 2 2 2 
2 2 2 2 2 2 2 
2 2 2 2 2 2 2 
2 2 2 2 2 2 2 
2 2 2 2 2 2 2 
2 2 2 2 2 2 2 
2 2 2 2 2 2 2 
2 2 2 2 2 2 2 2 
2 2 2 2 2 2 2 
2 2 2 2 2 2 2 
2 2 2 2 2 2 2 
2 2 2 2 2 2 
5 2 2 2 2 2 2 2 
2 5 2 2 2 2 2 2 
5 2 2 2 2 2 2 
2 2 2 5 2 2 2 
2 5 2 2 2 2 2 
2 5 2 2 2 2 2 
2 2 2 5 2 2 2 
2 2 5 2 2 2 
2 2 5 2 2 2 
2 5 2 2 2 2 
2 5 2 2 2 2 
2 7 5 2 2 2 2 2 
2 5 2 2 2 2 
2 2 5 2 2 2 2 
7 2 2 2 2 2 2 
2 2 7 2 2 2 2 
2 5 7 2 2 2 2 2 
2 2 2 7 2 2 2 
7 2 2 5 2 2 2 
5 2 2 7 2 2 2 2 
2 2 2 2 2 
7 2 2 2 2 2 
2 2 2 2 2 
2 2 2 2 2 
7 2 2 2 2 2 
2 2 2 2 2 
2 2 2 2 2 2 
2 2 2 2 2 2 
2 2 2 2 2 2 2 
2 2 2 2 2 2 
2 2 2 2 2 
2 2 2 2 2 
2 2 2 2 2 
2 2 2 2 2 
2 2 2 2 2 
2 2 2 2 2 
2 2 2 2 2 
2 2 2 2 
2 2 2 
2 2 2 
2 2 2 
2 2 2 
2 2 2 
2 2 2 2 
2 2 2 2 
2 2 2 2 2 
2 2 2 2 2 
2 2 2 2 2 
2 2 2 2 2 
2 2 2 2 2 2 
2 2 2 2 2 
2 2 2 
2 2 2 
2 2 2 
2 2 2 2 
2 2 2 
2 2 2 
2 2 2 2 
2 2 2 2 
2 2 2 2 
2 2 2 2 
2 2 2 2 
2 2 2 2 
2 2 2 2 
2 2 2 2 
2 2 2 2 
2 2 2 2 
2 2 2 
2 2 2 
2 2 2 
2 2 2 
2 2 2 2 
2 2 2 2 
2 2 2 2 
2 2 2 2 
2 2 2 2 
2 7 2 2 
7 2 2 2 2 
7 2 2 2 2 
2 2 2 2 
2 2 2 2 2 
2 2 2 2 2 2 
2 2 2 2 2 2 
2 2 2 2 2 2 
2 2 2 2 2 2 2 
2 2 2 2 2 2 
2 2 2 2 2 2 
2 2 2 2 2 2 
2 2 2 2 2 2 
2 2 2 2 2 2 
2 2 2 2 2 2 
2 2 2 2 2 2 
2 2 2 2 2 2 
2 2 2 2 2 2 
2 2 2 2 2 2 
2 2 2 2 2 2 
2 2 2 2 2 2 
2 2 2 2 2 2 
2 2 2 2 2 2 
2 2 2 2 2 2 
2 2 2 2 2 2 
2 2 2 2 2 2 
2 2 2 2 2 
2 2 2 2 2 
2 2 2 2 2 
2 2 2 2 2 2 
2 2 2 2 2 
2 2 2 2 2 
2 2 2 2 2 
2 2 2 2 2 2 
2 2 2 2 2 2 
2 2 2 2 2 
2 2 2 2 2 
2 2 2 2 2 
2 2 2 2 2 2 2 
2 2 2 2 2 2 2 
2 2 2 2 2 2 
2 2 2 2 2 2 2 
2 2 2 2 2 2 
2 2 2 2 2 2 
2 2 2 2 2 2 
2 2 2 2 2 2 
2 2 2 2 2 2 
2 2 2 2 2 2 
2 2 2 2 2 2 
2 2 2 2 2 2 
2 2 2 2 2 2 
2 2 2 2 2 2 
2 2 2 2 2 2 2 
2 2 2 2 2 2 2 
2 2 2 2 2 2 2 2 
0 2 2 2 2 2 2 2 
2 2 2 2 2 2 2 
2 2 2 2 2 2 2 
2 2 2 2 2 2 2 
2 2 2 2 2 2 2 
2 2 2 2 2 2 2 
2 2 2 2 2 2 2 2 
2 2 2 2 2 2 2 
2 2 2 2 2 2 
2 2 2 2 2 2 2 
2 2 2 2 2 2 2 
2 2 2 2 2 2 
2 2 2 2 2 2 
2 2 2 2 2 2 
2 2 2 2 2 2 
2 2 2 2 2 2 
2 2 2 2 2 2 
2 2 2 2 2 
2 2 2 2 2 2 
2 2 2 2 2 2 
2 2 2 2 2 2 2 
2 2 2 2 2 2 
2 2 2 2 2 2 
2 2 2 2 2 2 
2 2 2 2 2 2 2 
2 2 2 2 2 2 
2 2 2 2 2 2 
2 2 2 2 2 2 2 
2 2 2 2 2 
2 2 2 2 2 
2 2 2 2 2 
2 2 2 2 2 
2 2 2 2 2 
2 2 2 2 2 
2 2 2 2 2 2 2 
2 2 2 2 2 2 
7 2 2 2 2 2 2 
2 2 2 2 2 2 
2 2 2 2 2 2 2 
2 2 2 2 2 2 2 
2 2 2 2 2 
2 2 2 2 2 2 
2 2 2 2 2 2 
2 2 2 2 2 2 
2 2 2 2 2 2 2 
2 2 2 2 2 2 2 2 2 
2 2 2 2 2 2 2 2 2 
2 2 2 2 2 2 2 2 2 
2 2 2 2 2 2 2 2 
2 2 2 2 2 2 2 2 
2 2 2 2 2 2 2 2 2 2 
2 2 2 2 2 2 2 2 2 
2 7 2 2 2 2 2 2 2 2 
2 2 2 2 2 2 2 2 2 
2 2 2 2 2 2 2 2 
2 2 2 2 2 2 2 2 
2 2 2 2 2 2 2 2 
2 2 2 2 2 2 2 2 2 
2 2 2 2 2 2 2 2 2 2 
2 2 2 2 2 2 2 2 2 2 
2 2 2 2 2 2 2 2 2 2 
7 2 2 2 2 2 2 2 2 2 2 
2 2 2 2 2 2 2 2 2 2 
2 2 2 2 2 2 2 2 2 2 
2 2 2 2 2 2 2 2 2 2 
7 2 2 2 2 2 2 2 2 2 2 
7 2 2 2 2 2 2 2 2 2 
7 2 7 2 2 2 2 2 2 2 2 
7 2 7 2 2 2 2 2 2 2 2 
2 2 7 2 2 2 2 2 2 2 2 
2 2 7 2 7 2 2 2 2 2 2 2 
2 7 2 2 2 2 2 2 2 2 2 
2 2 7 2 2 2 2 2 2 2 
2 7 2 2 2 2 2 2 2 2 
7 5 2 2 7 2 2 2 2 2 2 2 
2 7 2 2 2 2 2 2 2 2 2 
2 7 2 2 2 2 2 2 2 2 2 
2 7 2 2 2 2 2 2 2 2 2 
7 2 2 2 2 2 2 2 2 2 
2 7 2 2 2 2 2 2 2 2 
2 2 7 2 2 2 2 2 2 2 
2 7 2 2 2 2 2 2 2 2 
2 7 2 2 2 2 2 2 2 2 
2 7 2 2 2 2 2 2 2 2 
2 7 2 2 2 2 2 2 2 
2 7 2 2 2 2 2 2 2 
2 2 2 7 2 2 2 2 2 2 2 
2 2 2 7 2 2 2 2 2 2 2 2 
2 7 2 2 2 2 2 2 2 2 2 
2 7 2 2 2 2 2 2 2 2 
7 2 2 2 2 2 2 2 2 2 
2 7 2 2 2 2 2 2 2 2 
2 7 2 2 2 2 2 2 2 
2 7 2 2 2 2 2 2 2 
2 2 7 2 2 2 2 2 2 2 
2 7 2 2 2 2 2 2 2 
7 2 2 2 2 2 2 2 2 
2 2 7 2 2 2 2 2 2 
2 2 7 2 2 2 2 2 2 
7 2 2 2 2 2 2 2 2 
2 7 2 2 2 2 2 2 2 
2 2 7 2 2 2 2 2 2 2 
2 2 7 2 2 2 2 2 2 2 
7 2 2 2 2 2 2 2 2 
2 2 2 2 2 2 2 2 2 
2 7 2 2 2 2 2 2 2 2 
2 2 7 2 2 2 2 2 2 2 
2 2 7 2 2 2 2 2 2 2 
2 2 7 2 2 2 2 2 2 
2 7 2 2 2 2 2 2 
7 2 2 2 2 2 2 2 
2 2 2 7 2 2 2 2 2 2 
2 7 2 2 2 2 2 2 
2 7 2 2 2 2 2 2 
7 2 2 2 2 2 2 
7 2 2 2 2 2 
7 2 2 2 2 2 
2 7 2 2 2 2 
2 2 7 2 2 2 2 
7 2 2 2 2 2 
7 2 0 2 2 2 2 2 
0 2 7 2 2 2 2 2 
0 2 2 2 2 2 2 
7 2 2 2 2 2 2 
0 7 2 2 2 2 2 2 
7 2 2 2 2 2 2 
2 7 2 2 2 2 2 2 
2 2 2 2 2 7 2 2 
2 2 7 2 2 2 2 2 
7 2 6 2 2 2 2 2 
7 2 2 2 2 2 2 2 
2 6 0 2 2 2 2 2 2 2 
0 7 2 2 2 2 2 2 2 
0 2 6 7 2 2 2 2 2 2 2 
2 2 7 2 2 2 2 2 2 
2 2 2 2 2 2 2 2 
2 2 2 2 2 2 2 2 2 
2 2 2 2 2 2 2 2 
2 2 2 2 2 2 2 2 
2 2 2 2 2 2 2 2 
7 2 2 2 2 2 2 2 2 
2 2 2 2 2 2 2 2 
2 2 2 2 2 2 2 2 2 
2 2 2 2 2 2 2 2 
0 2 2 2 2 2 2 2 2 
2 2 2 2 2 2 2 2 
0 2 2 2 2 2 2 2 2 
0 2 2 2 2 2 2 2 2 
2 0 2 2 2 2 2 2 2 
2 2 2 2 2 2 2 
2 2 2 2 2 2 2 
2 2 2 2 2 2 2 
2 2 2 2 2 2 2 
2 2 2 2 2 2 2 
2 2 2 2 2 2 2 
2 2 2 2 2 2 2 2 
2 2 2 2 2 2 2 
2 2 2 2 2 2 2 2 
2 2 2 2 2 2 2 
2 2 2 2 2 2 2 
2 2 2 2 2 2 
2 2 2 2 2 
2 2 2 2 
2 2 2 2 
2 2 2 2 
2 2 2 2 
2 2 2 2 
2 2 2 2 
2 2 2 2 2 
2 2 2 2 
2 2 2 2 2 
2 2 2 2 
2 2 2 2 
2 2 2 
2 2 2 2 
2 2 2 
2 2 2 2 
2 2 2 2 
2 2 2 2 
2 2 2 2 
0 2 2 2 2 
0 2 2 2 2 
2 0 2 2 2 2 
2 2 2 2 
2 2 2 2 
0 2 2 2 2 
0 2 2 2 2 
0 2 2 2 2 2 
0 2 2 2 2 2 
0 2 2 2 2 2 
0 2 2 2 2 2 
2 2 2 2 2 
2 2 2 2 2 
2 2 2 2 2 
2 2 2 2 2 2 
0 2 2 2 2 2 2 
0 2 2 2 2 2 2 
0 2 2 2 2 2 2 
2 2 2 2 2 2 
2 2 2 2 2 2 
2 2 2 2 2 2 
2 2 2 2 2 2 
2 2 2 2 2 2 
2 2 2 2 2 2 
2 2 2 2 2 2 
2 2 2 2 2 
2 2 2 2 2 
2 2 2 2 2 2 
2 2 2 2 2 2 
2 2 2 2 2 2 2 
2 2 2 2 2 2 2 
2 2 2 2 2 2 2 
2 2 2 2 2 2 
2 2 2 2 2 
2 2 2 2 2 
2 2 2 2 2 
2 2 2 2 2 
2 0 2 2 2 2 2 
2 2 2 2 2 2 
2 2 2 2 2 2 2 
2 2 2 2 2 2 2 2 
2 2 2 2 2 2 2 
2 2 2 2 2 2 
2 2 2 2 2 2 
2 2 2 2 2 2 
2 2 2 2 2 2 
2 2 2 2 2 2 
2 2 2 2 2 2 
2 2 2 2 2 2 2 
2 2 2 2 2 2 2 
2 2 2 2 2 2 2 
2 2 2 2 2 2 2 
2 2 2 2 2 2 2 
2 2 2 2 2 2 2 
2 2 2 2 2 2 2 
2 2 2 2 2 2 2 
2 2 2 2 2 2 2 
2 2 2 2 2 2 
2 2 2 2 2 
2 2 2 2 2 
2 2 2 2 2 2 
2 2 2 2 2 2 
2 2 2 2 2 2 
2 2 2 2 2 2 
2 2 2 2 2 2 
2 2 2 2 2 2 
2 2 2 2 2 2 
2 2 2 2 2 2 
2 2 2 2 2 2 
2 2 2 2 2 2 
2 2 2 2 2 2 2 
2 2 2 2 2 2 2 
2 2 2 2 2 2 2 
2 2 2 2 2 2 2 
2 2 2 2 2 2 2 
2 2 2 2 2 2 2 
2 2 2 2 2 2 2 
2 2 2 2 2 2 2 2 
2 2 2 2 2 2 2 
2 2 2 2 2 2 2 
2 2 2 2 2 2 2 
2 2 2 2 2 2 2 
2 2 2 2 2 2 2 
2 2 2 2 2 2 2 
2 2 2 2 2 2 2 
2 2 2 2 2 2 
2 2 2 2 2 2 
2 2 2 2 2 2 
2 2 2 2 2 2 
2 2 2 2 2 2 
2 2 2 2 2 2 
2 2 2 2 2 2 
2 2 2 2 2 2 
2 2 2 2 2 2 2 2 
2 2 2 2 2 2 2 2 
2 2 2 2 2 2 2 
2 2 2 2 2 2 2 
2 2 2 2 2 2 2 
2 2 2 2 2 2 2 
2 2 2 2 2 2 2 2 
2 2 2 2 2 2 2 2 
2 2 2 2 2 2 2 2 
2 2 2 2 2 2 2 
2 2 2 2 2 2 2 2 
2 2 2 2 2 2 2 2 
2 2 2 2 2 2 2 2 
2 2 2 2 2 2 2 2 
2 2 2 2 2 2 2 2 
2 2 2 2 2 2 2 2 
2 2 2 2 2 2 2 2 
2 2 2 2 2 2 2 2 
2 2 2 2 2 2 2 2 2 
2 2 2 2 2 2 2 2 
2 2 2 2 2 2 2 2 
2 2 2 2 2 2 2 2 
2 2 2 2 2 2 2 2 
2 2 2 2 2 2 2 2 
2 2 2 2 2 2 2 2 
2 2 2 2 2 2 2 2 2 
7 2 2 2 2 2 2 2 2 
2 2 2 2 2 2 2 2 
2 2 2 2 2 2 2 2 2 
2 2 2 2 2 2 2 2 2 
2 2 2 2 2 2 2 2 2 
2 2 2 2 2 2 2 2 2 
2 2 2 2 2 2 2 2 
2 2 2 2 2 2 2 2 
2 2 2 2 2 2 2 2 
2 2 2 2 2 2 2 2 
2 2 2 2 2 2 2 
2 2 2 2 2 2 2 2 
2 2 2 2 2 2 2 2 
2 2 2 2 2 2 2 
2 2 2 2 2 2 2 2 
2 2 2 2 2 2 2 2 2 
2 2 2 2 2 2 2 2 
5 2 2 2 2 2 2 2 
2 2 2 2 2 2 2 
2 2 2 2 2 2 2 
2 2 2 2 2 2 2 
2 2 2 2 2 2 
2 2 2 2 2 2 2 
2 2 2 2 2 2 2 
2 2 2 2 2 2 
2 2 2 2 2 2 
2 2 2 2 2 2 
2 2 2 2 2 2 
2 2 2 2 2 2 
2 2 2 2 2 2 
2 2 2 2 2 2 2 
2 2 2 2 2 2 
2 2 2 2 2 
2 2 2 2 2 2 
2 2 2 2 2 
2 2 2 2 2 
2 2 2 2 2 
2 2 2 2 2 2 
2 2 2 2 2 2 
2 2 2 2 2 2 2 
2 2 2 2 2 2 2 
2 2 2 2 2 2 2 
2 2 2 2 2 2 2 
2 2 2 2 2 2 2 
5 2 2 2 2 2 2 2 
2 5 2 2 2 2 2 2 2 
2 5 2 2 2 2 2 2 
2 2 2 2 5 2 2 2 
5 2 2 2 2 2 2 2 
2 2 2 2 2 5 2 2 
2 2 2 2 5 2 2 2 2 
2 2 2 2 2 2 5 2 2 
2 2 2 2 2 2 5 2 2 2 
2 2 2 2 5 2 2 2 2 
2 2 2 5 2 2 2 2 2 
2 2 2 5 2 2 2 2 2 
2 5 2 2 2 2 2 2 2 
7 5 2 2 2 2 2 2 2 
5 7 2 2 2 2 2 2 2 
2 5 2 2 2 2 2 2 2 
7 2 2 2 2 2 2 2 2 2 
2 5 7 2 2 2 2 2 2 2 2 
2 2 2 2 2 2 2 2 
2 2 2 2 2 2 2 2 
7 2 2 2 2 2 2 2 2 
2 2 2 2 2 2 2 
2 2 2 2 2 2 2 
2 2 2 2 2 2 
6 2 2 2 2 2 
2 2 2 2 2 
6 2 2 2 2 2 
2 2 2 2 2 
2 2 2 2 2 2 
2 2 2 2 2 
2 2 2 2 2 
2 2 2 2 2 
2 2 2 2 2 
2 2 2 2 2 
2 2 2 2 2 
2 2 2 2 2 
2 2 2 2 2 2 
2 2 2 2 2 2 
2 2 2 2 2 2 
2 2 2 2 2 2 
2 2 2 2 2 2 
2 2 2 2 2 2 
2 2 2 2 2 2 
2 2 2 2 2 2 
2 2 2 2 2 2 
2 2 2 2 2 2 2 
2 2 2 2 2 2 
2 2 2 2 2 2 2 
2 2 2 2 2 2 
2 2 2 2 2 2 
2 2 2 2 2 2 
2 2 2 2 2 2 
2 7 2 2 2 2 2 
7 2 2 2 2 2 2 
7 2 2 2 2 2 2 
7 2 2 2 2 2 2 
7 2 2 2 2 2 2 
7 2 2 2 2 2 2 
2 2 2 2 2 2 
2 2 2 2 2 
2 2 2 2 2 2 
2 2 2 2 2 2 
2 2 2 2 2 
2 2 2 2 2 
2 2 2 2 2 
2 2 2 2 2 
5 2 2 2 2 2 
2 2 2 2 2 
2 2 2 2 2 2 
2 2 2 2 2 2 
2 2 2 2 2 2 
2 2 2 2 2 2 
2 2 2 2 2 
2 2 2 2 2 
7 2 2 2 2 2 
2 2 2 2 2 
2 2 2 2 
2 2 2 2 
2 2 2 2 
2 2 2 2 
2 2 2 2 2 
2 7 0 2 2 2 
2 2 2 2 2 
0 5 2 2 2 2 2 
5 2 2 2 
2 2 2 2 
2 2 2 2 2 
2 2 2 
2 2 2 
2 2 2 
2 2 2 
2 2 2 
2 2 2 
2 2 2 
2 2 2 2 
2 2 2 2 
2 2 2 2 2 
2 2 2 2 2 
2 2 2 2 2 
2 2 2 2 
2 2 2 2 
2 2 2 2 
2 2 2 2 
2 2 2 2 
2 2 2 2 
2 2 2 2 
2 2 2 2 
2 2 2 2 
2 2 2 2 
2 2 2 2 
2 2 2 2 
2 2 2 2 
2 2 2 2 
2 2 2 2 
2 2 2 2 
2 2 2 2 
2 2 2 2 
2 2 2 2 
2 2 2 2 
2 2 2 2 2 
2 2 2 2 2 
2 2 2 2 2 
2 2 2 2 2 
2 2 2 2 2 
2 2 2 2 2 
2 2 2 2 2 
2 2 2 2 2 
2 2 2 2 2 
2 2 2 2 2 
2 2 2 2 2 
2 2 2 2 2 2 
2 2 2 2 2 2 
2 2 2 2 2 2 2 
2 2 2 2 2 2 2 
2 2 2 2 2 2 2 
2 2 2 2 2 2 
2 2 2 2 2 
2 2 2 2 2 2 
2 2 2 2 2 2 
2 2 2 2 2 2 
2 2 2 2 2 2 
2 2 2 2 2 2 
2 2 2 2 2 2 2 
2 2 2 2 2 2 2 
2 2 2 2 2 2 2 
2 2 2 2 2 2 2 
2 2 2 2 2 2 2 
2 2 2 2 2 2 2 
2 2 2 2 2 2 
2 2 2 2 2 2 2 
2 2 2 2 2 2 2 2 
2 2 2 2 2 2 2 2 
2 2 2 2 2 2 2 2 
2 2 2 2 2 2 2 2 
2 2 2 2 2 2 2 
2 2 2 2 2 2 2 
2 2 2 2 2 2 2 
2 2 2 2 2 2 2 
2 2 2 2 2 2 2 
2 2 2 2 2 2 2 
2 2 2 2 2 2 
2 2 2 2 2 2 
2 2 2 2 2 2 
2 2 2 2 2 2 2 
2 2 2 2 2 2 
2 2 2 2 2 2 2 
2 2 2 2 2 2 
2 2 2 2 2 2 
2 2 2 2 2 2 
2 2 2 2 2 2 2 
2 2 2 2 2 2 2 
2 2 2 2 2 2 2 
2 2 2 2 2 2 2 
2 2 2 2 2 2 2 2 
2 2 2 2 2 2 2 
2 2 2 2 2 2 2 
2 2 2 2 2 2 
2 2 2 2 2 2 2 
2 2 2 2 2 2 2 
2 2 2 2 2 2 2 
2 2 2 2 2 2 2 
2 2 2 2 2 2 2 2 
2 2 2 2 2 2 
2 2 2 2 2 2 2 
2 2 2 2 2 2 2 
2 2 2 2 2 2 2 
2 2 2 2 2 2 
2 2 2 2 2 2 2 
2 2 2 2 2 2 2 
2 2 2 2 2 2 2 2 
2 2 2 2 2 2 2 2 
2 2 2 2 2 2 2 
2 2 2 2 2 2 2 2 
2 2 2 2 2 2 2 2 
2 2 2 2 2 2 2 
2 2 2 2 2 2 2 2 2 
2 2 2 2 2 2 
2 2 2 2 2 2 2 
2 2 2 2 2 2 2 
2 2 2 2 2 2 2 2 
2 2 2 2 2 2 2 
2 2 2 2 2 2 2 
2 2 2 2 2 2 2 2 
2 2 2 2 2 2 2 2 
2 2 2 2 2 2 
2 2 2 2 2 2 2 2 
2 2 2 2 2 2 2 
2 2 2 2 2 2 2 2 2 
2 2 2 2 2 2 2 
2 2 2 2 2 2 2 
2 2 2 2 2 2 2 
2 2 2 2 2 2 2 
2 2 2 2 2 2 2 
2 2 2 2 2 2 
2 2 2 2 2 2 
2 2 2 2 2 2 
2 2 2 2 2 2 
2 2 2 2 2 2 
2 2 2 2 2 2 
2 2 2 2 2 2 
2 2 2 2 2 2 
2 2 2 2 2 2 
2 2 2 2 2 2 
2 2 2 2 2 2 
2 2 2 2 2 2 
2 2 2 2 2 2 2 
2 2 2 2 2 2 2 
2 2 2 2 2 2 2 
2 2 2 2 2 2 2 
2 2 2 2 2 2 2 2 
2 2 2 2 2 2 2 2 2 
2 2 2 2 2 2 2 2 
2 2 2 2 2 2 2 2 
2 2 2 2 2 2 2 2 2 
2 2 2 2 2 2 2 2 
2 2 2 2 2 2 2 2 
2 2 2 2 2 2 2 
2 2 2 2 2 2 2 
2 2 2 2 2 2 2 
2 2 2 2 2 2 2 
2 2 2 2 2 2 2 
2 2 2 2 2 2 
2 2 2 2 2 2 
2 2 2 2 2 2 
2 2 2 2 2 2 
2 2 2 2 2 2 
2 2 2 2 2 2 2 
2 2 2 2 2 2 
2 2 2 2 2 2 
2 2 2 2 2 2 
2 2 2 2 2 2 
2 2 2 2 2 2 
2 2 2 2 2 2 
2 2 2 2 2 2 
2 2 2 2 2 
2 2 2 2 2 
2 2 2 2 2 
2 2 2 2 2 
2 2 2 2 2 
2 2 2 2 2 
2 2 2 2 2 
2 2 2 2 2 
2 2 2 2 2 
2 2 2 2 2 2 
2 2 2 2 2 2 
2 2 2 2 2 2 
2 2 2 2 2 2 2 
2 2 2 2 2 2 2 
2 2 2 2 2 2 2 2 
2 2 2 2 2 2 2 2 
2 2 2 2 2 2 2 2 
2 2 2 2 2 2 2 2 
2 2 2 2 2 2 2 2 2 
2 2 2 2 2 2 2 2 2 
2 2 2 2 2 2 2 2 2 2 
5 2 2 2 2 2 2 2 2 2 
2 2 2 2 2 2 2 2 2 
2 2 2 2 2 2 2 2 2 
2 2 2 2 2 2 2 2 
2 2 2 2 2 2 2 2 
2 2 2 2 2 2 2 2 
2 2 2 2 2 2 2 2 
2 2 2 2 2 2 2 2 
2 2 2 2 2 2 2 2 
2 2 2 2 2 2 2 2 2 
2 2 2 2 2 2 2 2 
2 2 2 2 2 2 2 2 2 
2 2 2 2 2 2 2 2 
2 2 2 2 2 2 2 
2 2 2 2 2 2 2 
2 2 2 2 2 2 2 2 
2 2 2 2 2 2 2 2 
2 2 2 2 2 2 2 2 
2 2 2 2 2 2 2 2 
2 2 2 2 2 2 2 2 
2 2 2 2 2 2 2 2 
2 2 2 2 2 2 2 
2 2 2 2 2 2 2 
2 2 2 2 2 2 2 
2 2 2 2 2 2 2 
2 2 2 2 2 2 2 
2 2 2 2 2 2 
2 2 2 2 2 2 
2 2 2 2 2 2 
2 2 2 2 2 2 
2 2 2 2 2 2 
2 2 2 2 2 2 
2 2 2 2 2 2 
2 2 2 2 2 2 2 2 
2 2 2 2 2 2 2 2 
2 2 2 2 2 2 2 2 
2 2 2 2 2 2 2 2 
2 2 2 2 2 2 2 2 
2 2 2 2 2 2 2 2 
2 2 2 2 2 2 2 2 
2 2 2 2 2 2 2 2 
2 2 2 2 2 2 2 2 
2 2 2 2 2 2 2 2 
2 2 2 2 2 2 2 2 
2 2 2 2 2 2 2 2 
2 2 2 2 2 2 2 2 
2 2 2 2 2 2 2 2 
2 2 2 2 2 2 2 2 
2 2 2 2 2 2 2 2 
2 2 2 2 2 2 2 
2 2 2 2 2 2 2 
2 2 2 2 2 2 2 
2 2 2 2 2 2 2 2 
2 2 2 2 2 2 2 
2 2 2 2 2 2 2 
2 2 2 2 2 2 2 
2 2 2 2 2 2 2 
2 2 2 2 2 2 2 
2 2 2 2 2 2 2 
2 2 2 2 2 2 2 
2 2 2 2 2 2 2 
2 2 2 2 2 2 
2 2 2 2 2 2 2 2 
2 2 2 2 2 2 
2 2 2 2 2 2 
2 2 2 2 2 2 2 2 
2 2 2 2 2 2 2 2 
2 2 2 2 2 2 2 2 2 
2 2 2 2 2 2 2 2 
2 2 2 2 2 2 2 2 
2 2 2 2 2 2 2 2 2 
2 2 2 2 2 2 2 2 2 
2 2 2 2 2 2 2 2 2 
2 2 2 2 2 2 2 2 2 
2 2 2 2 2 2 2 2 2 
2 2 2 2 2 2 2 2 2 
2 2 2 2 2 2 2 2 
2 2 2 2 2 2 2 2 
2 2 2 2 2 2 2 2 
2 2 2 2 2 2 2 2 
2 2 2 2 2 2 2 
2 2 2 2 2 2 2 
2 2 2 2 2 2 2 
2 2 2 2 2 2 2 
2 2 2 2 2 2 2 
2 2 2 2 2 2 2 
0 2 2 2 2 2 2 
2 2 2 2 2 2 
2 2 2 2 2 2 
2 2 2 2 2 2 
2 2 2 2 2 2 
2 2 2 2 2 2 
2 2 2 2 2 2 
2 2 2 2 2 2 
2 2 2 2 2 2 2 
2 2 2 2 2 2 2 
2 2 2 2 2 2 2 
2 2 2 2 2 2 2 
2 2 2 2 2 2 2 
2 2 2 2 2 2 2 
2 2 2 2 2 2 2 
2 2 2 2 2 2 
2 2 2 2 2 2 2 
2 2 2 2 2 2 2 2 
2 2 2 2 2 2 2 2 
2 2 2 2 2 2 2 
2 2 2 2 2 2 2 
2 2 2 2 2 2 2 
2 2 2 2 2 2 2 
2 2 2 2 2 2 2 2 
2 2 2 2 2 2 2 2 2 2 
2 2 2 2 2 2 2 2 2 2 
2 2 2 2 2 2 2 
2 2 2 2 2 2 2 
2 2 2 2 2 2 
2 2 2 2 2 2 
2 2 2 2 2 2 
2 2 2 2 2 2 
2 2 2 2 2 2 2 
2 2 2 2 2 2 2 
2 2 2 2 2 2 2 
2 2 2 2 2 2 2 
2 2 2 2 2 2 
2 2 2 2 2 2 2 
2 2 2 2 2 2 
2 2 2 2 2 2 
2 2 2 2 2 2 
2 2 2 2 2 2 
2 2 2 2 2 2 
2 2 2 2 2 2 
2 2 2 2 2 2 
2 2 2 2 2 2 
2 2 2 2 2 2 
2 2 2 2 2 2 
2 2 2 2 2 2 
2 2 2 2 2 2 
2 2 2 2 2 2 
2 2 2 2 2 2 
2 2 2 2 2 2 
2 2 2 2 2 2 2 
2 2 2 2 2 2 2 
2 2 2 2 2 2 2 
2 2 2 2 2 2 2 
2 2 2 2 2 2 2 
2 2 2 2 2 2 2 
2 2 2 2 2 2 2 
2 2 2 2 2 2 2 
2 2 2 2 2 2 2 
2 2 2 2 2 2 2 
2 2 2 2 2 2 2 
2 2 2 2 2 2 2 
2 2 2 2 2 2 2 2 
2 2 2 2 2 2 2 2 
2 2 2 2 2 2 2 2 
2 2 2 2 2 2 2 2 
2 2 2 2 2 2 2 2 
2 2 2 2 2 2 2 2 
2 2 2 2 2 2 2 2 
2 2 2 2 2 2 2 
2 2 2 2 2 2 2 
2 2 2 2 2 2 2 
2 2 2 2 2 2 2 
2 2 2 2 2 2 2 
2 2 2 2 2 2 2 
2 2 2 2 2 2 2 2 
2 2 2 2 2 2 2 2 
2 2 2 2 2 2 2 2 
2 2 2 2 2 2 2 2 
2 2 2 2 2 2 2 2 
2 2 2 2 2 2 2 
2 2 2 2 2 2 2 2 
2 2 2 2 2 2 2 
2 2 2 2 2 2 2 
2 2 2 2 2 2 
2 2 2 2 2 2 
2 2 2 2 2 2 2 
2 2 2 2 2 2 2 
2 2 2 2 2 2 2 
2 2 2 2 2 2 2 2 
2 2 2 2 2 2 2 2 
2 2 2 2 2 2 2 2 
2 2 2 2 2 2 2 
2 2 2 2 2 2 2 
2 2 2 2 2 2 2 
2 2 2 2 2 2 2 
2 2 2 2 2 2 2 
2 2 2 2 2 2 2 2 2 
2 2 2 2 2 2 2 2 
2 2 2 2 2 2 2 2 
2 2 2 2 2 2 2 2 
2 2 2 2 2 2 2 2 
2 2 2 2 2 2 2 2 
2 2 2 2 2 2 2 2 
2 2 2 2 2 2 2 2 
2 2 2 2 2 2 2 
2 2 2 2 2 2 2 
2 2 2 2 2 2 2 2 2 
2 2 2 2 2 2 2 2 
2 2 2 2 2 2 2 2 
2 2 2 2 2 2 2 2 
2 2 2 2 2 2 2 2 
2 2 2 2 2 2 2 2 
2 2 2 2 2 2 2 2 
2 2 2 2 2 2 2 2 
2 2 2 2 2 2 2 
2 2 2 2 2 2 2 
2 2 7 2 2 2 2 2 2 
2 2 2 2 2 2 2 2 2 
2 2 2 2 2 2 2 2 2 
2 2 2 2 2 2 2 2 
2 2 2 2 2 2 2 2 
2 2 2 2 2 2 2 2 
2 2 2 2 2 2 2 2 
2 2 2 2 2 2 2 
7 2 2 2 2 2 2 2 
2 2 2 2 2 2 2 
2 2 2 2 2 2 2 
2 2 2 2 2 2 2 
7 2 2 2 2 2 2 2 
2 7 2 2 2 2 2 2 
7 2 2 2 2 2 2 
7 2 7 2 2 2 2 
7 7 2 2 2 2 2 
7 2 2 2 2 2 
7 2 2 2 2 2 2 
7 2 2 2 2 2 2 
7 2 2 2 2 2 2 2 
2 2 7 7 2 2 2 2 2 2 
7 2 7 2 2 2 2 2 
7 2 2 2 7 2 2 2 2 
0 2 2 5 2 2 2 2 2 2 
2 2 2 2 2 2 2 
2 2 2 2 2 2 2 2 
2 2 2 2 2 2 2 2 2 
2 2 2 2 2 2 2 2 
2 2 2 2 2 2 2 2 
2 2 2 2 2 2 2 2 2 
2 2 2 2 2 2 2 2 2 2 
5 2 2 2 2 2 2 2 2 2 
2 2 2 2 2 2 2 2 2 
5 2 2 2 2 2 2 2 2 2 
2 2 2 5 2 2 2 2 2 2 
2 2 2 5 2 2 2 2 2 
5 2 2 2 2 2 2 2 2 2 
2 2 2 2 2 2 2 2 2 
2 2 2 2 2 2 2 2 2 
2 2 2 2 2 2 2 2 2 
2 2 2 2 2 2 2 2 
2 2 2 2 2 2 2 2 
2 2 2 2 2 2 2 2 
2 2 2 2 2 2 2 2 
2 2 2 2 2 2 2 
2 2 2 2 2 2 2 2 
2 2 2 2 2 2 2 2 2 2 
2 2 2 2 2 2 2 2 2 
2 2 2 2 2 2 2 2 2 
2 2 2 2 2 2 2 2 2 
2 2 2 2 2 2 2 2 2 
2 2 2 2 2 2 2 2 2 
2 2 2 2 2 2 2 2 
2 2 2 2 2 2 2 2 
2 2 2 2 2 2 2 2 2 
2 2 2 2 2 2 2 2 
2 2 2 2 2 2 2 2 
2 2 2 2 2 2 2 2 2 
2 2 2 2 2 2 2 2 
2 2 2 2 2 2 2 2 2 
2 2 2 2 2 2 2 2 2 
2 2 2 2 2 2 2 2 2 2 
2 2 2 2 2 2 2 2 2 2 
2 2 2 2 2 2 2 2 2 2 
2 2 2 2 2 2 2 2 2 
2 2 2 2 2 2 2 2 2 
2 2 2 2 2 2 2 2 2 
2 2 2 2 2 2 2 2 2 2 
2 2 2 2 2 2 2 2 2 
2 2 2 2 2 2 2 2 
2 2 2 2 2 2 
2 2 2 2 2 2 
2 2 2 2 2 2 
2 2 2 2 2 2 
2 2 2 2 2 2 2 
2 2 2 2 2 2 
2 2 2 2 2 2 
2 2 2 2 2 
2 2 2 2 2 
2 2 2 2 2 2 
2 2 2 2 2 2 
2 2 2 2 2 2 
2 2 2 2 2 
2 2 2 2 2 2 
2 2 2 2 2 2 
2 2 2 2 2 2 
2 2 2 2 2 2 
2 2 2 2 2 
2 2 2 2 2 
2 2 2 2 2 
2 2 2 2 2 
2 2 2 2 2 
2 2 2 2 2 
2 2 2 2 2 
2 2 2 2 2 
2 2 2 2 2 2 
2 2 2 2 2 2 
2 2 2 2 2 2 
2 2 2 2 2 2 
2 2 2 2 2 2 
2 2 2 2 2 2 
2 2 2 2 2 2 
0 2 2 2 2 2 2 
2 2 2 2 2 2 2 
2 2 2 2 2 2 2 
2 2 2 2 2 2 2 
2 2 2 2 2 2 2 
2 2 2 2 2 2 2 
2 2 2 2 2 2 
5 2 2 2 2 2 2 
5 2 2 2 2 2 
2 5 2 2 2 2 
2 2 5 2 2 2 
2 2 5 2 2 2 2 
2 2 2 2 5 2 
2 5 2 2 2 2 
2 5 2 2 2 2 
2 5 2 2 2 2 
7 2 5 2 2 2 2 2 
2 5 2 2 2 2 
7 5 2 2 2 2 2 
5 2 2 2 2 2 
5 2 2 2 2 2 
5 2 2 2 2 2 
5 2 2 2 2 2 
5 7 2 2 2 2 2 
5 7 2 2 2 2 2 
2 5 7 2 2 2 2 2 
2 5 2 2 2 2 
5 7 2 2 2 2 2 2 
2 7 2 2 2 2 
7 2 2 2 2 
2 7 2 2 2 
2 7 2 2 2 2 
0 2 2 2 2 
2 2 2 2 
2 7 2 2 2 
7 2 2 2 2 
2 2 2 2 
7 2 2 2 2 
7 2 2 2 2 
2 2 7 2 2 
2 2 7 2 2 
7 2 2 2 
2 2 2 
2 2 2 2 
2 2 2 2 
2 2 2 
7 2 2 2 
2 2 2 
2 2 2 
2 2 2 
2 2 2 
2 2 2 
2 2 2 
2 2 2 
2 2 2 
2 2 2 
2 2 2 
2 2 2 2 
2 2 
2 2 
2 2 
2 2 
2 2 
2 2 2 2 
2 2 2 
2 2 2 2 
2 2 2 2 
2 2 2 2 
2 2 2 2 
3 2 2 2 2 
2 2 2 2 
2 2 2 
2 2 
2 2 
2 2 
2 2 
2 2 2 
2 2 2 
2 2 2 
2 2 2 2 
2 2 2 
2 2 2 2 
2 2 2 2 2 
2 2 2 2 2 
2 2 2 2 2 
2 2 2 2 2 
2 2 2 2 2 
2 2 2 2 2 
2 2 2 2 
2 2 2 2 2 
2 2 2 2 2 
2 2 2 2 
2 2 2 2 
2 2 2 2 
2 2 2 2 
2 2 2 2 
2 2 2 2 
2 2 2 2 
2 2 2 2 
2 2 2 2 
2 2 2 2 2 
2 2 2 2 2 
2 2 2 2 2 
2 2 2 2 2 2 
2 2 2 2 2 2 
2 2 2 2 2 2 2 
2 2 2 2 2 2 
2 2 2 2 2 2 2 
2 2 2 2 2 2 2 
2 2 2 2 2 2 2 
2 2 2 2 2 2 2 
2 2 2 2 2 2 2 
2 2 2 2 2 2 2 
2 2 2 2 2 2 2 2 
2 2 2 2 2 2 2 
2 2 2 2 2 2 2 
2 2 2 2 2 2 2 
2 2 2 2 2 2 2 
2 2 2 2 2 2 2 
2 2 2 2 2 2 2 
2 2 2 2 2 2 2 
2 2 2 2 2 2 
2 2 2 2 2 2 
2 2 2 2 2 2 2 
2 2 2 2 2 2 2 
2 2 2 2 2 2 
2 6 2 2 2 2 2 
6 2 2 2 2 2 2 
2 2 2 2 2 2 
2 2 2 2 2 
2 2 2 2 2 2 
2 2 2 2 2 2 2 
2 2 2 2 2 2 2 
2 2 2 2 2 2 2 
2 2 2 2 2 2 2 
2 2 2 2 2 2 2 
2 2 2 2 2 2 2 
2 2 2 2 2 2 2 
2 2 2 2 2 2 2 
2 2 2 2 2 2 2 
2 2 2 2 2 2 2 
2 2 2 2 2 2 2 
2 2 2 2 2 2 2 
2 2 2 2 2 2 2 
2 2 2 2 2 2 2 
2 2 2 2 2 2 2 
2 2 2 2 2 2 2 
2 2 2 2 2 2 2 
2 2 2 2 2 2 2 
2 2 2 2 2 2 2 
2 2 2 2 2 2 2 
2 2 2 2 2 2 
2 2 2 2 2 2 2 2 
2 2 2 2 2 2 
2 2 2 2 2 2 2 
2 2 2 2 2 2 2 2 
2 2 2 2 2 2 2 
2 2 2 2 2 2 2 
2 2 2 2 2 2 2 
2 2 2 2 2 2 2 
2 2 2 2 2 2 2 
5 2 2 2 2 2 2 
7 2 2 2 2 2 2 
7 2 2 2 2 2 2 
5 2 2 2 2 2 2 
2 5 2 2 2 2 
2 2 2 2 2 2 
2 2 2 2 
2 2 2 2 2 
2 2 2 2 2 2 
2 2 2 2 2 2 
2 2 2 2 2 
2 2 2 2 2 
2 2 2 2 2 2 
2 2 2 2 2 2 
2 2 2 2 2 2 
2 2 2 2 2 2 
2 2 2 2 2 2 2 
2 2 2 2 2 2 2 2 
2 2 2 2 2 2 2 
2 2 2 2 2 2 2 
2 2 2 2 2 2 2 
2 2 2 2 2 2 2 
2 2 2 2 2 2 2 
0 2 2 2 2 2 2 2 
0 2 2 2 2 2 2 2 
0 2 2 2 2 2 2 2 
2 2 2 2 2 2 2 
2 2 2 2 2 2 2 
2 2 2 2 2 2 2 2 
2 2 2 2 2 2 2 2 
2 2 2 2 2 2 2 
2 2 2 2 2 2 2 
2 2 2 2 2 2 2 
2 2 2 2 2 2 2 
2 2 2 2 2 2 2 
2 2 2 2 2 2 2 
2 2 2 2 2 2 
2 2 2 2 2 2 
2 2 2 2 2 2 
2 2 2 2 2 2 
2 2 2 2 2 2 
2 2 2 2 2 2 
2 2 2 2 2 2 
2 2 2 2 2 2 2 
2 2 2 2 2 2 2 
2 2 2 2 2 2 2 
2 2 2 2 2 2 2 2 
2 2 2 2 2 2 2 2 2 
2 2 2 2 2 2 2 2 2 
2 2 2 2 2 2 2 2 
2 2 2 2 2 2 2 
2 2 2 2 2 2 2 2 
2 2 2 2 2 2 2 2 
2 2 2 2 2 2 2 
2 2 2 2 2 2 2 
2 2 2 2 2 2 2 2 
2 2 2 2 2 2 2 2 2 
2 2 2 2 2 2 2 
2 2 2 2 2 2 
2 2 2 2 2 2 
2 2 2 2 2 2 
2 2 2 2 2 2 
2 2 2 2 2 2 2 2 
2 2 2 2 2 2 2 2 
2 2 2 2 2 2 2 
5 2 2 2 2 2 2 2 
2 2 2 2 2 2 2 2 
2 2 2 2 2 2 2 2 
2 2 2 2 2 2 2 2 
2 2 2 2 2 2 2 2 
2 2 2 2 2 2 2 2 
2 2 2 2 2 2 2 2 
2 2 2 2 2 2 2 2 
2 2 2 2 2 2 2 2 
2 2 2 2 2 2 2 2 
2 2 2 2 2 2 2 2 
2 2 2 2 2 2 2 2 
2 2 2 2 2 2 2 2 
7 2 2 2 2 2 2 2 2 
7 2 2 2 2 2 2 2 2 
7 2 2 2 2 2 2 2 2 
7 2 2 2 2 2 2 2 
2 7 2 2 2 2 2 2 
2 7 2 2 2 2 2 2 
7 2 2 2 2 2 2 
2 7 2 2 2 2 2 2 
2 2 7 2 2 2 2 2 
7 2 2 2 2 2 2 2 
7 2 2 2 2 2 2 2 
2 7 2 2 2 2 2 2 
7 2 2 2 2 2 2 2 
2 7 2 2 2 2 2 2 2 
2 7 2 2 2 2 2 2 2 
2 2 7 2 2 2 2 2 2 2 
7 2 2 2 2 2 2 2 2 
2 2 7 2 2 2 2 2 2 
2 2 2 2 2 2 2 2 
2 2 2 2 2 2 2 2 2 
2 7 2 2 2 2 2 2 
2 2 2 2 2 2 2 2 
2 2 2 2 2 2 2 
7 2 2 2 2 2 2 2 
2 2 2 2 2 2 2 
3 2 2 2 2 2 2 
3 2 2 2 2 2 2 
2 2 2 2 2 2 2 
