2 2 2 2 2 2 2 2 2 2 5 2 2 2 2 2 2 2 2 2 2 2 2 2 
2 2 7 2 2 5 2 2 2 2 2 2 2 2 2 2 2 2 2 2 2 2 2 2 
2 2 2 7 2 2 5 2 2 2 2 2 2 2 2 2 2 2 2 2 2 2 2 2 
2 2 2 5 2 2 2 2 2 7 2 2 2 2 2 2 2 2 2 2 2 2 2 2 2 2 2 
2 5 2 2 2 2 2 2 7 2 2 2 2 2 2 2 2 2 2 2 2 2 2 2 2 2 
2 2 5 2 2 2 2 2 2 7 2 2 2 2 2 2 2 2 2 2 2 2 2 2 2 2 
2 2 5 2 2 2 2 2 2 2 7 2 2 2 2 2 2 2 2 2 2 2 2 2 2 2 2 
2 2 2 2 2 2 7 2 2 5 2 2 2 2 2 2 2 2 2 2 2 2 2 2 2 2 2 
2 2 2 2 2 2 7 2 5 2 2 2 2 2 2 2 2 2 2 2 2 2 2 2 2 
2 2 2 2 2 2 2 2 5 7 2 2 2 2 2 2 2 2 2 2 2 2 2 2 2 
2 2 2 2 2 2 2 5 2 2 7 2 2 2 2 2 2 2 2 2 2 2 2 2 2 2 2 2 
2 2 2 2 2 2 2 7 2 2 5 2 2 2 2 2 2 2 2 2 2 2 2 2 2 2 2 2 
2 2 2 2 2 2 2 2 2 7 2 5 2 2 2 2 2 2 2 2 2 2 2 2 2 2 2 
2 2 2 2 2 2 2 2 2 2 7 2 2 5 2 2 2 2 2 2 2 2 2 2 2 2 2 2 2 
2 2 2 2 2 2 2 2 7 2 2 2 2 5 2 2 2 2 2 2 2 2 2 2 2 2 2 2 
2 7 2 2 2 2 2 2 2 2 2 2 5 2 2 2 2 2 2 2 2 2 2 2 2 2 2 
2 2 2 2 2 2 2 7 2 5 2 2 2 2 2 2 2 2 2 2 2 2 2 2 2 2 2 
7 2 2 2 2 2 2 2 2 2 2 5 2 2 2 2 2 2 2 2 2 2 2 2 2 2 
2 2 2 2 2 2 7 2 5 2 2 2 2 2 2 2 2 2 2 2 2 2 2 2 2 2 
2 2 2 2 2 2 2 2 2 2 2 2 2 5 2 2 2 2 2 2 2 2 2 2 2 2 2 2 
2 2 2 2 2 2 2 2 2 2 2 2 5 2 2 2 2 2 2 2 2 2 2 2 2 2 2 
2 2 2 2 2 2 2 2 2 2 2 5 2 2 2 2 2 2 2 2 2 2 2 2 2 2 
2 2 2 2 2 2 2 2 2 2 2 5 2 2 2 2 2 2 2 2 2 2 2 2 2 2 
2 2 2 2 2 2 2 2 2 2 5 2 2 2 2 2 2 2 2 2 2 2 2 2 
2 2 2 2 2 2 2 2 2 2 2 5 2 2 2 2 2 2 2 2 2 2 2 2 2 2 
2 2 2 2 2 2 2 2 2 2 5 2 2 2 2 2 2 2 2 2 2 2 2 2 
2 2 2 2 2 2 2 2 2 2 5 2 2 2 2 2 2 2 2 2 2 2 2 2 
2 2 2 2 2 2 2 2 2 2 2 5 2 2 2 2 2 2 2 2 2 2 2 2 2 
2 2 2 2 2 2 2 2 2 2 5 2 2 2 2 2 2 2 2 2 2 2 2 2 
2 2 2 2 2 2 2 2 2 2 5 2 2 2 2 2 2 2 2 2 2 2 2 
2 2 2 2 2 2 2 5 2 2 2 2 2 2 2 2 2 2 2 2 2 2 
2 2 2 2 2 2 2 2 2 2 5 2 2 2 2 2 2 2 2 2 2 2 2 2 
2 2 2 2 2 2 2 2 5 2 2 2 2 2 2 2 2 2 2 2 2 2 2 
2 2 2 2 2 2 2 5 2 2 2 2 2 2 2 2 2 2 2 2 2 2 2 
2 2 2 2 2 2 2 2 2 5 2 2 2 2 2 2 2 2 2 2 2 2 2 
2 2 2 2 2 2 2 2 2 5 2 2 2 2 2 2 2 2 2 2 2 2 2 2 
2 2 2 2 2 2 2 2 5 2 2 2 2 2 2 2 2 2 2 2 2 2 2 2 
2 2 2 2 2 5 2 2 2 2 2 2 2 2 2 2 2 2 2 2 2 2 
2 2 2 7 2 2 2 2 5 2 2 2 2 2 2 2 2 2 2 2 2 2 2 2 
2 2 7 2 2 2 2 5 2 2 2 2 2 2 2 2 2 2 2 2 2 2 2 
2 7 2 2 2 5 2 2 2 2 2 2 2 2 2 2 2 2 2 2 2 2 
2 2 2 7 2 2 2 2 5 2 2 2 2 2 2 2 2 2 2 2 2 2 2 2 
2 2 2 2 2 2 5 2 2 2 2 2 2 2 2 2 2 2 2 2 2 2 2 
2 2 2 7 2 2 2 2 5 2 2 2 2 2 2 2 2 2 2 2 2 2 2 
2 2 2 2 7 2 2 2 5 2 2 2 2 2 2 2 2 2 2 2 2 2 
2 2 2 2 2 2 5 2 2 2 2 2 2 2 2 2 2 2 2 2 
2 2 2 2 5 2 2 2 2 2 2 2 2 2 2 2 2 2 
2 2 2 2 5 2 2 2 2 2 2 2 2 2 2 2 2 2 
2 2 2 2 2 5 2 2 2 2 2 2 2 2 2 2 2 2 
2 2 2 2 2 2 5 2 2 2 2 2 2 2 2 2 2 2 2 
2 2 2 2 2 2 5 2 2 2 2 2 2 2 2 2 2 2 2 
2 2 2 2 2 2 5 2 2 2 2 2 2 2 2 2 2 2 2 
2 2 2 2 2 2 2 2 5 2 2 2 2 2 2 2 2 2 2 2 2 
2 2 2 2 2 2 2 2 2 2 5 2 2 2 2 2 2 2 2 2 2 2 2 
2 2 2 2 2 2 2 2 2 2 5 2 2 2 2 2 2 2 2 2 2 2 2 
2 2 2 2 2 2 2 2 2 2 2 2 5 2 2 2 2 2 2 2 2 2 2 2 2 
2 2 2 2 2 2 2 2 2 2 2 2 5 2 2 2 2 2 2 2 2 2 2 2 2 
2 2 2 2 2 2 2 2 2 5 2 2 2 2 2 2 2 2 2 2 2 2 
2 2 2 2 2 2 2 2 5 2 2 2 2 2 2 2 2 2 2 2 2 
2 2 2 2 2 2 2 2 2 5 2 2 2 2 2 2 2 2 2 2 2 2 
2 2 2 2 2 2 2 2 2 5 2 2 2 2 2 2 2 2 2 2 2 2 2 2 
2 2 2 2 2 2 2 5 2 2 2 2 2 2 2 2 2 2 2 2 2 
2 2 2 2 2 2 2 2 5 2 2 2 2 2 2 2 2 2 2 2 2 2 
2 2 2 2 2 2 2 2 2 5 2 2 2 2 2 2 2 2 2 2 2 2 
2 2 2 2 2 2 2 2 2 2 2 5 2 2 2 2 2 2 2 2 2 2 2 
2 2 2 2 2 2 2 2 2 2 2 5 2 2 2 2 2 2 2 2 2 2 2 2 
2 2 2 2 2 2 2 2 2 2 2 5 2 2 2 2 2 2 2 2 2 2 2 2 2 
2 2 2 2 2 2 2 2 2 2 5 2 2 2 2 2 2 2 2 2 2 2 2 2 2 
2 2 2 2 2 2 2 2 2 2 5 2 2 2 2 2 2 2 2 2 2 2 2 2 2 
2 2 2 2 2 2 2 2 2 2 5 2 2 2 2 2 2 2 2 2 2 2 2 2 2 
2 2 2 2 2 2 2 2 2 5 2 2 2 2 2 2 2 2 2 2 2 2 2 2 
2 2 2 2 2 2 2 5 2 2 2 2 2 2 2 2 2 2 2 2 2 2 
7 2 2 2 2 2 2 2 2 5 2 2 2 2 2 2 2 2 2 2 2 2 2 2 
2 2 2 2 2 2 2 5 2 2 2 2 2 2 2 2 2 2 2 2 2 2 
2 2 2 2 2 2 2 2 2 2 5 2 2 2 2 2 2 2 2 2 2 2 2 2 2 
2 2 2 2 2 2 2 5 2 2 2 2 2 2 2 2 2 2 2 2 2 2 
2 2 2 2 2 2 2 5 2 2 2 2 2 2 2 2 2 2 2 2 2 2 
2 2 2 2 2 5 2 2 2 2 2 2 2 2 2 2 2 2 2 2 
2 2 2 2 2 2 2 2 2 5 2 2 2 2 2 2 2 2 2 2 2 2 2 2 
2 2 2 2 2 2 2 2 2 5 2 2 2 2 2 2 2 2 2 2 2 2 2 2 2 
2 2 2 2 2 2 2 5 2 2 2 2 2 2 2 2 2 2 2 2 2 2 2 2 
2 2 2 2 2 2 5 2 2 2 2 2 2 2 2 2 2 2 2 2 2 2 2 
2 2 2 2 2 2 5 2 2 2 2 2 2 2 2 2 2 2 2 2 2 2 2 
2 2 2 2 2 2 2 2 5 2 2 2 2 2 2 2 2 2 2 2 2 2 2 2 2 
2 2 2 2 2 2 5 2 2 2 2 2 2 2 2 2 2 2 2 2 2 2 2 
2 2 2 2 2 2 5 2 2 2 2 2 2 2 2 2 2 2 2 2 2 2 2 
2 2 2 2 2 2 2 5 2 2 2 2 2 2 2 2 2 2 2 2 2 2 2 
2 2 2 2 2 2 2 2 2 5 2 2 2 2 2 2 2 2 2 2 2 2 2 2 
2 2 2 2 2 2 2 2 2 2 5 2 2 2 2 2 2 2 2 2 2 2 2 2 2 2 
2 2 2 2 2 2 2 5 2 2 2 2 2 2 2 2 2 2 2 2 2 2 2 
2 2 2 2 2 2 2 2 5 2 2 2 2 2 2 2 2 2 2 2 2 2 2 2 2 2 
2 2 2 2 2 2 2 2 2 5 2 2 2 2 2 2 2 2 2 2 2 2 2 2 
2 2 2 2 2 2 2 5 2 2 2 2 2 2 2 2 2 2 2 2 2 2 2 
2 2 2 2 2 2 2 5 2 2 2 2 2 2 2 2 2 2 2 2 2 2 2 2 
2 2 2 2 2 2 2 5 2 2 2 2 2 2 2 2 2 2 2 2 2 2 2 
7 2 2 2 2 2 2 2 2 5 2 2 2 2 2 2 2 2 2 2 2 2 2 2 2 
2 7 2 2 2 2 2 2 2 2 2 5 2 2 2 2 2 2 2 2 2 2 2 2 2 2 2 
2 2 7 2 2 2 2 2 2 2 5 2 2 2 2 2 2 2 2 2 2 2 2 2 2 2 
2 7 2 2 2 2 2 2 2 2 2 5 2 2 2 2 2 2 2 2 2 2 2 2 2 2 2 
2 2 2 2 2 2 2 2 2 2 2 2 5 2 2 2 2 2 2 2 2 2 2 2 2 2 
7 2 2 2 2 2 2 2 2 2 2 2 2 2 5 2 2 2 2 2 2 2 2 2 2 2 2 2 
2 2 2 2 2 2 2 2 2 2 2 2 5 2 2 2 2 2 2 2 2 2 2 2 2 2 
2 2 2 2 2 2 2 2 2 2 2 2 5 2 2 2 2 2 2 2 2 2 2 2 2 2 2 
2 2 2 2 2 2 2 2 2 2 2 5 2 2 2 2 2 2 2 2 2 2 2 2 2 2 2 
2 2 2 2 2 2 2 2 2 2 2 5 2 2 2 2 2 2 2 2 2 2 2 2 2 2 2 2 
2 2 2 2 2 2 5 2 2 2 2 2 2 2 2 2 2 2 2 2 2 2 2 2 
2 2 2 2 2 2 2 2 2 5 2 2 2 2 2 2 2 2 2 2 2 2 2 2 2 
2 2 2 2 2 2 2 2 2 5 2 2 2 2 2 2 2 2 2 2 2 2 2 2 2 2 
2 2 2 2 2 2 2 2 2 2 5 2 2 2 2 2 2 2 2 2 2 2 2 2 2 2 2 
2 2 2 2 2 2 2 2 2 5 2 2 2 2 2 2 2 2 2 2 2 2 2 2 2 
2 2 2 2 2 2 2 2 2 2 2 2 2 5 2 2 2 2 2 2 2 2 2 2 2 2 2 2 
2 2 2 2 2 2 2 2 2 2 5 2 2 2 2 2 2 2 2 2 2 2 2 2 2 2 
2 0 2 2 2 2 2 2 2 2 2 2 5 2 2 2 2 2 2 2 2 2 2 2 2 2 2 2 
7 2 2 2 2 2 2 2 2 2 0 5 2 2 2 2 2 2 2 2 2 2 2 2 2 2 2 2 2 
7 2 2 2 2 2 2 2 2 0 2 5 2 2 2 2 2 2 2 2 2 2 2 2 2 2 2 2 2 
2 7 2 2 2 0 2 2 2 5 2 2 2 2 2 2 2 2 2 2 2 2 2 2 2 2 2 
2 2 2 7 0 2 2 2 2 5 2 2 2 2 2 2 2 2 2 2 2 2 2 2 2 2 2 
2 0 7 2 2 2 2 2 2 5 2 2 2 2 2 2 2 2 2 2 2 2 2 2 2 2 
2 7 2 2 0 2 2 2 2 5 2 2 2 2 2 2 2 2 2 2 2 2 2 2 2 2 2 
2 0 7 2 2 2 2 2 2 5 2 2 2 2 2 2 2 2 2 2 2 2 2 2 2 2 2 2 
2 2 2 2 2 2 2 2 2 2 2 5 2 2 2 2 2 2 2 2 2 2 2 2 2 
2 2 0 2 2 2 2 2 2 2 5 2 2 2 2 2 2 2 2 2 2 2 2 2 2 
2 2 2 2 2 2 2 0 2 2 2 2 2 2 2 5 2 2 2 2 2 2 2 2 2 2 2 2 2 2 
2 2 2 2 2 2 2 2 2 0 2 2 2 5 2 2 2 2 2 2 2 2 2 2 2 2 2 
2 2 2 2 2 2 2 2 2 2 0 2 2 5 2 2 2 2 2 2 2 2 2 2 2 2 2 
2 3 2 2 2 2 2 0 2 2 2 2 2 2 2 5 2 2 2 2 2 2 2 2 2 2 2 2 
2 2 2 3 0 2 2 2 2 2 2 2 2 2 2 2 2 5 2 2 2 2 2 2 2 2 2 2 2 
2 3 2 2 2 0 2 2 2 2 2 2 2 5 2 2 2 2 2 2 2 2 2 2 2 2 2 
3 2 2 2 0 2 2 2 2 2 2 2 2 5 2 2 2 2 2 2 2 2 2 2 2 2 2 2 
2 2 2 2 2 2 2 2 2 2 5 2 2 2 2 2 2 2 2 2 2 2 2 2 2 
2 2 2 2 3 2 2 2 2 5 2 2 2 2 2 2 2 2 2 2 2 2 2 2 2 2 
2 0 3 2 2 2 3 2 2 2 2 5 2 2 2 2 2 2 2 2 2 2 2 2 2 2 2 2 
2 3 2 0 2 2 2 3 2 2 2 2 5 2 2 2 2 2 2 2 2 2 2 2 2 2 2 2 
3 2 0 2 2 2 3 2 2 2 2 5 2 2 2 2 2 2 2 2 2 2 2 2 2 2 2 
0 2 2 2 2 3 2 2 2 5 2 2 2 2 2 2 2 2 2 2 2 2 2 2 2 
3 2 2 2 3 2 2 2 2 5 2 2 2 2 2 2 2 2 2 2 2 2 2 2 2 
2 2 2 2 2 2 3 2 5 2 2 2 2 2 2 2 2 2 2 2 2 2 2 
3 0 2 2 2 2 3 2 2 2 5 2 2 2 2 2 2 2 2 2 2 2 2 2 2 
2 0 2 2 2 2 3 2 2 2 2 5 2 2 2 2 2 2 2 2 2 2 2 2 2 
3 2 0 2 2 2 2 3 2 2 2 2 5 2 2 2 2 2 2 2 2 2 2 2 2 2 2 
0 2 2 2 2 3 2 2 2 2 5 2 2 2 2 2 2 2 2 2 2 2 2 2 2 
2 2 2 2 2 2 2 0 2 3 2 2 5 2 2 2 2 2 2 2 2 2 2 2 2 2 2 
2 2 2 2 3 2 2 2 2 0 2 5 2 2 2 2 2 2 2 2 2 2 2 2 2 2 
2 2 3 0 2 2 2 2 2 5 2 2 2 2 2 2 2 2 2 2 2 2 2 2 2 
2 2 3 2 2 0 2 2 5 2 2 2 2 2 2 2 2 2 2 2 2 2 2 2 2 2 
2 2 3 2 2 0 2 2 5 2 2 2 2 2 2 2 2 2 2 2 2 2 2 2 2 2 
2 2 2 3 0 2 2 2 2 5 2 2 2 2 2 2 2 2 2 2 2 2 2 2 2 2 2 
7 2 2 0 3 2 5 2 2 2 2 2 2 2 2 2 2 2 2 2 2 2 2 2 2 
2 2 2 0 2 3 5 2 2 2 2 2 2 2 2 2 2 2 2 2 2 2 2 2 2 
7 2 2 3 0 2 5 2 2 2 2 2 2 2 2 2 2 2 2 2 2 2 2 2 2 
2 0 2 2 2 3 2 2 5 2 2 2 2 2 2 2 2 2 2 2 2 2 2 2 
0 2 2 3 2 2 5 2 2 2 2 2 2 2 2 2 2 2 2 2 2 2 2 2 2 
2 2 2 0 2 2 2 3 2 2 5 2 2 2 2 2 2 2 2 2 2 2 2 2 2 2 2 2 
2 2 2 2 2 2 2 3 5 2 2 2 2 2 2 2 2 2 2 2 2 2 2 2 2 2 
2 2 2 0 2 2 2 2 2 5 3 2 2 2 2 2 2 2 2 2 2 2 2 2 2 2 2 2 
2 2 2 2 2 2 2 2 2 0 3 5 2 2 2 2 2 2 2 2 2 2 2 2 2 2 2 2 2 2 
3 2 2 2 0 2 2 3 5 2 2 2 2 2 2 2 2 2 2 2 2 2 2 2 2 2 2 
2 2 2 2 2 0 3 5 2 2 2 2 2 2 2 2 2 2 2 2 2 2 2 2 2 2 
2 2 2 2 2 2 2 0 3 2 2 2 5 2 2 2 2 2 2 2 2 2 2 2 2 2 2 2 
2 2 2 2 2 2 3 0 2 2 2 5 2 2 2 2 2 2 2 2 2 2 2 2 2 2 2 
2 2 2 2 2 2 2 2 3 0 2 2 2 5 2 2 2 2 2 2 2 2 2 2 2 2 2 2 2 
2 2 2 3 2 2 2 2 2 0 2 2 2 5 2 2 2 2 2 2 2 2 2 2 2 2 2 2 2 
2 2 2 2 2 2 3 0 2 2 2 2 2 5 2 2 2 2 2 2 2 2 2 2 2 2 2 2 
2 2 2 0 2 2 3 2 2 2 2 2 5 2 2 2 2 2 2 2 2 2 2 2 2 2 
2 2 3 2 2 0 2 2 2 2 2 2 2 5 2 2 2 2 2 2 2 2 2 2 2 2 
0 2 2 2 2 3 2 2 2 5 2 2 2 2 2 2 2 2 2 2 2 2 2 2 2 
2 0 2 1 2 2 2 2 0 2 3 2 2 2 2 2 5 2 2 2 2 2 2 2 2 2 2 2 2 2 2 
2 2 2 0 2 2 3 2 2 2 5 2 2 2 2 2 2 2 2 2 2 2 2 2 2 2 
2 2 2 2 2 0 2 2 3 2 5 2 2 2 2 2 2 2 2 2 2 2 2 2 2 2 2 
2 2 2 2 2 3 2 0 2 5 2 2 2 2 2 2 2 2 2 2 2 2 2 2 2 2 
2 2 2 2 3 2 2 0 2 5 2 2 2 2 2 2 2 2 2 2 2 2 2 2 2 2 
2 2 2 2 0 2 2 2 2 3 5 2 2 2 2 2 2 2 2 2 2 2 2 2 2 2 
2 2 2 0 2 2 2 2 3 5 2 2 2 2 2 2 2 2 2 2 2 2 2 2 2 
2 2 2 2 0 2 2 3 2 5 2 2 2 2 2 2 2 2 2 2 2 2 2 2 2 
2 1 2 2 0 2 3 2 2 2 5 2 2 2 2 2 2 2 2 2 2 2 2 2 2 2 
2 2 2 2 2 2 1 2 2 0 2 2 2 5 2 2 2 2 2 2 2 2 2 2 2 2 2 
2 2 2 2 2 2 2 1 2 2 0 2 2 2 5 2 2 2 2 2 2 2 2 2 2 2 2 2 
2 2 2 2 2 2 2 2 1 0 2 2 5 2 2 2 2 2 2 2 2 2 2 2 2 2 
2 2 2 1 2 2 2 2 0 2 2 5 2 2 2 2 2 2 2 2 2 2 2 2 2 
2 1 2 2 2 2 2 2 0 2 2 5 2 2 2 2 2 2 2 2 2 2 2 2 2 
7 2 2 2 2 2 2 2 2 2 5 2 2 2 2 2 2 2 2 2 2 2 2 2 2 
2 3 2 0 0 2 2 2 2 2 2 2 2 2 2 5 2 2 2 2 2 2 2 2 2 2 
2 0 2 3 2 0 2 2 2 2 2 2 5 2 2 2 2 2 2 2 2 2 2 2 2 2 2 
2 2 3 2 2 0 2 2 2 2 5 2 2 2 2 2 2 2 2 2 2 2 2 2 2 
2 2 2 2 0 2 2 2 2 2 3 2 5 2 2 2 2 2 2 2 2 2 2 2 2 2 2 
2 2 2 0 2 2 2 3 2 2 2 2 2 2 5 2 2 2 2 2 2 2 2 2 2 2 2 
2 2 3 0 2 2 2 2 2 2 2 2 2 5 2 2 2 2 2 2 2 2 2 2 2 2 
1 2 2 3 2 0 2 2 2 2 2 5 2 2 2 2 2 2 2 2 2 2 2 2 2 2 
1 2 0 3 2 2 2 2 2 2 2 2 5 2 2 2 2 2 2 2 2 2 2 2 2 
2 1 3 0 2 2 2 2 2 2 2 2 5 2 2 2 2 2 2 2 2 2 2 2 2 
1 3 2 2 0 2 2 2 2 2 5 2 2 2 2 2 2 2 2 2 2 2 2 2 
2 3 2 2 0 2 2 2 2 2 5 2 2 2 2 2 2 2 2 2 2 2 2 2 
2 3 2 2 2 0 2 2 2 2 5 2 2 2 2 2 2 2 2 2 2 2 2 2 2 
3 2 2 2 0 2 2 2 2 5 2 2 2 2 2 2 2 2 2 2 2 2 2 2 2 
3 2 2 2 2 0 2 2 2 2 5 2 2 2 2 2 2 2 2 2 2 2 2 2 2 2 
2 0 2 2 2 2 2 2 2 5 2 2 2 2 2 2 2 2 2 2 2 2 2 
7 2 2 2 2 0 2 2 2 2 2 2 5 2 2 2 2 2 2 2 2 2 2 2 2 2 
2 2 2 2 0 2 2 2 2 2 5 2 2 2 2 2 2 2 2 2 2 2 2 2 2 
2 2 2 2 2 2 0 2 2 2 5 2 2 2 2 2 2 2 2 2 2 2 2 2 2 
2 2 2 2 2 0 2 2 2 2 5 2 2 2 2 2 2 2 2 2 2 2 2 2 2 2 
2 2 2 2 2 2 0 2 2 2 5 2 2 2 2 2 2 2 2 2 2 2 2 2 2 2 2 
3 2 2 2 2 2 0 2 2 2 5 2 2 2 2 2 2 2 2 2 2 2 2 2 2 2 2 
2 2 2 2 3 2 2 2 0 2 2 5 2 2 2 2 2 2 2 2 2 2 2 2 2 2 2 2 
2 2 2 2 3 2 2 2 0 2 2 2 5 2 2 2 2 2 2 2 2 2 2 2 2 2 2 2 
2 2 2 3 2 2 2 2 2 2 0 2 5 2 2 2 2 2 2 2 2 2 2 2 2 2 2 2 
2 2 2 2 1 2 2 2 3 2 2 0 2 2 2 5 2 2 2 2 2 2 2 2 2 2 2 2 2 2 2 
2 2 2 2 2 2 2 2 2 0 2 2 5 2 2 2 2 2 2 2 2 2 2 2 2 2 2 2 2 
2 2 2 2 2 2 2 2 2 2 2 2 0 5 2 2 2 2 2 2 2 2 2 2 2 2 2 2 2 2 
2 2 2 2 2 2 2 2 2 2 2 2 2 0 5 2 2 2 2 2 2 2 2 2 2 2 2 2 2 2 2 
2 2 2 2 2 2 2 2 2 2 2 2 5 2 0 2 2 2 2 2 2 2 2 2 2 2 2 2 2 2 
2 2 2 2 2 2 2 0 2 2 2 5 2 2 2 2 2 2 2 2 2 2 2 2 2 2 
2 2 2 2 2 2 2 2 0 2 2 2 2 5 2 2 2 2 2 2 2 2 2 2 2 2 2 
2 2 2 2 2 2 2 2 2 2 0 2 2 5 2 2 2 2 2 2 2 2 2 2 2 2 2 2 2 
2 2 2 2 2 2 2 2 2 2 0 2 5 2 2 2 2 2 2 2 2 2 2 2 2 2 2 2 2 
2 2 2 2 2 2 2 2 0 2 2 2 2 5 2 2 2 2 2 2 2 2 2 2 2 2 2 2 2 
2 2 2 2 2 2 2 2 2 2 0 2 2 2 5 2 2 2 2 2 2 2 2 2 2 2 2 2 2 
2 2 2 2 2 2 2 2 2 0 2 2 2 2 5 2 2 2 2 2 2 2 2 2 2 2 2 2 2 2 
2 2 2 2 2 2 2 2 2 0 2 5 2 2 2 2 2 2 2 2 2 2 2 2 2 2 2 2 2 2 
2 2 2 2 3 2 2 0 2 2 2 5 2 2 2 2 2 2 2 2 2 2 2 2 2 2 2 2 2 2 2 
2 3 2 2 2 0 2 2 2 5 2 2 2 2 2 2 2 2 2 2 2 2 2 2 2 2 2 2 2 
2 3 2 2 2 2 0 2 2 5 2 2 2 2 2 2 2 2 2 2 2 2 2 2 2 2 2 2 
2 2 2 3 2 2 2 2 2 0 2 2 2 5 2 2 2 2 2 2 2 2 2 2 2 2 2 2 2 2 2 
2 2 2 2 3 0 2 2 2 2 2 2 5 2 2 2 2 2 2 2 2 2 2 2 2 2 2 2 2 2 2 
2 3 2 2 2 2 2 2 2 2 5 2 2 2 2 2 2 2 2 2 2 2 2 2 2 2 2 2 2 
2 3 2 2 2 0 2 2 2 2 2 2 5 2 2 2 2 2 2 2 2 2 2 2 2 2 2 2 2 2 
2 2 0 2 2 2 2 2 2 2 2 2 2 2 5 2 2 2 2 2 2 2 2 2 2 2 2 
2 2 2 2 2 2 0 2 2 2 2 2 2 5 2 2 2 2 2 2 2 2 2 2 2 2 2 2 
2 2 2 3 2 2 2 2 2 2 0 2 2 5 2 2 2 2 2 2 2 2 2 2 2 2 2 2 2 2 
2 2 2 2 2 3 2 2 0 2 5 2 2 2 2 2 2 2 2 2 2 2 2 2 2 2 2 2 
2 2 3 2 2 2 2 2 2 2 2 0 5 2 2 2 2 2 2 2 2 2 2 2 2 2 2 2 2 2 
2 2 2 2 2 2 2 0 5 2 2 2 2 2 2 2 2 2 2 2 2 2 2 2 2 2 
2 2 2 2 2 2 2 0 5 2 2 2 2 2 2 2 2 2 2 2 2 2 2 2 2 2 
2 2 2 2 0 2 2 2 5 2 2 2 2 2 2 2 2 2 2 2 2 2 2 2 2 
2 2 2 2 0 2 2 2 2 5 2 2 2 2 2 2 2 2 2 2 2 2 2 2 2 2 
2 2 2 7 2 0 2 2 2 2 5 2 2 2 2 2 2 2 2 2 2 2 2 2 2 2 2 2 
2 2 2 7 2 2 2 0 2 2 5 2 2 2 2 2 2 2 2 2 2 2 2 2 2 2 2 2 2 
2 2 2 2 2 2 0 7 2 2 2 5 2 2 2 2 2 2 2 2 2 2 2 2 2 2 2 2 2 
2 2 2 2 2 2 2 5 2 2 7 0 2 2 2 2 2 2 2 2 2 2 2 2 2 2 2 2 2 
2 2 2 7 2 2 2 2 2 5 0 2 2 2 2 2 2 2 2 2 2 2 2 2 2 2 2 2 2 
2 2 2 2 2 7 2 2 5 2 2 0 2 2 2 2 2 2 2 2 2 2 2 2 2 2 2 2 2 
2 2 2 2 2 2 2 2 2 0 5 2 2 2 2 2 2 2 2 2 2 2 2 2 2 2 2 
2 0 2 2 2 2 2 2 2 2 2 2 5 2 2 2 2 2 2 2 2 2 2 2 2 2 2 2 
7 2 2 2 2 0 2 2 2 2 2 2 2 2 2 5 2 2 2 2 2 2 2 2 2 2 2 2 2 2 
2 2 2 2 2 2 2 2 2 2 0 2 2 2 5 2 2 2 2 2 2 2 2 2 2 2 2 2 2 2 
7 2 2 2 2 2 2 2 2 2 2 0 5 2 2 2 2 2 2 2 2 2 2 2 2 2 2 2 2 2 2 
7 2 2 2 2 2 2 2 2 2 2 0 5 2 2 2 2 2 2 2 2 2 2 2 2 2 2 2 2 2 2 
2 2 2 2 2 2 2 2 2 7 2 0 5 2 2 2 2 2 2 2 2 2 2 2 2 2 2 2 2 2 2 
2 2 2 2 2 2 2 2 7 2 2 2 0 5 2 2 2 2 2 2 2 2 2 2 2 2 2 2 2 2 2 
2 2 2 2 2 2 0 7 2 2 2 2 2 0 5 2 2 2 2 2 2 2 2 2 2 2 2 2 2 2 2 2 
2 2 2 2 2 7 2 2 2 2 2 5 0 2 2 2 2 2 2 2 2 2 2 2 2 2 2 2 2 2 
2 2 2 2 2 2 7 2 2 2 0 5 2 2 2 2 2 2 2 2 2 2 2 2 2 2 2 2 2 
2 2 2 2 2 2 7 2 2 2 5 0 2 2 2 2 2 2 2 2 2 2 2 2 2 2 2 2 2 
2 2 2 2 0 2 2 2 7 2 2 2 0 5 2 2 2 2 2 2 2 2 2 2 2 2 2 2 2 2 2 
2 2 2 2 2 2 7 2 2 2 2 5 2 0 2 2 2 2 2 2 2 2 2 2 2 2 2 2 2 2 
2 2 2 2 2 2 2 2 2 2 2 2 2 5 0 2 2 2 2 2 2 2 2 2 2 2 2 2 2 2 
2 2 2 2 5 2 2 2 2 2 2 2 2 2 2 2 2 2 2 2 
2 2 2 2 0 7 2 5 2 2 2 2 2 2 2 2 2 2 2 2 2 2 2 2 
2 2 2 0 7 2 2 5 2 2 2 2 2 2 2 2 2 2 2 2 2 2 2 2 
2 2 2 2 2 0 7 2 2 5 2 2 2 2 2 2 2 2 2 2 2 2 2 2 2 2 
2 2 2 0 2 7 2 5 2 2 2 2 2 2 2 2 2 2 2 2 2 2 2 2 
2 2 2 0 2 2 7 2 5 2 2 2 2 2 2 2 2 2 2 2 2 2 2 2 2 
2 2 2 2 2 0 2 2 5 2 2 2 2 2 2 2 2 2 2 2 2 2 2 2 
2 2 2 0 7 2 2 2 5 2 2 2 2 2 2 2 2 2 2 2 2 2 2 2 2 
2 2 2 0 7 2 2 5 2 2 2 2 2 2 2 2 2 2 2 2 2 2 2 2 2 
2 0 2 2 7 2 2 5 2 2 2 2 2 2 2 2 2 2 2 2 2 2 2 2 2 
2 0 2 2 2 2 2 5 7 2 2 2 2 2 2 2 2 2 2 2 2 2 2 2 2 2 
2 2 2 2 7 5 2 2 2 2 2 2 2 2 2 2 2 2 2 2 2 2 2 2 
0 2 2 2 2 2 5 7 2 2 2 2 2 2 2 2 2 2 2 2 2 2 2 2 2 2 
2 0 2 2 2 0 2 5 7 2 2 2 2 2 2 2 2 2 2 2 2 2 2 2 2 2 2 
2 2 7 2 2 2 0 0 2 5 2 2 2 2 2 2 2 2 2 2 2 2 2 2 2 2 2 2 
2 2 5 2 2 2 7 2 2 2 2 2 2 2 2 2 2 2 2 2 2 2 2 2 2 
2 2 2 2 2 2 0 5 2 2 2 2 2 2 2 2 2 2 2 2 2 2 2 2 2 2 
7 2 2 2 2 0 5 2 2 2 2 2 2 2 2 2 2 2 2 2 2 2 2 2 2 
2 2 2 2 2 0 5 2 2 2 2 2 2 2 2 2 2 2 2 2 2 2 2 2 2 
2 2 2 2 2 5 0 7 2 2 2 2 2 2 2 2 2 2 2 2 2 2 2 2 2 2 
2 2 2 7 2 2 0 5 2 2 2 2 2 2 2 2 2 2 2 2 2 2 2 2 2 2 
2 2 2 7 2 2 2 0 5 2 2 2 2 2 2 2 2 2 2 2 2 2 2 2 2 2 2 
2 2 2 7 2 2 2 0 5 2 2 2 2 2 2 2 2 2 2 2 2 2 2 2 2 2 2 
2 2 2 2 2 0 2 7 2 2 2 2 2 2 2 2 2 2 2 2 2 2 2 2 2 2 
2 2 2 2 2 0 2 2 2 7 2 2 2 2 2 2 2 2 2 2 2 2 2 2 2 2 
0 2 2 2 2 2 2 2 2 7 2 2 2 2 2 2 2 2 2 2 2 2 2 2 2 
2 2 2 2 2 2 2 7 2 2 2 2 2 2 2 2 2 2 2 2 2 2 2 2 
2 2 2 2 2 2 7 2 2 2 2 2 2 2 2 2 2 2 2 2 2 2 2 2 
2 2 2 2 2 2 2 2 7 2 2 2 2 2 2 2 2 2 2 2 2 2 2 2 2 2 
2 0 2 2 2 2 2 2 2 2 2 2 7 2 2 2 2 2 2 2 2 2 2 2 2 2 2 
5 2 2 2 2 2 7 2 2 2 2 2 2 2 2 2 2 2 2 2 2 2 2 2 
2 2 2 2 2 5 2 7 2 2 2 2 2 2 2 2 2 2 2 2 2 2 2 2 2 2 
2 2 2 2 2 2 5 7 2 2 2 2 2 2 2 2 2 2 2 2 2 2 2 2 2 2 
2 2 0 2 2 2 2 5 2 2 7 2 2 2 2 2 2 2 2 2 2 2 2 2 2 2 2 2 
2 0 2 2 2 2 2 2 2 2 7 2 2 2 2 2 2 2 2 2 2 2 2 2 2 2 
2 2 0 2 2 2 2 2 2 2 5 2 2 7 2 2 2 2 2 2 2 2 2 2 2 2 2 2 2 
0 2 2 2 2 2 2 2 2 5 7 2 2 2 2 2 2 2 2 2 2 2 2 2 2 2 2 2 
2 2 0 2 2 2 2 2 2 7 2 2 5 2 2 2 2 2 2 2 2 2 2 2 2 2 2 2 
2 2 2 2 2 2 2 2 2 7 2 2 2 5 2 2 2 2 2 2 2 2 2 2 2 2 2 2 2 
2 2 2 2 2 2 2 2 2 2 7 2 2 5 2 2 2 2 2 2 2 2 2 2 2 2 2 2 2 
2 2 0 2 2 2 2 2 2 2 2 2 5 2 2 7 2 2 2 2 2 2 2 2 2 2 2 2 2 2 2 
2 2 2 2 2 2 2 2 2 5 2 7 2 2 2 2 2 2 2 2 2 2 2 2 2 2 2 2 
0 2 2 2 2 2 2 2 2 7 5 2 2 2 2 2 2 2 2 2 2 2 2 2 2 2 2 2 
0 2 2 2 2 2 7 5 2 2 2 2 2 2 2 2 2 2 2 2 2 2 2 2 2 
0 2 2 2 2 2 7 5 2 2 2 2 2 2 2 2 2 2 2 2 2 2 2 2 2 2 
2 2 2 2 2 2 2 2 7 2 2 2 2 2 2 2 2 2 2 2 2 2 2 
2 2 2 2 2 2 2 7 5 2 2 2 2 2 2 2 2 2 2 2 2 2 2 2 
2 2 2 2 2 2 5 2 2 2 7 2 2 2 2 2 2 2 2 2 2 2 2 2 2 2 
5 2 2 2 2 2 2 2 2 7 2 2 2 2 2 2 2 2 2 2 2 2 2 2 2 
2 2 2 2 2 2 2 7 2 2 2 2 2 2 2 2 2 2 2 2 2 2 2 
2 2 2 2 2 2 2 2 2 7 2 2 2 2 2 2 2 2 2 2 2 2 2 2 2 
2 2 2 2 2 2 2 2 2 7 2 2 2 2 2 2 2 2 2 2 2 2 2 2 2 
2 2 2 2 2 2 2 2 7 2 2 2 2 2 2 2 2 2 2 2 2 2 2 2 
0 2 2 2 2 2 2 7 2 2 2 2 2 2 2 2 2 2 2 2 2 2 2 
0 2 2 2 2 2 2 7 2 2 2 2 2 2 2 2 2 2 2 2 2 2 2 2 
2 0 2 2 2 2 2 7 2 2 2 2 2 2 2 2 2 2 2 2 2 2 2 2 
2 2 2 2 2 7 2 2 2 2 2 2 2 2 2 2 2 2 2 2 2 2 
5 2 2 2 2 2 7 2 2 2 2 2 2 2 2 2 2 2 2 2 2 2 2 2 
2 2 2 2 2 2 7 2 2 2 2 2 2 2 2 2 2 2 2 2 2 2 2 
2 2 2 2 2 2 2 2 7 2 2 2 2 2 2 2 2 2 2 2 2 2 2 2 2 
2 2 2 2 2 2 7 2 2 2 2 2 2 2 2 2 2 2 2 2 2 2 2 2 
2 2 2 2 2 2 2 2 5 2 7 2 2 2 2 2 2 2 2 2 2 2 2 2 2 2 2 2 
2 2 2 2 2 2 2 2 2 7 2 2 2 2 2 2 2 2 2 2 2 2 2 2 2 2 2 
2 2 2 2 2 2 2 2 2 7 2 2 2 2 2 2 2 2 2 2 2 2 2 2 2 2 2 
2 2 2 2 2 2 2 2 5 2 7 2 2 2 2 2 2 2 2 2 2 2 2 2 2 2 2 2 
2 2 2 2 2 2 2 2 2 5 7 2 2 2 2 2 2 2 2 2 2 2 2 2 2 2 2 2 
2 2 2 2 2 2 5 2 7 2 2 2 2 2 2 2 2 2 2 2 2 2 2 2 2 2 
2 2 2 2 2 2 2 7 2 2 2 2 2 2 2 2 2 2 2 2 2 2 2 2 2 
2 2 2 2 2 2 2 7 2 2 2 2 2 2 2 2 2 2 2 2 2 2 2 
2 2 2 2 2 2 2 7 2 2 2 2 2 2 2 2 2 2 2 2 2 2 2 2 
2 2 2 2 2 2 2 2 7 2 2 2 2 2 2 2 2 2 2 2 2 2 2 2 
2 2 2 2 2 2 2 2 2 7 2 2 2 2 2 2 2 2 2 2 2 2 2 2 2 
2 2 2 2 2 2 2 2 2 7 2 2 2 2 2 2 2 2 2 2 2 2 2 2 2 
2 2 2 2 2 2 2 2 2 7 2 2 2 2 2 2 2 2 2 2 2 2 2 2 2 2 
2 2 2 2 2 2 2 2 2 7 2 2 2 2 2 2 2 2 2 2 2 2 2 2 2 2 
2 2 2 2 2 2 2 2 2 2 7 2 2 2 2 2 2 2 2 2 2 2 2 2 
2 2 2 2 2 2 2 2 2 7 2 2 2 2 2 2 2 2 2 2 2 2 2 2 2 
2 2 2 2 2 2 2 2 2 2 7 2 2 2 2 2 2 2 2 2 2 2 2 2 2 2 
2 2 2 2 2 2 2 5 2 2 7 2 2 2 2 2 2 2 2 2 2 2 2 2 2 2 
2 2 2 2 2 2 2 2 5 7 2 2 2 2 2 2 2 2 2 2 2 2 2 2 2 
2 2 2 2 2 2 5 2 7 2 2 2 2 2 2 2 2 2 2 2 2 2 2 2 2 2 
2 2 2 2 2 2 2 5 7 2 2 2 2 2 2 2 2 2 2 2 2 2 2 2 2 2 2 
2 2 2 2 2 2 2 5 7 2 2 2 2 2 2 2 2 2 2 2 2 2 2 2 2 2 2 
2 2 2 2 5 2 7 2 2 2 2 2 2 2 2 2 2 2 2 2 2 2 2 2 
2 2 2 2 2 7 2 2 2 2 2 2 2 2 2 2 2 2 2 2 2 2 2 
2 2 2 2 5 2 7 2 2 2 2 2 2 2 2 2 2 2 2 2 2 2 2 2 
2 2 2 2 5 2 7 2 2 2 2 2 2 2 2 2 2 2 2 2 2 2 2 2 
2 2 2 2 2 7 2 2 2 2 2 2 2 2 2 2 2 2 2 2 2 2 2 
2 2 2 2 2 2 7 2 2 2 2 2 2 2 2 2 2 2 2 2 2 2 2 2 
2 2 2 2 2 2 7 2 2 2 2 2 2 2 2 2 2 2 2 2 2 2 2 2 
2 7 2 2 2 2 5 2 2 2 2 2 2 2 2 2 2 2 2 2 2 2 2 2 2 
2 2 5 2 2 2 2 2 2 2 2 2 2 2 2 2 2 2 2 2 2 
7 2 2 5 2 2 2 2 2 2 2 2 2 2 2 2 2 2 2 2 2 2 
2 7 5 2 2 2 2 2 2 2 2 2 2 2 2 2 2 2 2 2 2 2 
2 2 2 2 5 2 7 2 2 2 2 2 2 2 2 2 2 2 2 2 2 2 2 2 2 
2 2 2 5 2 2 7 2 2 2 2 2 2 2 2 2 2 2 2 2 2 2 2 2 2 
2 2 2 2 2 5 7 2 2 2 2 2 2 2 2 2 2 2 2 2 2 2 2 2 2 2 
2 2 2 2 5 2 7 2 2 2 2 2 2 2 2 2 2 2 2 2 2 2 2 2 2 2 
2 2 2 5 2 2 2 7 2 2 2 2 2 2 2 2 2 2 2 2 2 2 2 2 2 2 
2 2 2 2 2 7 2 2 2 2 2 2 2 2 2 2 2 2 2 2 2 2 2 
2 2 2 7 2 2 2 2 2 2 2 2 2 2 2 2 2 2 2 2 2 2 
2 2 2 2 2 2 7 2 2 2 2 2 2 2 2 2 2 2 2 2 2 2 2 2 2 
2 2 2 2 2 2 2 2 7 2 2 2 2 2 2 2 2 2 2 2 2 2 2 2 2 2 2 
2 2 2 2 5 2 2 2 2 2 2 7 2 2 2 2 2 2 2 2 2 2 2 2 2 2 2 2 2 2 
2 2 2 2 2 2 5 2 2 7 2 2 2 2 2 2 2 2 2 2 2 2 2 2 2 2 2 2 2 
2 2 2 7 2 2 2 2 2 2 5 2 2 2 2 2 2 2 2 2 2 2 2 2 2 2 2 
2 2 2 2 2 2 2 2 5 2 2 2 2 2 2 2 2 2 2 2 2 2 2 2 
2 2 2 2 2 2 5 2 2 2 2 2 2 2 2 2 2 2 2 2 2 2 2 
2 2 2 2 2 2 2 5 2 2 2 2 2 2 2 2 2 2 2 2 2 2 2 
2 7 2 2 2 2 5 2 2 2 2 2 2 2 2 2 2 2 2 2 2 2 2 
2 7 2 2 2 2 5 2 2 2 2 2 2 2 2 2 2 2 2 2 2 2 2 
2 2 7 2 2 5 2 2 2 2 2 2 2 2 2 2 2 2 2 2 2 2 2 
2 7 2 2 2 5 2 2 2 2 2 2 2 2 2 2 2 2 2 2 2 2 
7 2 2 2 5 2 2 2 2 2 2 2 2 2 2 2 2 2 2 2 2 
2 2 2 2 2 5 2 2 2 2 2 2 2 2 2 2 2 2 2 2 2 
2 2 2 2 2 2 5 2 2 2 2 2 2 2 2 2 2 2 2 2 2 
2 2 2 2 2 2 5 2 2 2 2 2 2 2 2 2 2 2 2 2 2 
2 2 2 2 2 5 2 2 2 2 2 2 2 2 2 2 2 2 2 2 
2 2 2 2 2 5 2 2 2 2 2 2 2 2 2 2 2 2 2 2 
2 2 2 2 2 2 5 2 2 2 2 2 2 2 2 2 2 2 2 2 2 
2 2 2 2 2 2 2 2 5 2 2 2 2 2 2 2 2 2 2 2 2 2 2 
2 2 2 2 2 2 5 2 2 2 2 2 2 2 2 2 2 2 2 2 2 2 
2 2 2 2 2 2 2 5 2 2 2 2 2 2 2 2 2 2 2 2 2 2 
2 2 2 2 2 2 2 5 2 2 2 2 2 2 2 2 2 2 2 2 2 2 2 
2 2 2 2 2 2 2 2 2 2 5 2 2 2 2 2 2 2 2 2 2 2 2 
2 2 2 2 2 2 2 2 2 5 2 2 2 2 2 2 2 2 2 2 2 2 
2 2 2 2 2 2 2 2 5 2 2 2 2 2 2 2 2 2 2 2 2 2 
2 2 2 2 2 2 2 2 5 2 2 2 2 2 2 2 2 2 2 2 2 2 
2 2 2 2 2 2 2 2 5 2 2 2 2 2 2 2 2 2 2 2 2 2 2 
2 2 2 2 2 2 2 2 5 2 2 2 2 2 2 2 2 2 2 2 2 2 2 
2 2 2 2 2 2 2 2 5 2 2 2 2 2 2 2 2 2 2 2 2 2 2 
2 2 2 2 2 2 2 2 5 2 2 2 2 2 2 2 2 2 2 2 2 2 2 
2 2 2 2 2 2 2 5 2 2 2 2 2 2 2 2 2 2 2 2 2 2 
2 2 2 2 2 2 5 2 2 2 2 2 2 2 2 2 2 2 2 2 2 2 2 
2 2 2 2 5 2 2 2 2 2 2 2 2 2 2 2 2 2 2 2 2 
2 2 2 2 2 2 2 5 2 2 2 2 2 2 2 2 2 2 2 2 2 2 
2 2 2 2 2 2 2 2 2 5 2 2 2 2 2 2 2 2 2 2 2 2 2 2 
2 2 2 2 2 5 2 2 2 2 2 2 2 2 2 2 2 2 2 2 
2 2 2 5 2 2 2 2 2 2 2 2 2 2 2 2 2 2 2 
2 7 2 2 2 2 2 5 2 2 2 2 2 2 2 2 2 2 2 2 2 2 2 
2 2 2 7 2 2 5 2 2 2 2 2 2 2 2 2 2 2 2 2 2 2 
2 2 2 2 2 2 5 7 2 2 2 2 2 2 2 2 2 2 2 2 2 2 2 2 2 
2 2 2 2 2 5 7 2 2 2 2 2 2 2 2 2 2 2 2 2 2 2 2 2 
2 2 2 2 2 7 5 2 2 2 2 2 2 2 2 2 2 2 2 2 2 2 2 2 
7 2 2 2 2 2 5 2 2 2 2 2 2 2 2 2 2 2 2 2 2 2 2 2 
2 2 2 2 2 2 7 5 2 2 2 2 2 2 2 2 2 2 2 2 2 2 2 2 2 
2 2 2 7 2 5 2 2 2 2 2 2 2 2 2 2 2 2 2 2 2 2 2 
2 2 2 2 7 2 5 2 2 2 2 2 2 2 2 2 2 2 2 2 2 2 2 2 
2 2 7 2 2 5 2 2 2 2 2 2 2 2 2 2 2 2 2 2 2 2 2 
2 2 2 7 2 5 2 2 2 2 2 2 2 2 2 2 2 2 2 2 2 2 2 
2 2 2 2 7 2 2 2 5 7 2 2 2 2 2 2 2 2 2 2 2 2 2 2 2 2 2 
2 2 2 2 2 2 2 5 7 2 2 2 2 2 2 2 2 2 2 2 2 2 2 2 2 2 2 
2 2 2 2 7 2 2 2 5 2 2 2 2 2 2 2 2 2 2 2 2 2 2 2 2 2 
2 2 2 2 2 2 7 2 2 2 5 2 2 2 2 2 2 2 2 2 2 2 2 2 2 2 2 
2 2 2 2 2 2 7 2 2 2 2 5 2 2 2 2 2 2 2 2 2 2 2 2 2 2 2 2 
2 2 2 2 2 2 7 2 2 2 5 2 2 2 2 2 2 2 2 2 2 2 2 2 2 2 2 2 
2 2 2 2 2 2 2 7 5 2 2 2 2 2 2 2 2 2 2 2 2 2 2 2 2 2 
2 2 7 2 2 2 2 5 2 2 2 2 2 2 2 2 2 2 2 2 2 2 2 2 
2 2 2 2 2 2 2 5 2 2 2 2 2 2 2 2 2 2 2 2 2 2 2 2 
2 2 2 2 2 5 2 2 2 2 2 2 2 2 2 2 2 2 2 2 2 2 
2 2 2 7 2 2 5 2 2 2 2 2 2 2 2 2 2 2 2 2 2 2 2 2 
2 2 2 2 7 2 2 5 2 2 2 2 2 2 2 2 2 2 2 2 2 2 2 2 2 
2 2 2 2 2 5 2 2 2 2 2 2 2 2 2 2 2 2 2 2 2 2 2 
2 2 2 5 2 2 2 2 2 2 2 2 2 2 2 2 2 2 2 2 2 
2 2 2 2 5 2 2 2 2 2 2 2 2 2 2 2 2 2 2 2 2 2 
2 2 2 2 2 5 7 2 2 2 2 2 2 2 2 2 2 2 2 2 2 2 2 
2 2 2 2 2 2 7 2 5 2 2 2 2 2 2 2 2 2 2 2 2 2 2 2 2 
2 7 2 2 2 2 2 5 2 2 2 2 2 2 2 2 2 2 2 2 2 2 2 2 
2 7 2 2 2 2 2 5 2 2 2 2 2 2 2 2 2 2 2 2 2 2 2 2 
2 2 7 2 2 2 2 2 2 2 5 2 2 2 2 2 2 2 2 2 2 2 2 2 2 2 2 
2 7 2 2 2 2 2 2 2 5 2 2 2 2 2 2 2 2 2 2 2 2 2 2 2 2 
2 2 2 2 7 2 2 2 2 5 2 2 2 2 2 2 2 2 2 2 2 2 2 2 2 2 
2 2 2 2 2 2 7 2 2 5 2 2 2 2 2 2 2 2 2 2 2 2 2 2 2 2 
2 2 2 7 2 2 2 2 2 2 2 5 2 2 2 2 2 2 2 2 2 2 2 2 2 2 2 2 
2 7 2 2 2 2 2 2 2 2 5 2 2 2 2 2 2 2 2 2 2 2 2 2 2 2 2 
2 2 7 2 2 2 2 2 2 2 2 5 2 2 2 2 2 2 2 2 2 2 2 2 2 2 
7 2 2 2 2 2 2 2 2 2 5 2 2 2 2 2 2 2 2 2 2 2 2 2 2 
7 2 2 2 2 2 2 2 2 5 2 2 2 2 2 2 2 2 2 2 2 2 2 2 2 
2 2 2 2 2 2 5 2 2 2 2 2 2 2 2 2 2 2 2 2 2 2 2 2 
2 2 2 2 2 5 2 2 2 2 2 2 2 2 2 2 2 2 2 2 2 2 2 
2 2 2 2 7 5 2 2 2 2 2 2 2 2 2 2 2 2 2 2 2 2 2 
2 2 7 2 5 2 2 2 2 2 2 2 2 2 2 2 2 2 2 2 2 2 
2 2 7 2 2 5 2 2 2 2 2 2 2 2 2 2 2 2 2 2 2 2 2 
2 2 2 2 2 5 2 2 2 2 2 2 2 2 2 2 2 2 2 2 2 2 2 
2 2 2 2 2 5 2 2 2 2 2 2 2 2 2 2 2 2 2 2 2 2 2 
2 2 2 2 2 2 5 2 2 2 2 2 2 2 2 2 2 2 2 2 2 2 2 2 
2 2 2 2 2 2 5 2 2 2 2 2 2 2 2 2 2 2 2 2 2 2 2 2 
2 2 2 2 2 5 2 2 2 2 2 2 2 2 2 2 2 2 2 2 2 2 2 2 
2 2 2 2 2 2 5 2 2 2 2 2 2 2 2 2 2 2 2 2 2 2 2 
2 2 2 2 2 2 2 5 2 2 2 2 2 2 2 2 2 2 2 2 2 2 2 
2 2 2 2 2 2 2 5 2 2 2 2 2 2 2 2 2 2 2 2 2 2 2 
2 2 2 2 2 2 2 5 2 2 2 2 2 2 2 2 2 2 2 2 2 2 2 
2 2 2 2 2 2 5 2 2 2 2 2 2 2 2 2 2 2 2 2 2 2 2 
2 2 2 2 2 2 5 2 2 2 2 2 2 2 2 2 2 2 2 2 2 2 2 
2 2 2 2 2 2 5 2 2 2 2 2 2 2 2 2 2 2 2 2 2 2 2 
2 2 2 2 2 2 2 2 2 5 2 2 2 2 2 2 2 2 2 2 2 2 2 2 
2 7 2 2 2 2 5 2 2 2 2 2 2 2 2 2 2 2 2 2 2 2 2 2 
2 2 2 7 2 2 2 2 5 2 2 2 2 2 2 2 2 2 2 2 2 2 2 2 2 
2 7 2 2 2 2 2 5 2 2 2 2 2 2 2 2 2 2 2 2 2 2 2 2 
2 2 2 2 2 2 5 7 2 2 2 2 2 2 2 2 2 2 2 2 2 2 2 2 2 
2 2 2 2 2 5 2 7 2 2 2 2 2 2 2 2 2 2 2 2 2 2 2 2 2 
2 2 2 2 7 5 2 2 2 2 2 2 2 2 2 2 2 2 2 2 2 2 2 
2 7 2 2 5 2 2 2 2 2 2 2 2 2 2 2 2 2 2 2 2 2 
2 2 2 7 5 2 2 2 2 2 2 2 2 2 2 2 2 2 2 2 2 2 
2 2 2 2 7 5 2 2 2 2 2 2 2 2 2 2 2 2 2 2 2 2 2 
2 2 2 2 7 5 2 2 2 2 2 2 2 2 2 2 2 2 2 2 2 2 2 
2 2 2 2 7 5 2 2 2 2 2 2 2 2 2 2 2 2 2 2 2 2 2 
2 2 2 2 7 5 2 2 2 2 2 2 2 2 2 2 2 2 2 2 2 2 2 
2 2 2 7 2 5 2 2 2 2 2 2 2 2 2 2 2 2 2 2 2 2 2 
2 2 2 7 5 2 2 2 2 2 2 2 2 2 2 2 2 2 2 2 2 2 2 
2 2 2 2 2 2 2 2 5 2 2 2 2 2 2 2 2 2 2 2 2 2 2 
7 2 2 2 2 2 2 5 2 2 2 2 2 2 2 2 2 2 2 2 2 2 2 
2 2 2 2 2 2 2 2 5 2 2 2 2 2 2 2 2 2 2 2 2 2 2 
2 2 2 2 2 2 2 2 5 2 2 2 2 2 2 2 2 2 2 2 2 2 2 
2 2 2 2 2 2 2 5 2 2 2 2 2 2 2 2 2 2 2 2 2 2 
2 2 2 2 2 2 2 2 5 2 2 2 2 2 2 2 2 2 2 2 2 2 2 
2 2 2 2 2 2 2 2 5 2 2 2 2 2 2 2 2 2 2 2 2 2 2 
2 2 2 2 2 2 2 2 5 2 2 2 2 2 2 2 2 2 2 2 2 2 2 
2 2 2 2 2 2 2 5 2 2 2 2 2 2 2 2 2 2 2 2 2 2 
2 2 2 2 2 2 2 5 2 2 2 2 2 2 2 2 2 2 2 2 2 2 
2 2 2 2 2 2 2 5 2 2 2 2 2 2 2 2 2 2 2 2 2 2 
2 2 2 2 2 2 5 2 2 2 2 2 2 2 2 2 2 2 2 2 2 2 
2 2 2 2 2 5 2 2 2 2 2 2 2 2 2 2 2 2 2 2 2 
2 2 2 2 5 2 2 2 2 2 2 2 2 2 2 2 2 2 2 2 2 
2 2 2 5 2 2 2 2 2 2 2 2 2 2 2 2 2 2 2 2 2 
2 7 2 2 2 2 2 2 5 2 2 2 2 2 2 2 2 2 2 2 2 2 2 2 
2 2 2 2 2 2 2 5 2 2 2 2 2 2 2 2 2 2 2 2 2 2 
2 2 2 2 2 2 2 5 2 2 2 2 2 2 2 2 2 2 2 2 2 2 
2 2 2 2 2 2 2 2 5 2 2 2 2 2 2 2 2 2 2 2 2 2 2 
2 2 2 2 2 2 2 5 2 2 2 2 2 2 2 2 2 2 2 2 2 2 
2 2 2 2 2 2 5 2 2 2 2 2 2 2 2 2 2 2 2 2 2 2 
2 2 2 2 2 2 2 5 2 2 2 2 2 2 2 2 2 2 2 2 2 2 2 
2 2 2 2 2 2 5 2 2 2 2 2 2 2 2 2 2 2 2 2 2 2 
2 2 2 2 2 2 5 2 2 2 2 2 2 2 2 2 2 2 2 2 2 2 
2 2 2 2 2 2 5 2 2 2 2 2 2 2 2 2 2 2 2 2 2 2 
2 2 2 2 2 2 2 5 2 2 2 2 2 2 2 2 2 2 2 2 2 2 2 
2 2 2 2 2 2 2 5 2 2 2 2 2 2 2 2 2 2 2 2 2 2 
2 2 2 2 2 2 2 5 2 2 2 2 2 2 2 2 2 2 2 2 2 2 
2 2 2 2 2 2 5 2 2 2 2 2 2 2 2 2 2 2 2 2 2 
2 2 2 2 2 2 5 2 2 2 2 2 2 2 2 2 2 2 2 2 2 2 
2 2 2 2 2 2 2 2 5 2 2 2 2 2 2 2 2 2 2 2 2 2 2 
2 2 2 2 2 2 2 2 5 2 2 2 2 2 2 2 2 2 2 2 2 2 2 
2 2 2 2 2 2 2 2 5 2 2 2 2 2 2 2 2 2 2 2 2 2 2 
2 2 2 2 2 2 2 5 2 2 2 2 2 2 2 2 2 2 2 2 2 2 2 
2 2 2 2 2 2 5 2 2 2 2 2 2 2 2 2 2 2 2 2 2 2 
2 2 2 2 2 2 5 2 2 2 2 2 2 2 2 2 2 2 2 2 2 2 
2 2 2 2 2 2 2 5 2 2 2 2 2 2 2 2 2 2 2 2 2 2 2 
2 2 2 2 2 2 2 5 2 2 2 2 2 2 2 2 2 2 2 2 2 2 2 
2 2 2 2 2 2 2 2 5 2 2 2 2 2 2 2 2 2 2 2 2 2 2 2 
2 2 2 2 2 2 2 5 2 2 2 2 2 2 2 2 2 2 2 2 2 2 
2 2 2 2 2 2 2 2 5 2 2 2 2 2 2 2 2 2 2 2 2 2 2 
2 2 2 2 2 2 2 5 2 2 2 2 2 2 2 2 2 2 2 2 2 2 
2 2 2 2 2 2 5 2 2 2 2 2 2 2 2 2 2 2 2 2 2 
2 2 2 2 2 2 2 5 2 2 2 2 2 2 2 2 2 2 2 2 2 2 
2 2 2 2 2 2 5 2 2 2 2 2 2 2 2 2 2 2 2 2 2 
2 2 7 2 2 2 2 2 5 2 2 2 2 2 2 2 2 2 2 2 2 2 
2 2 2 2 2 2 5 2 2 2 2 2 2 2 2 2 2 2 2 
2 2 2 2 2 2 5 2 2 2 2 2 2 2 2 2 2 2 2 
2 2 2 2 2 2 2 5 2 2 2 2 2 2 2 2 2 2 2 
7 2 2 2 2 2 2 2 5 2 2 2 2 2 2 2 2 2 2 2 
2 2 2 7 2 2 2 2 2 2 2 5 2 2 2 2 2 2 2 2 2 2 2 
2 7 2 2 2 2 2 2 2 2 2 5 2 2 2 2 2 2 2 2 2 2 2 
2 2 2 7 2 2 2 2 2 2 2 5 2 2 2 2 2 2 2 2 2 2 2 
2 7 2 2 2 2 2 2 2 2 5 2 2 2 2 2 2 2 2 2 2 2 
2 7 2 2 2 2 2 2 2 2 5 2 2 2 2 2 2 2 2 2 2 2 
2 2 7 2 2 2 2 5 2 2 2 2 2 2 2 2 2 2 2 2 2 2 2 
2 2 2 2 2 2 5 2 2 2 2 2 2 2 2 2 2 2 2 2 2 2 
7 2 2 2 2 2 5 2 2 2 2 2 2 2 2 2 2 2 2 2 2 
2 2 2 2 5 2 2 2 2 2 2 2 2 2 2 2 2 2 2 2 2 
2 2 2 2 2 5 2 2 2 2 2 2 2 2 2 2 2 2 2 2 2 2 
2 2 2 2 2 7 2 2 5 2 2 2 2 2 2 2 2 2 2 2 2 2 2 2 
2 2 2 2 2 2 2 5 2 2 2 7 2 2 2 2 2 2 2 2 2 2 2 2 2 2 
2 2 2 2 2 2 5 7 2 2 2 2 2 2 2 2 2 2 2 2 2 2 2 
2 2 7 2 2 7 2 2 5 2 2 2 2 2 2 2 2 2 2 2 2 2 2 2 
2 2 2 2 2 2 7 2 5 2 2 2 2 2 2 2 2 2 2 2 2 2 2 2 
2 2 2 2 2 2 7 5 2 2 2 2 2 2 2 2 2 2 2 2 2 2 2 2 
2 2 2 2 2 7 5 2 2 2 2 2 2 2 2 2 2 2 2 2 2 2 
2 2 2 2 2 2 2 2 5 2 2 2 2 2 2 2 2 2 2 2 2 2 
2 2 2 2 2 2 2 2 5 2 2 2 2 2 2 2 2 2 2 2 2 2 
2 2 2 2 2 2 7 2 2 5 2 2 2 2 2 2 2 2 2 2 2 2 2 
2 2 2 2 7 2 2 2 2 5 2 2 2 2 2 2 2 2 2 2 2 2 2 
2 2 2 2 2 2 2 2 2 5 2 2 2 2 2 2 2 2 2 2 2 2 2 
2 2 2 2 2 2 7 2 2 2 5 2 2 2 2 2 2 2 2 2 2 2 2 2 2 
2 2 2 2 2 2 5 2 2 2 2 2 2 2 2 2 2 2 2 2 2 2 
2 2 2 2 2 2 2 2 2 5 2 2 2 2 2 2 2 2 2 2 2 2 2 
2 2 2 2 2 2 2 2 2 2 2 2 5 2 2 2 2 2 2 2 2 2 2 2 
2 2 2 2 2 2 2 2 2 2 2 2 5 2 2 2 2 2 2 2 2 2 2 2 
2 2 2 2 2 2 2 2 2 2 5 2 2 2 2 2 2 2 2 2 2 2 
2 2 2 2 2 2 2 2 2 2 5 2 2 2 2 2 2 2 2 2 2 2 
2 2 2 2 2 2 2 2 5 2 2 2 2 2 2 2 2 2 2 2 2 2 2 
2 2 2 2 2 2 2 2 5 2 2 2 2 2 2 2 2 2 2 2 2 2 2 
2 2 2 2 2 2 5 2 2 2 2 2 2 2 2 2 2 2 2 2 2 2 
2 2 2 2 2 2 5 2 2 2 2 2 2 2 2 2 2 2 2 2 2 2 
2 2 2 2 2 2 5 2 2 2 2 2 2 2 2 2 2 2 2 2 2 2 
2 2 2 2 2 2 2 5 2 2 2 2 2 2 2 2 2 2 2 2 2 2 
2 2 2 2 2 2 2 2 2 5 2 2 2 2 2 2 2 2 2 2 2 2 
2 2 2 2 2 2 2 2 2 2 5 2 2 2 2 2 2 2 2 2 2 2 2 
2 2 2 2 2 2 2 2 2 2 5 2 2 2 2 2 2 2 2 2 2 2 2 
2 2 2 2 2 2 2 2 2 2 5 2 2 2 2 2 2 2 2 2 2 2 2 
2 2 2 2 2 2 2 2 5 2 2 2 2 2 2 2 2 2 2 2 2 2 
2 2 2 2 2 2 2 2 2 2 5 2 2 2 2 2 2 2 2 2 2 2 2 
2 2 2 2 2 2 2 2 2 2 2 2 5 2 2 2 2 2 2 2 2 2 2 
2 2 2 2 2 2 2 2 2 2 2 2 5 2 2 2 2 2 2 2 2 2 2 
2 2 2 2 2 2 2 2 2 2 2 2 5 2 2 2 2 2 2 2 2 2 2 
7 2 2 2 2 2 2 2 2 2 2 2 5 2 2 2 2 2 2 2 2 2 2 
2 2 2 2 2 2 2 2 2 2 2 5 2 2 2 2 2 2 2 2 2 2 
2 2 2 2 2 2 2 2 2 2 2 5 2 2 2 2 2 2 2 2 2 2 
2 2 2 2 2 2 2 2 2 2 5 2 2 2 2 2 2 2 2 2 2 
2 2 2 2 2 2 2 2 2 2 2 5 2 2 2 2 2 2 2 2 2 2 2 
2 2 2 2 2 2 2 2 5 2 2 2 2 2 2 2 2 2 2 2 2 2 2 
2 2 2 2 2 2 2 2 2 5 2 2 2 2 2 2 2 2 2 2 2 2 2 
2 2 2 2 2 2 2 2 2 5 2 2 2 2 2 2 2 2 2 2 2 2 2 
2 2 2 2 2 2 2 2 2 5 2 2 2 2 2 2 2 2 2 2 2 2 2 
2 2 2 2 2 2 2 2 5 2 2 2 2 2 2 2 2 2 2 2 2 2 2 
7 2 2 2 2 2 2 2 5 2 2 2 2 2 2 2 2 2 2 2 2 2 2 
2 2 2 2 2 2 2 2 5 2 2 2 2 2 2 2 2 2 2 2 2 2 2 
2 2 2 2 2 2 2 5 2 2 2 2 2 2 2 2 2 2 2 2 2 2 
2 2 2 2 2 2 2 2 5 2 2 2 2 2 2 2 2 2 2 2 2 2 2 
2 2 2 2 2 2 2 2 5 2 2 2 2 2 2 2 2 2 2 2 2 2 2 
2 2 2 2 2 2 2 2 2 5 2 2 2 2 2 2 2 2 2 2 2 2 2 2 
2 2 2 2 2 2 7 2 2 5 2 2 2 2 2 2 2 2 2 2 2 2 2 2 
2 2 2 2 2 2 2 2 2 5 2 2 2 2 2 2 2 2 2 2 2 2 2 2 
2 2 2 2 2 2 2 5 2 2 2 2 2 2 2 2 2 2 2 2 2 2 
2 2 2 2 2 2 2 2 2 2 2 5 2 2 2 2 2 2 2 2 2 2 2 2 
2 2 2 2 2 2 2 2 2 2 2 5 2 2 2 2 2 2 2 2 2 2 2 
2 2 2 2 2 2 2 2 2 2 5 2 2 2 2 2 2 2 2 2 2 2 2 
2 2 2 2 2 2 2 2 2 5 2 2 2 2 2 2 2 2 2 2 2 2 
2 2 2 2 2 2 2 2 2 2 2 5 2 2 2 2 2 2 2 2 2 2 2 
2 2 2 2 2 2 2 2 2 2 2 5 2 2 2 2 2 2 2 2 2 2 2 
2 2 2 2 2 2 2 2 2 2 5 2 2 2 2 2 2 2 2 2 2 2 2 
2 2 2 2 2 2 2 2 5 2 2 2 2 2 2 2 2 2 2 2 2 2 
2 2 2 2 2 2 5 2 2 2 2 2 2 2 2 2 2 2 2 2 2 
2 2 2 2 2 2 5 2 2 2 2 2 2 2 2 2 2 2 2 2 2 
2 2 2 7 2 2 2 5 2 2 2 2 2 2 2 2 2 2 2 2 2 2 
2 2 2 2 2 2 5 2 2 2 2 2 2 2 2 2 2 2 2 2 2 
2 2 2 2 2 2 5 2 2 2 2 2 2 2 2 2 2 2 2 2 2 
2 2 2 2 2 2 2 5 2 2 2 2 2 2 2 2 2 2 2 2 2 2 
2 2 2 2 2 2 2 5 2 2 2 2 2 2 2 2 2 2 2 2 2 
2 2 2 2 2 2 5 2 2 2 2 2 2 2 2 2 2 2 2 2 
2 2 2 2 2 2 5 2 2 2 2 2 2 2 2 2 2 2 2 2 
2 2 2 2 2 2 5 2 2 2 2 2 2 2 2 2 2 2 2 2 
2 2 2 2 2 2 5 2 2 2 2 2 2 2 2 2 2 2 2 2 
2 2 2 2 2 2 5 2 2 2 2 2 2 2 2 2 2 2 2 2 
2 2 2 2 2 2 5 2 2 2 2 2 2 2 2 2 2 2 2 2 
2 2 2 2 2 2 5 2 2 2 2 2 2 2 2 2 2 2 2 2 
2 2 2 2 2 2 5 2 2 2 2 2 2 2 2 2 2 2 2 2 
2 2 2 2 2 5 7 2 2 2 2 2 2 2 2 2 2 2 2 2 
2 2 2 2 2 7 2 2 5 2 2 2 2 2 2 2 2 2 2 2 2 2 
7 2 2 2 2 2 2 7 2 5 2 2 2 2 2 2 2 2 2 2 2 2 2 
2 2 2 7 2 2 2 5 2 2 2 2 2 2 2 2 2 2 2 2 2 
2 2 2 7 2 2 2 5 2 2 2 2 2 2 2 2 2 2 2 2 2 
2 2 2 2 2 2 5 2 2 2 2 2 2 2 2 2 2 2 2 2 
2 2 7 2 2 2 5 2 2 2 2 2 2 2 2 2 2 2 2 2 
7 2 2 7 2 5 2 2 2 2 2 2 2 2 2 2 2 2 2 2 2 
2 2 7 2 5 2 2 2 2 2 2 2 2 2 2 2 2 2 2 2 
2 2 7 2 5 2 2 2 2 2 2 2 2 2 2 2 2 2 2 2 
2 2 7 2 5 2 2 2 2 2 2 2 2 2 2 2 2 2 2 2 
2 2 2 5 7 2 2 2 2 2 2 2 2 2 2 2 2 2 2 2 
2 2 5 2 7 2 2 2 2 2 2 2 2 2 2 2 2 2 2 2 
2 2 5 2 7 2 2 2 2 2 2 2 2 2 2 2 2 2 2 2 
2 2 7 2 5 2 2 2 2 2 2 2 2 2 2 2 2 2 2 2 
2 2 5 2 7 2 2 2 2 2 2 2 2 2 2 2 2 2 2 2 
2 2 2 5 7 2 2 2 2 2 2 2 2 2 2 2 2 2 2 2 
2 2 2 7 5 2 2 2 2 2 2 2 2 2 2 2 2 2 2 2 
2 2 7 2 5 2 2 2 2 2 2 2 2 2 2 2 2 2 2 2 
2 2 7 2 5 2 2 2 2 2 2 2 2 2 2 2 2 2 2 2 
2 2 2 2 5 2 2 2 2 2 2 2 2 2 2 2 2 2 2 
2 2 7 2 2 5 2 2 2 2 2 2 2 2 2 2 2 2 2 2 
2 2 7 2 2 5 2 2 2 2 2 2 2 2 2 2 2 2 2 2 
2 2 2 2 2 5 2 2 2 2 2 2 2 2 2 2 2 2 2 
2 2 7 2 2 5 2 2 2 2 2 2 2 2 2 2 2 2 2 2 
2 2 7 2 2 5 2 2 2 2 2 2 2 2 2 2 2 2 2 2 
2 2 2 2 7 5 2 2 2 2 2 2 2 2 2 2 2 2 2 2 2 
2 2 2 2 2 7 5 2 2 2 2 2 2 2 2 2 2 2 2 2 2 2 
2 2 2 2 2 7 5 2 2 2 2 2 2 2 2 2 2 2 2 2 2 2 
2 2 7 2 2 2 5 2 2 2 2 2 2 2 2 2 2 2 2 2 
2 2 2 7 5 2 2 2 2 2 2 2 2 2 2 2 2 2 2 2 
2 2 2 2 2 2 5 7 2 2 2 2 2 2 2 2 2 2 2 2 2 2 
2 2 2 2 2 5 2 2 2 7 2 2 2 2 2 2 2 2 2 2 2 2 2 
2 2 2 2 2 5 2 2 7 2 2 2 2 2 2 2 2 2 2 2 2 2 
2 2 2 2 2 5 2 2 7 2 2 2 2 2 2 2 2 2 2 2 2 2 
2 2 2 2 7 2 5 2 2 2 2 2 2 2 2 2 2 2 2 2 2 
2 2 2 2 5 2 7 2 2 2 2 2 2 2 2 2 2 2 2 2 2 
2 2 2 5 2 7 2 2 2 2 2 2 2 2 2 2 2 2 2 2 2 
2 2 2 7 2 5 2 2 2 2 2 2 2 2 2 2 2 2 2 2 2 
2 2 2 7 2 2 5 2 2 2 2 2 2 2 2 2 2 2 2 2 2 
2 2 2 2 7 5 2 2 2 2 2 2 2 2 2 2 2 2 2 2 2 
2 2 7 2 2 5 2 2 2 2 2 2 2 2 2 2 2 2 2 2 2 
2 2 2 7 2 5 2 2 2 2 2 2 2 2 2 2 2 2 2 2 2 
2 2 2 7 2 5 2 2 2 2 2 2 2 2 2 2 2 2 2 2 2 
2 2 5 2 2 2 2 2 2 2 2 2 2 2 2 2 2 2 
2 2 2 2 2 5 2 2 2 2 2 2 2 2 2 2 2 2 2 2 
2 2 2 2 5 2 2 2 2 2 2 2 2 2 2 2 2 2 2 
2 2 2 2 2 5 2 2 2 2 2 2 2 2 2 2 2 2 2 2 
2 2 2 2 2 5 2 2 2 2 2 2 2 2 2 2 2 2 2 2 
2 2 2 2 2 5 2 2 2 2 2 2 2 2 2 2 2 2 2 2 
2 2 2 2 5 2 2 2 2 2 2 2 2 2 2 2 2 2 2 
2 5 2 2 2 2 2 2 2 2 2 2 2 2 2 2 2 2 
7 2 5 2 2 2 2 2 2 2 2 2 2 2 2 2 2 2 2 
2 7 2 2 5 2 2 2 2 2 2 2 2 2 2 2 2 2 2 2 
7 2 2 2 5 2 2 2 2 2 2 2 2 2 2 2 2 2 2 2 
2 7 2 2 2 5 2 2 2 2 2 2 2 2 2 2 2 2 2 2 2 
7 2 2 2 5 2 2 2 2 2 2 2 2 2 2 2 2 2 2 2 
2 2 2 2 2 5 2 2 2 2 2 2 2 2 2 2 2 2 2 2 
2 2 2 2 5 2 2 2 2 2 2 2 2 2 2 2 2 2 2 2 
2 2 2 2 2 2 5 2 2 2 2 2 2 2 2 2 2 2 2 2 
2 2 5 2 2 7 2 2 2 2 2 2 2 2 2 2 2 2 2 2 2 
2 2 5 2 7 2 2 2 2 2 2 2 2 2 2 2 2 2 2 2 2 2 
7 2 2 5 2 2 2 2 2 2 2 2 2 2 2 2 2 2 2 2 2 
2 7 2 2 2 5 2 2 2 2 2 2 2 2 2 2 2 2 2 2 2 2 
2 7 2 5 2 2 2 2 2 2 2 2 2 2 2 2 2 2 2 2 2 
7 5 2 2 2 2 2 2 2 2 2 2 2 2 2 2 2 2 2 2 
7 5 2 2 2 2 2 2 2 2 2 2 2 2 2 2 2 2 2 2 
2 2 5 2 2 2 2 2 2 2 2 2 2 2 2 2 2 2 2 
2 5 2 2 2 2 2 2 2 2 2 2 2 2 2 2 2 2 2 
2 2 5 2 2 2 2 2 2 2 2 2 2 2 2 2 2 2 2 
2 2 5 2 2 2 2 2 2 2 2 2 2 2 2 2 2 2 2 
2 2 2 2 2 5 2 2 2 2 2 2 2 2 2 2 2 2 2 2 
2 2 2 2 5 2 2 2 2 2 2 2 2 2 2 2 2 2 2 
2 2 2 5 2 2 2 2 2 2 2 2 2 2 2 2 2 2 2 
2 2 2 2 5 2 2 2 2 2 2 2 2 2 2 2 2 2 2 
2 2 2 5 2 2 2 2 2 2 2 2 2 2 2 2 2 2 
2 2 2 5 2 2 2 2 2 2 2 2 2 2 2 2 2 2 
2 2 2 2 5 2 2 2 2 2 2 2 2 2 2 2 2 2 2 
2 2 2 5 2 2 2 2 2 2 2 2 2 2 2 2 2 2 
2 2 2 5 2 2 2 2 2 2 2 2 2 2 2 2 2 2 
2 2 2 5 2 2 2 2 2 2 2 2 2 2 2 2 2 2 
2 2 2 2 5 2 2 2 2 2 2 2 2 2 2 2 2 2 2 
2 2 2 5 2 2 2 2 2 2 2 2 2 2 2 2 2 2 
2 2 2 5 2 2 2 2 2 2 2 2 2 2 2 2 2 2 
2 2 2 5 2 2 2 2 2 2 2 2 2 2 2 2 2 2 
2 2 2 5 2 2 2 2 2 2 2 2 2 2 2 2 2 2 
2 2 2 2 2 5 2 2 2 2 2 2 2 2 2 2 2 2 2 2 
2 2 2 2 2 5 2 2 2 2 2 2 2 2 2 2 2 2 2 2 
2 2 2 2 5 2 2 2 2 2 2 2 2 2 2 2 2 2 2 
2 2 2 2 5 2 2 2 2 2 2 2 2 2 2 2 2 2 2 
0 2 2 2 2 5 2 2 2 2 2 2 2 2 2 2 2 2 2 2 
2 5 2 0 2 2 2 5 2 2 2 2 2 2 2 2 2 2 2 2 2 2 
2 0 2 2 2 2 5 2 2 2 2 2 2 2 2 2 2 2 2 2 2 
5 2 2 2 2 5 2 2 2 2 2 2 2 2 2 2 2 2 2 2 
2 2 2 2 5 2 2 2 2 2 2 2 2 2 2 2 2 2 2 
2 2 2 2 2 5 2 2 2 2 2 2 2 2 2 2 2 2 2 2 
2 2 7 2 2 2 5 2 2 2 2 2 2 2 2 2 2 2 2 2 2 
2 2 7 2 2 2 5 2 2 2 2 2 2 2 2 2 2 2 2 2 2 2 
2 2 2 2 2 2 5 2 2 2 2 2 2 2 2 2 2 2 2 2 2 
2 2 2 2 2 2 5 2 2 2 2 2 2 2 2 2 2 2 2 2 2 
2 2 2 2 2 2 5 2 2 2 2 2 2 2 2 2 2 2 2 2 2 
2 2 0 2 2 2 5 2 2 2 2 2 2 2 2 2 2 2 2 2 2 
0 2 2 2 2 5 2 2 2 2 2 2 2 2 2 2 2 2 2 2 
7 2 0 2 2 2 5 2 2 2 2 2 2 2 2 2 2 2 2 2 2 
2 7 2 2 2 2 5 2 2 2 2 2 2 2 2 2 2 2 2 2 2 
2 2 5 2 7 2 2 5 2 2 2 2 2 2 2 2 2 2 2 2 2 2 
7 2 5 2 2 2 5 2 2 2 2 2 2 2 2 2 2 2 2 2 2 
2 7 2 5 2 2 5 2 2 2 2 2 2 2 2 2 2 2 2 2 2 
2 2 5 2 7 2 2 5 2 2 2 2 2 2 2 2 2 2 2 2 2 2 
5 2 2 7 2 2 5 2 2 2 2 2 2 2 2 2 2 2 2 2 2 
2 7 2 2 2 5 2 2 2 2 2 2 2 2 2 2 2 2 2 2 
2 2 5 7 2 2 2 5 2 2 2 2 2 2 2 2 2 2 2 2 2 2 
2 2 7 2 2 2 5 2 2 2 2 2 2 2 2 2 2 2 2 2 2 
2 7 2 2 2 2 5 2 2 2 2 2 2 2 2 2 2 2 2 2 2 
2 5 2 7 2 2 2 5 2 2 2 2 2 2 2 2 2 2 2 2 2 2 
2 2 5 7 2 2 2 2 5 2 2 2 2 2 2 2 2 2 2 2 2 2 2 
5 2 2 7 2 2 2 2 5 2 2 2 2 2 2 2 2 2 2 2 2 2 2 
2 5 2 7 2 2 2 2 5 2 2 2 2 2 2 2 2 2 2 2 2 2 2 
5 2 2 2 7 2 2 2 2 5 2 2 2 2 2 2 2 2 2 2 2 2 2 2 
2 2 7 2 2 2 2 2 5 2 2 2 2 2 2 2 2 2 2 2 2 2 2 
2 2 2 2 2 2 2 5 2 5 2 2 2 2 2 2 2 2 2 2 2 2 2 2 
2 2 2 2 5 2 2 2 2 5 2 2 2 2 2 2 2 2 2 2 2 2 2 2 
2 2 2 5 2 2 2 5 2 2 2 2 2 2 2 2 2 2 2 2 2 2 2 
2 2 2 5 2 2 2 2 5 2 2 2 2 2 2 2 2 2 2 2 2 2 2 
2 2 2 5 2 2 2 2 5 2 2 2 2 2 2 2 2 2 2 2 2 2 2 
2 5 2 2 2 2 2 5 2 2 2 2 2 2 2 2 2 2 2 2 2 2 
2 5 2 2 2 2 2 5 2 2 2 2 2 2 2 2 2 2 2 2 2 2 
5 2 2 2 2 2 5 2 2 2 2 2 2 2 2 2 2 2 2 2 2 
2 5 2 2 2 2 2 5 2 2 2 2 2 2 2 2 2 2 2 2 2 2 
5 2 2 2 2 2 2 5 2 2 2 2 2 2 2 2 2 2 2 2 2 
2 2 2 2 2 2 5 2 2 2 2 2 2 2 2 2 2 2 2 2 
2 2 2 2 2 2 2 2 5 2 2 2 2 2 2 2 2 2 2 2 2 2 
2 2 2 2 2 2 2 2 5 2 2 2 2 2 2 2 2 2 2 2 2 2 
2 2 2 2 2 2 2 2 2 5 2 2 2 2 2 2 2 2 2 2 2 2 2 
2 5 2 7 2 2 2 2 2 5 2 2 2 2 2 2 2 2 2 2 2 2 
5 2 2 7 2 2 5 2 2 2 2 2 2 2 2 2 2 2 2 2 2 2 
2 5 7 2 2 5 2 2 2 2 2 2 2 2 2 2 2 2 2 2 2 
2 7 2 2 5 2 2 2 2 2 2 2 2 2 2 2 2 2 2 2 
2 2 2 7 2 2 2 5 2 2 2 2 2 2 2 2 2 2 2 2 2 2 
2 2 7 2 2 5 2 2 2 2 2 2 2 2 2 2 2 2 2 2 2 
2 2 2 7 7 2 5 2 2 2 2 2 2 2 2 2 2 2 2 2 2 2 2 
2 2 2 7 7 2 5 2 2 2 2 2 2 2 2 2 2 2 2 2 2 2 2 
2 2 7 7 2 2 5 2 2 2 2 2 2 2 2 2 2 2 2 2 2 2 
2 2 2 7 7 2 2 5 2 2 2 2 2 2 2 2 2 2 2 2 2 2 2 
2 7 2 2 7 2 2 5 2 2 2 2 2 2 2 2 2 2 2 2 2 2 2 
2 2 7 2 7 2 2 5 2 2 2 2 2 2 2 2 2 2 2 2 2 2 2 
2 7 2 7 2 5 2 2 2 2 2 2 2 2 2 2 2 2 2 2 2 2 
2 7 2 2 7 5 2 2 2 2 2 2 2 2 2 2 2 2 2 2 2 2 2 
2 2 2 2 7 2 7 5 2 2 2 2 2 2 2 2 2 2 2 2 2 2 2 2 2 
2 2 7 2 2 2 2 2 5 2 2 2 2 2 2 2 2 2 2 2 2 2 2 
2 5 2 2 7 2 2 2 5 2 2 2 2 2 2 2 2 2 2 2 2 2 2 2 
7 2 2 5 2 2 2 2 5 2 2 2 2 2 2 2 2 2 2 2 2 2 2 
2 5 7 2 2 2 2 5 2 2 2 2 2 2 2 2 2 2 2 2 2 2 
2 7 2 2 2 2 5 2 2 2 2 2 2 2 2 2 2 2 2 2 2 
2 2 7 2 2 2 2 5 2 2 2 2 2 2 2 2 2 2 2 2 2 2 
7 2 2 2 5 2 2 2 2 2 2 2 2 2 2 2 2 2 2 
2 2 2 7 2 2 2 5 2 2 2 2 2 2 2 2 2 2 2 2 2 2 
7 2 2 2 2 5 2 2 2 2 2 2 2 2 2 2 2 2 2 
2 7 2 2 2 2 5 2 2 2 2 2 2 2 2 2 2 2 2 2 
2 7 7 2 2 2 5 2 2 2 2 2 2 2 2 2 2 2 2 2 2 
2 7 7 2 2 2 5 2 2 2 2 2 2 2 2 2 2 2 2 2 2 
2 2 7 7 2 2 2 5 2 2 2 2 2 2 2 2 2 2 2 2 2 2 
7 7 2 2 2 5 2 2 2 2 2 2 2 2 2 2 2 2 2 2 
7 7 2 2 2 5 2 2 2 2 2 2 2 2 2 2 2 2 2 2 
2 2 7 2 2 5 2 2 2 2 2 2 2 2 2 2 2 2 2 2 
2 7 2 2 2 2 5 2 2 2 2 2 2 2 2 2 2 2 2 2 2 
2 7 2 2 2 2 5 2 2 2 2 2 2 2 2 2 2 2 2 2 2 
2 7 2 2 2 2 5 2 2 2 2 2 2 2 2 2 2 2 2 2 2 
2 2 7 2 2 2 5 2 2 2 2 2 2 2 2 2 2 2 2 2 2 
2 2 2 7 2 2 5 2 2 2 2 2 2 2 2 2 2 2 2 2 2 
2 2 7 2 2 5 2 2 2 2 2 2 2 2 2 2 2 2 2 2 
2 7 2 2 2 5 2 2 2 2 2 2 2 2 2 2 2 2 2 2 
2 7 2 2 2 5 2 2 2 2 2 2 2 2 2 2 2 2 2 2 
2 2 7 2 2 2 5 2 2 2 2 2 2 2 2 2 2 2 2 2 2 
7 2 2 2 5 2 2 2 2 2 2 2 2 2 2 2 2 2 2 
7 2 2 2 5 2 2 2 2 2 2 2 2 2 2 2 2 2 2 
7 2 2 2 5 2 2 2 2 2 2 2 2 2 2 2 2 2 2 
7 2 2 2 5 2 2 2 2 2 2 2 2 2 2 2 2 2 2 
7 2 2 2 5 2 2 2 2 2 2 2 2 2 2 2 2 2 2 
2 2 2 2 7 2 2 5 2 2 2 2 2 2 2 2 2 2 2 2 2 2 
7 2 2 2 2 5 2 2 2 2 2 2 2 2 2 2 2 2 2 2 
2 7 2 2 2 5 2 2 2 2 2 2 2 2 2 2 2 2 2 2 
2 7 2 2 2 5 2 2 2 2 2 2 2 2 2 2 2 2 2 2 
7 2 2 2 5 2 2 2 2 2 2 2 2 2 2 2 2 2 2 2 
7 2 2 2 5 2 2 2 2 2 2 2 2 2 2 2 2 2 2 2 
7 2 2 2 5 2 2 2 2 2 2 2 2 2 2 2 2 2 2 2 
7 2 2 2 2 5 2 2 2 2 2 2 2 2 2 2 2 2 2 2 
7 2 2 2 5 2 2 2 2 2 2 2 2 2 2 2 2 2 2 2 
2 2 2 5 2 2 2 2 2 2 2 2 2 2 2 2 2 2 2 
2 2 2 2 2 5 2 2 2 2 2 2 2 2 2 2 2 2 2 2 
2 2 2 5 2 2 2 2 2 2 2 2 2 2 2 2 2 2 
2 7 2 2 2 5 2 2 2 2 2 2 2 2 2 2 2 2 2 2 
2 2 7 2 2 2 5 2 2 2 2 2 2 2 2 2 2 2 2 2 2 
2 2 2 7 2 2 2 5 2 2 2 2 2 2 2 2 2 2 2 2 2 2 
7 2 2 2 7 2 2 5 2 2 2 2 2 2 2 2 2 2 2 2 2 2 2 
2 2 2 2 2 2 5 2 2 2 2 2 2 2 2 2 2 2 2 2 2 2 
2 2 2 2 2 2 5 2 2 2 2 2 2 2 2 2 2 2 2 2 2 2 
2 2 2 2 2 2 5 2 2 2 2 2 2 2 2 2 2 2 2 2 2 2 
2 2 2 2 2 2 2 2 5 2 2 2 2 2 2 2 2 2 2 2 2 2 2 
2 2 2 2 2 2 2 5 2 2 2 2 2 2 2 2 2 2 2 2 2 2 
2 2 2 2 2 2 2 2 2 5 2 2 2 2 2 2 2 2 2 2 2 2 2 
2 2 2 2 2 2 2 5 2 2 2 2 2 2 2 2 2 2 2 2 2 
2 2 2 2 2 2 2 2 5 2 2 2 2 2 2 2 2 2 2 2 2 2 
2 2 2 2 2 2 2 2 5 2 2 2 2 2 2 2 2 2 2 2 2 2 
2 2 2 2 2 2 2 2 2 2 5 2 2 2 2 2 2 2 2 2 2 2 2 2 
2 2 2 2 2 2 2 2 5 2 2 2 2 2 2 2 2 2 2 2 2 2 2 2 
2 2 2 2 2 2 2 2 2 5 2 2 2 2 2 2 2 2 2 2 2 2 2 2 2 
2 2 2 2 2 2 2 5 2 2 2 2 2 2 2 2 2 2 2 2 2 2 
2 2 2 2 2 2 5 2 2 2 2 2 2 2 2 2 2 2 2 2 2 2 
2 5 2 2 7 5 2 2 2 7 2 2 2 2 2 2 2 2 2 2 2 2 2 2 2 
2 2 2 2 2 2 2 2 5 2 2 2 2 2 2 2 2 2 2 2 2 2 2 
2 2 2 2 2 7 2 2 5 2 2 2 2 2 2 2 2 2 2 2 2 2 2 
2 2 2 2 2 7 2 2 5 2 2 2 2 2 2 2 2 2 2 2 2 2 2 
2 2 2 2 2 2 2 5 2 2 2 2 2 2 2 2 2 2 2 2 2 
2 2 0 2 2 2 2 2 5 2 2 2 2 2 2 2 2 2 2 2 2 2 
2 2 2 2 2 2 5 2 2 2 2 2 2 2 2 2 2 2 2 2 
2 2 2 2 0 2 5 2 2 2 2 2 2 2 2 2 2 2 2 2 2 
2 2 2 2 2 0 2 2 5 2 2 2 2 2 2 2 2 2 2 2 2 
2 2 7 2 2 0 2 2 2 2 2 2 5 2 2 2 2 2 2 2 2 2 2 2 
7 2 2 2 2 2 2 2 2 0 2 2 2 5 2 2 2 2 2 2 2 2 2 2 2 
2 2 0 2 2 2 2 2 2 2 2 2 5 2 2 2 2 2 2 2 2 2 2 2 
2 2 2 0 2 2 2 2 2 2 5 2 2 2 2 2 2 2 2 2 2 2 
2 2 2 2 2 2 2 2 2 5 2 2 2 2 2 2 2 2 2 2 2 
0 2 2 2 2 2 2 2 2 2 5 2 2 2 2 2 2 2 2 2 2 2 
2 7 2 2 2 2 2 2 5 2 2 2 2 2 2 2 2 2 2 2 2 
2 2 2 2 2 2 5 2 2 2 2 2 2 2 2 2 2 2 2 
2 2 2 2 2 2 5 2 2 2 2 2 2 2 2 2 2 2 2 2 
2 2 2 2 2 5 2 2 2 2 2 2 2 2 2 2 2 2 2 2 
2 2 2 2 2 2 2 5 2 2 2 2 2 2 2 2 2 2 2 2 2 2 
2 2 2 2 2 2 2 5 2 2 2 2 2 2 2 2 2 2 2 2 2 2 
2 2 2 2 2 2 2 5 2 2 2 2 2 2 2 2 2 2 2 2 2 
2 2 2 2 2 2 2 2 2 2 5 2 2 2 2 2 2 2 2 2 2 2 
2 2 2 2 2 2 2 2 2 5 2 2 2 2 2 2 2 2 2 2 2 2 
2 2 2 2 2 2 2 2 2 5 2 2 2 2 2 2 2 2 2 2 2 2 
2 2 2 2 2 2 2 2 2 5 2 2 2 2 2 2 2 2 2 2 2 2 
2 2 2 2 2 2 2 2 2 2 5 2 2 2 2 2 2 2 2 2 2 2 2 
2 2 2 2 2 2 2 2 2 2 5 2 2 2 2 2 2 2 2 2 2 2 2 
2 2 2 2 2 2 2 2 2 2 5 2 2 2 2 2 2 2 2 2 2 2 2 
2 2 2 2 2 2 2 2 2 2 5 2 2 2 2 2 2 2 2 2 2 2 2 
2 2 2 2 2 7 2 5 2 2 2 2 2 2 2 2 2 2 2 2 2 2 2 2 2 
2 2 2 2 2 2 5 2 2 2 2 2 2 2 2 2 2 2 2 2 2 2 
2 7 2 2 2 2 2 2 5 2 2 2 2 2 2 2 2 2 2 2 2 2 2 2 
2 7 2 2 2 2 2 2 5 2 2 2 2 2 2 2 2 2 2 2 2 2 2 2 
2 2 2 2 2 7 2 2 2 5 2 2 2 2 2 2 2 2 2 2 2 2 2 2 
2 2 2 2 2 2 2 5 2 2 2 2 2 2 2 2 2 2 2 2 2 2 
2 2 2 2 2 7 2 2 5 2 2 2 2 2 2 2 2 2 2 2 2 2 2 
2 2 2 2 2 7 2 2 5 2 2 2 2 2 2 2 2 2 2 2 2 2 2 
2 2 2 2 2 2 2 2 5 2 2 2 2 2 2 2 2 2 2 2 2 2 2 
2 2 2 2 2 2 5 2 2 2 2 2 2 2 2 2 2 2 2 2 2 
2 2 2 2 2 2 7 5 2 2 2 2 2 2 2 2 2 2 2 2 2 2 2 
2 2 2 2 2 7 5 2 2 2 2 2 2 2 2 2 2 2 2 2 2 2 
2 2 2 2 2 7 2 2 5 2 2 2 2 2 2 2 2 2 2 2 2 2 2 
2 2 2 7 2 2 5 2 2 2 2 2 2 2 2 2 2 2 2 2 2 2 
2 2 2 2 7 2 2 2 5 2 2 2 2 2 2 2 2 2 2 2 2 2 2 
2 2 2 2 2 7 2 2 5 2 2 2 2 2 2 2 2 2 2 2 2 2 2 
2 2 7 2 2 2 5 2 2 2 2 2 2 2 2 2 2 2 2 2 2 
2 2 7 2 2 5 2 2 2 2 2 2 2 2 2 2 2 2 2 2 2 
2 2 7 2 2 5 2 2 2 2 2 2 2 2 2 2 2 2 2 2 2 
2 2 7 2 2 5 2 2 2 2 2 2 2 2 2 2 2 2 2 2 2 
2 2 2 7 2 2 5 2 2 2 2 2 2 2 2 2 2 2 2 2 2 2 
0 2 2 2 2 7 2 2 5 2 2 2 2 2 2 2 2 2 2 2 2 2 2 
2 2 2 2 7 2 2 5 2 2 2 2 2 2 2 2 2 2 2 2 2 2 
3 2 2 2 7 2 2 5 2 2 2 2 2 2 2 2 2 2 2 2 2 2 
2 2 2 2 2 7 5 2 2 2 2 2 2 2 2 2 2 2 2 2 2 
2 2 2 2 7 5 2 2 2 2 2 2 2 2 2 2 2 2 2 2 
0 2 2 2 7 2 2 5 2 2 2 2 2 2 2 2 2 2 2 2 2 
2 0 2 2 2 2 7 2 2 2 5 2 2 2 2 2 2 2 2 2 2 2 2 
2 2 2 2 2 7 2 5 2 2 2 2 2 2 2 2 2 2 2 2 2 
2 2 2 2 2 2 7 5 2 2 2 2 2 2 2 2 2 2 2 2 2 2 
1 2 2 2 2 2 7 2 2 2 5 2 2 2 2 2 2 2 2 2 2 2 2 2 2 
0 2 2 2 2 2 2 2 2 5 2 2 2 2 2 2 2 2 2 2 2 2 2 
2 2 1 2 2 2 2 5 7 2 2 2 2 2 2 2 2 2 2 2 2 2 2 
2 2 1 2 2 5 2 7 2 2 2 2 2 2 2 2 2 2 2 2 2 2 2 
0 2 2 2 2 2 3 2 1 2 7 2 5 2 2 2 2 2 2 2 2 2 2 2 2 2 2 
2 2 2 2 2 1 2 5 7 2 2 2 2 2 2 2 2 2 2 2 2 2 2 2 
2 2 2 2 0 2 7 2 5 2 1 2 2 2 2 2 2 2 2 2 2 2 2 2 2 
2 2 2 2 3 0 1 7 2 2 2 5 2 2 2 2 2 2 2 2 2 2 2 2 2 2 
1 2 0 2 2 2 3 2 2 5 2 2 2 2 2 2 2 2 2 2 2 2 2 
2 2 2 2 0 2 1 2 2 5 2 2 2 2 2 2 2 2 2 2 2 2 2 
2 2 2 2 2 7 2 0 2 2 1 5 2 2 2 2 2 2 2 2 2 2 2 2 2 2 
2 2 2 2 2 7 0 2 2 2 1 5 2 2 2 2 2 2 2 2 2 2 2 2 2 2 
2 2 2 2 2 0 2 2 2 5 2 1 2 2 2 2 2 2 2 2 2 2 2 2 2 
2 2 2 2 2 7 0 2 2 5 2 2 1 2 2 2 2 2 2 2 2 2 2 2 2 2 2 
2 2 2 2 7 2 1 2 2 5 2 0 2 2 2 2 2 2 2 2 2 2 2 2 2 
2 2 2 2 5 2 7 2 2 2 1 2 0 2 5 2 2 2 2 2 2 2 2 2 2 2 2 2 
2 2 2 2 2 2 2 0 2 2 2 5 2 2 2 2 2 2 2 2 2 2 2 2 
2 2 2 2 2 2 2 0 2 2 2 5 2 2 2 2 2 2 2 2 2 2 2 2 
2 2 2 2 2 2 2 2 0 2 2 2 5 2 2 2 2 2 2 2 2 2 2 2 2 
2 2 2 2 2 2 0 2 2 2 5 2 2 2 2 2 2 2 2 2 2 2 2 2 
2 2 2 2 0 2 2 5 2 2 2 2 2 2 2 2 2 2 2 2 2 2 
2 0 2 2 2 2 7 2 5 2 2 2 2 2 2 2 2 2 2 2 2 2 2 2 
0 2 2 2 2 7 2 2 2 5 2 2 2 2 2 2 2 2 2 2 2 2 2 2 
2 2 2 2 2 2 2 2 5 2 2 2 2 2 2 2 2 2 2 2 2 2 2 
2 2 2 2 7 2 5 2 2 2 2 2 2 2 2 2 2 2 2 2 2 2 2 
2 2 2 2 0 2 5 2 7 2 2 2 2 2 2 2 2 2 2 2 2 2 2 2 2 
2 2 2 2 2 0 2 2 5 7 2 2 2 2 2 2 2 2 2 2 2 2 2 2 2 
2 2 2 2 2 2 5 7 2 2 2 2 2 2 2 2 2 2 2 2 2 2 2 2 
2 2 2 2 2 2 2 7 2 5 2 2 2 2 2 2 2 2 2 2 2 2 2 2 
2 2 2 2 2 5 7 2 2 2 2 2 2 2 2 2 2 2 2 2 2 2 2 
2 2 2 2 2 2 2 5 2 7 2 5 2 2 2 2 2 2 2 2 2 2 2 2 2 2 2 
2 2 2 2 2 5 5 2 2 2 2 2 2 2 2 2 2 2 2 2 2 2 
2 2 2 2 2 5 2 5 2 2 2 2 2 2 2 2 2 2 2 2 2 2 2 
2 2 2 2 2 2 2 2 2 5 5 2 2 2 2 2 2 2 2 2 2 2 2 2 2 2 
2 2 2 2 2 2 5 2 2 2 5 2 2 2 2 2 2 2 2 2 2 2 2 2 2 
2 2 2 5 2 2 2 2 2 5 2 2 2 2 2 2 2 2 2 2 2 2 2 2 
2 2 2 2 2 2 5 2 2 2 2 2 2 2 2 2 2 2 2 2 2 
2 2 2 2 2 2 2 2 2 5 2 2 2 2 2 2 2 2 2 2 2 2 2 2 
2 2 2 2 2 2 2 5 2 2 2 2 2 2 2 2 2 2 2 2 2 
2 2 2 2 2 2 2 2 2 5 2 2 2 2 2 2 2 2 2 2 2 2 
2 2 2 2 2 2 2 2 5 2 2 2 2 2 2 2 2 2 2 2 2 2 2 
2 2 2 2 2 2 2 2 5 2 2 2 2 2 2 2 2 2 2 2 2 2 2 
2 2 2 2 2 2 2 2 2 5 2 2 2 2 2 2 2 2 2 2 2 2 2 2 
2 2 2 2 2 2 2 2 5 2 2 2 2 2 2 2 2 2 2 2 2 2 2 
2 2 2 2 2 2 2 2 2 5 2 2 2 2 2 2 2 2 2 2 2 2 2 2 
2 2 2 7 2 2 2 2 7 5 2 2 2 2 2 2 2 2 2 2 2 2 2 2 
2 2 2 2 2 2 2 2 5 2 2 2 2 2 2 2 2 2 2 2 2 2 
2 2 2 2 2 2 2 5 2 2 2 2 2 2 2 2 2 2 2 2 2 2 
2 2 2 2 2 2 5 2 2 2 2 2 2 2 2 2 2 2 2 2 2 
2 2 2 2 2 2 2 2 7 5 2 2 2 2 2 2 2 2 2 2 2 2 2 2 
2 2 2 2 2 2 7 5 2 2 2 2 2 2 2 2 2 2 2 2 2 2 
2 2 2 2 2 2 2 7 5 2 2 2 2 2 2 2 2 2 2 2 2 2 2 
2 2 2 2 2 2 2 7 5 2 2 2 2 2 2 2 2 2 2 2 2 2 2 
2 2 2 2 2 2 7 5 2 2 2 2 2 2 2 2 2 2 2 2 2 2 
2 2 2 2 2 7 5 2 2 2 2 2 2 2 2 2 2 2 2 2 2 
2 2 2 2 2 7 5 2 2 2 2 2 2 2 2 2 2 2 2 2 2 
2 2 2 2 2 7 5 2 2 2 2 2 2 2 2 2 2 2 2 2 2 
2 2 2 2 2 5 7 2 2 2 2 2 2 2 2 2 2 2 2 2 2 
2 2 2 2 5 7 2 2 2 2 2 2 2 2 2 2 2 2 2 2 
2 2 2 2 5 7 2 2 2 2 2 2 2 2 2 2 2 2 2 2 
2 2 2 2 7 2 2 2 5 7 2 2 2 2 2 2 2 2 2 2 2 2 2 2 
2 2 2 2 2 2 7 5 2 2 2 2 2 2 2 2 2 2 2 2 2 2 
2 2 2 2 2 7 2 2 5 2 2 2 2 2 2 2 2 2 2 2 2 2 
7 2 2 2 2 2 2 2 2 5 2 2 2 2 2 2 2 2 2 2 2 2 
2 7 2 2 2 7 2 2 5 2 2 2 2 2 2 2 2 2 2 2 2 2 
7 2 2 2 2 2 2 7 2 2 2 5 2 2 2 2 2 2 2 2 2 2 2 2 
2 2 2 2 2 7 2 2 2 2 5 2 2 2 2 2 2 2 2 2 2 2 2 
2 2 2 2 2 7 2 2 5 2 2 2 2 2 2 2 2 2 2 2 2 2 2 
2 2 2 2 2 7 2 5 2 2 2 2 2 2 2 2 2 2 2 2 2 2 
2 2 2 2 7 2 5 2 2 2 2 2 2 2 2 2 2 2 2 2 2 
2 2 2 2 7 5 2 2 2 2 2 2 2 2 2 2 2 2 2 2 2 
2 2 2 2 2 2 7 5 2 2 2 2 2 2 2 2 2 2 2 2 2 2 
2 2 2 2 7 2 2 5 2 2 2 2 2 2 2 2 2 2 2 2 2 2 
2 2 2 2 2 2 5 2 2 2 2 2 2 2 2 2 2 2 2 2 2 
2 2 2 2 2 2 2 5 2 2 2 2 2 2 2 2 2 2 2 2 2 
7 2 2 2 2 5 2 2 2 7 2 2 2 2 2 2 2 2 2 2 2 2 2 2 
2 2 2 2 2 2 5 2 2 2 2 2 2 2 2 2 2 2 2 2 
2 2 2 2 2 2 2 5 2 2 2 2 2 2 2 2 2 2 2 2 2 2 
7 2 2 2 2 2 2 2 5 2 2 2 2 2 2 2 2 2 2 2 2 
2 2 2 2 2 2 2 2 2 5 2 2 2 2 2 2 2 2 2 2 2 2 
2 2 2 2 2 2 2 2 2 5 2 2 2 2 2 2 2 2 2 2 2 2 
2 2 2 2 2 2 2 2 2 5 2 2 2 2 2 2 2 2 2 2 2 2 
2 2 2 2 2 2 2 2 2 5 2 2 2 2 2 2 2 2 2 2 2 2 
2 2 2 2 2 2 2 2 2 5 2 2 2 2 2 2 2 2 2 2 2 2 
2 2 2 2 2 2 2 2 2 5 2 2 2 2 2 2 2 2 2 2 2 2 
2 2 2 2 2 2 2 2 2 5 2 2 2 2 2 2 2 2 2 2 2 2 
2 2 2 2 2 2 2 2 5 2 2 2 2 2 2 2 2 2 2 2 2 
2 2 2 2 2 2 2 2 2 5 2 2 2 2 2 2 2 2 2 2 2 2 
2 2 2 2 2 2 2 2 2 5 2 2 2 2 2 2 2 2 2 2 2 2 
2 2 2 2 2 2 2 2 2 2 5 2 2 2 2 2 2 2 2 2 2 2 2 
2 2 2 7 2 2 2 5 2 2 2 2 2 2 2 2 2 2 2 2 2 2 
2 2 2 2 2 2 2 5 2 2 2 2 2 2 2 2 2 2 2 2 2 
2 2 2 2 2 2 5 2 2 2 2 2 2 2 2 2 2 2 2 2 
2 2 2 2 2 2 5 2 2 2 2 2 2 2 2 2 2 2 2 2 
2 2 2 2 2 5 2 2 2 2 2 2 2 2 2 2 2 2 2 2 
2 2 2 2 2 2 5 2 2 2 2 2 2 2 2 2 2 2 2 2 2 
2 2 2 2 2 2 5 2 2 2 2 2 2 2 2 2 2 2 2 2 
2 2 2 2 2 2 5 2 2 2 2 2 2 2 2 2 2 2 2 2 
2 2 2 2 2 2 2 5 2 2 2 2 2 2 2 2 2 2 2 2 
2 2 2 2 2 2 2 5 2 2 2 2 2 2 2 2 2 2 2 2 
2 2 2 2 2 2 2 5 2 2 2 2 2 2 2 2 2 2 2 2 
2 2 2 2 2 2 5 2 2 2 2 2 2 2 2 2 2 2 2 2 
2 2 2 2 2 2 5 2 2 2 2 2 2 2 2 2 2 2 2 
2 2 2 2 2 2 2 5 2 2 2 2 2 2 2 2 2 2 2 2 
2 2 2 2 2 2 5 2 2 2 2 2 2 2 2 2 2 2 2 
2 2 2 2 2 2 2 2 5 7 2 2 2 2 2 2 2 2 2 2 2 2 2 2 2 
2 2 2 2 2 2 2 5 2 2 2 2 2 2 2 2 2 2 2 2 
2 2 2 2 2 2 2 2 5 2 2 2 2 2 2 2 2 2 2 2 2 
2 2 2 2 2 2 2 2 5 2 2 2 2 2 2 2 2 2 2 2 2 
2 2 2 2 2 2 2 2 5 2 2 2 2 2 2 2 2 2 2 2 2 
2 2 2 2 2 2 2 2 5 2 2 2 2 2 2 2 2 2 2 2 2 
2 2 2 2 2 2 2 2 5 2 2 2 2 2 2 2 2 2 2 2 2 
2 2 2 2 2 2 2 2 5 2 2 2 2 2 2 2 2 2 2 2 2 2 
2 2 2 2 2 2 2 2 5 2 2 2 2 2 2 2 2 2 2 2 2 2 
2 2 2 2 2 2 2 2 5 2 2 2 2 2 2 2 2 2 2 2 2 2 
2 2 2 2 2 2 2 5 2 2 2 2 2 2 2 2 2 2 2 2 2 
2 2 2 2 7 2 2 2 5 2 2 2 2 2 2 2 2 2 2 2 2 2 
2 2 2 2 2 2 2 5 2 2 2 2 2 2 2 2 2 2 2 2 2 
2 2 2 2 2 2 2 5 2 2 2 2 2 2 2 2 2 2 2 2 2 
2 2 2 2 2 2 2 5 2 2 2 2 2 2 2 2 2 2 2 2 2 
2 2 2 5 7 2 2 2 2 2 2 2 2 2 2 2 2 2 2 2 
2 2 2 2 2 2 5 2 2 2 2 2 2 2 2 2 2 2 2 
2 2 2 2 2 5 2 2 2 2 2 2 2 2 2 2 2 2 2 
2 2 2 2 2 2 5 2 2 2 2 2 2 2 2 2 2 2 2 2 
2 2 2 2 2 2 2 5 2 2 2 2 2 2 2 2 2 2 2 2 
2 2 2 2 2 2 2 5 2 2 2 2 2 2 2 2 2 2 2 2 
2 2 2 2 2 2 2 5 2 2 2 2 2 2 2 2 2 2 2 2 
2 2 2 2 2 2 2 5 2 2 2 2 2 2 2 2 2 2 2 2 
2 2 2 2 2 2 5 2 2 2 2 2 2 2 2 2 2 2 2 
2 2 2 2 2 2 5 2 2 2 2 2 2 2 2 2 2 2 2 
2 2 2 2 2 2 2 5 2 2 2 2 2 2 2 2 2 2 2 2 
2 2 2 2 2 2 2 5 2 2 2 2 2 2 2 2 2 2 2 2 
2 2 2 2 2 2 2 5 2 2 2 2 2 2 2 2 2 2 2 2 
2 2 2 2 2 2 2 5 2 2 2 2 2 2 2 2 2 2 2 2 
2 2 2 2 2 2 5 2 2 2 2 2 2 2 2 2 2 2 2 
2 5 2 2 2 2 7 2 2 2 2 2 2 2 2 2 2 2 2 2 2 2 
2 2 2 7 5 2 2 2 2 2 2 2 2 2 2 2 2 2 2 2 2 2 
2 2 2 7 2 2 5 2 2 2 2 2 2 2 2 2 2 2 2 2 2 2 
2 2 2 7 2 2 2 5 2 2 2 2 2 2 2 2 2 2 2 2 2 2 
2 2 7 2 2 2 5 2 2 2 2 2 2 2 2 2 2 2 2 2 2 2 
2 2 2 7 2 2 2 5 2 2 2 2 2 2 2 2 2 2 2 2 2 2 
2 2 2 7 2 2 5 2 2 2 2 2 2 2 2 2 2 2 2 2 2 2 
2 2 2 2 7 2 5 2 2 2 2 2 2 2 2 2 2 2 2 2 2 2 
2 2 7 2 2 2 5 2 2 2 2 2 2 2 2 2 2 2 2 2 2 2 
2 2 7 2 2 2 5 2 2 2 2 2 2 2 2 2 2 2 2 2 2 2 
2 2 7 2 2 2 2 5 2 2 2 2 2 2 2 2 2 2 2 2 2 2 
2 2 2 2 2 7 2 2 2 5 2 2 2 2 2 2 2 2 2 2 2 2 2 2 
2 2 2 2 7 2 2 2 5 2 2 2 2 2 2 2 2 2 2 2 2 2 2 
2 2 2 2 7 2 2 2 5 2 2 2 2 2 2 2 2 2 2 2 2 2 2 
2 2 2 7 2 2 2 2 5 2 2 2 2 2 2 2 2 2 2 2 2 2 2 
2 2 2 2 2 2 2 5 2 2 2 2 2 2 2 2 2 2 2 2 2 2 
2 2 2 2 2 2 2 2 2 5 2 2 2 2 2 2 2 2 2 2 2 2 
2 2 2 2 2 2 2 2 2 5 2 2 2 2 2 2 2 2 2 2 2 2 
2 2 2 2 2 2 2 2 5 2 2 2 2 2 2 2 2 2 2 2 2 2 2 
2 2 2 2 2 2 2 2 5 2 2 2 2 2 2 2 2 2 2 2 2 2 2 
2 2 2 2 2 2 2 2 2 2 5 2 2 2 2 2 2 2 2 2 2 2 2 
2 2 7 2 2 2 2 5 2 2 2 2 2 2 2 2 2 2 2 2 2 2 2 
2 2 2 7 2 2 2 5 2 2 2 2 2 2 2 2 2 2 2 2 2 2 2 
2 2 2 2 7 2 2 5 2 2 2 2 2 2 2 2 2 2 2 2 2 2 2 
2 2 7 2 2 2 2 5 2 2 2 2 2 2 2 2 2 2 2 2 2 2 2 
2 2 2 2 7 2 5 2 2 2 2 2 2 2 2 2 2 2 2 2 2 2 2 
2 2 2 7 2 5 2 2 2 2 2 2 2 2 2 2 2 2 2 2 2 2 
2 2 2 2 7 2 5 2 2 2 2 2 2 2 2 2 2 2 2 2 2 2 
2 2 2 7 2 5 2 2 2 2 2 2 2 2 2 2 2 2 2 2 2 2 
2 2 2 7 2 5 2 2 2 2 2 2 2 2 2 2 2 2 2 2 2 2 
2 2 2 2 2 2 7 2 2 2 2 2 2 2 2 2 2 2 2 2 2 
2 2 2 2 7 2 5 2 2 2 2 2 2 2 2 2 2 2 2 2 2 2 
2 2 2 7 2 2 2 2 2 5 2 2 2 2 2 2 2 2 2 2 2 2 
2 2 2 2 7 2 2 2 5 2 2 2 2 2 2 2 2 2 2 2 2 
2 2 2 2 2 2 5 2 2 2 2 2 2 2 2 2 2 2 2 
2 2 2 2 2 2 2 5 2 2 2 2 2 2 2 2 2 2 2 2 
2 7 2 2 2 2 2 2 5 2 2 2 2 2 2 2 2 2 2 2 2 
2 2 2 2 2 2 5 2 2 2 2 2 2 2 2 2 2 2 2 
2 2 7 2 2 2 2 5 2 2 2 2 2 2 2 2 2 2 2 2 2 
7 2 2 2 2 5 2 2 2 2 2 2 2 2 2 2 2 2 2 
2 2 7 2 5 2 2 2 2 2 2 2 2 2 2 2 2 2 2 2 
7 2 2 2 2 5 2 2 2 2 2 2 2 2 2 2 2 2 2 
2 7 2 5 2 2 2 2 2 2 2 2 2 2 2 2 2 2 2 
2 7 2 5 2 2 2 2 2 2 2 2 2 2 2 2 2 2 2 
2 7 2 2 5 2 2 2 2 2 2 2 2 2 2 2 2 2 2 2 
2 2 2 2 2 2 2 2 7 2 2 2 2 2 2 2 2 2 2 2 2 2 
2 2 2 5 2 2 7 2 2 2 2 2 2 2 2 2 2 2 2 2 2 
2 2 7 2 5 2 2 2 2 2 2 2 2 2 2 2 2 2 2 2 2 
2 2 7 2 2 5 2 2 2 2 2 2 2 2 2 2 2 2 2 2 2 
2 2 2 7 2 5 2 2 2 2 2 2 2 2 2 2 2 2 2 2 2 2 
2 2 7 2 2 2 5 2 2 2 2 2 2 2 2 2 2 2 2 2 2 
2 2 7 2 2 2 5 2 2 2 2 2 2 2 2 2 2 2 2 2 2 
2 2 2 2 2 2 5 2 2 2 2 2 2 2 2 2 2 2 2 2 
2 2 7 2 2 5 2 2 2 2 2 2 2 2 2 2 2 2 2 2 2 
2 2 2 7 2 2 5 2 2 2 2 2 2 2 2 2 2 2 2 2 2 2 
2 2 7 2 5 2 2 2 2 2 2 2 2 2 2 2 2 2 2 2 
2 2 7 2 5 2 2 2 2 2 2 2 2 2 2 2 2 2 2 2 
2 2 7 2 5 2 2 2 2 2 2 2 2 2 2 2 2 2 2 2 
2 2 7 2 5 2 2 2 2 2 2 2 2 2 2 2 2 2 2 2 
2 2 7 2 2 5 2 2 2 2 2 2 2 2 2 2 2 2 2 2 
2 2 2 2 5 7 2 2 2 2 2 2 2 2 2 2 2 2 2 2 2 
2 2 2 2 2 5 2 2 2 2 2 2 2 2 2 2 2 2 2 2 
2 2 2 2 2 2 5 2 2 2 2 2 2 2 2 2 2 2 2 2 2 
2 2 2 2 5 2 2 2 2 2 2 2 2 2 2 2 2 2 2 
2 2 2 2 2 2 5 2 2 2 2 2 2 2 2 2 2 2 2 2 2 
2 2 2 2 5 2 2 2 2 2 2 2 2 2 2 2 2 2 2 2 
2 7 2 2 2 5 2 2 2 2 2 2 2 2 2 2 2 2 2 2 2 
2 2 2 2 5 2 2 2 2 2 2 2 2 2 2 2 2 2 2 
2 2 2 2 5 2 2 2 2 2 2 2 2 2 2 2 2 2 2 2 
7 2 2 2 5 2 2 2 2 2 2 2 2 2 2 2 2 2 2 2 
2 2 2 5 2 2 2 2 2 2 2 2 2 2 2 2 2 2 2 
2 2 2 2 5 2 2 2 2 2 2 2 2 2 2 2 2 2 2 2 
2 2 2 2 2 5 2 2 2 2 2 2 2 2 2 2 2 2 2 
2 2 2 2 2 5 2 2 2 2 2 2 2 2 2 2 2 2 2 
2 2 2 2 5 2 2 2 2 2 2 2 2 2 2 2 2 2 2 
2 2 2 2 2 7 2 2 2 2 2 2 2 2 2 2 2 2 2 
2 2 2 7 5 2 2 2 2 2 2 2 2 2 2 2 2 2 2 2 
2 2 2 2 7 2 5 2 2 2 2 2 2 2 2 2 2 2 2 2 2 
2 2 2 7 2 2 5 2 2 2 2 2 2 2 2 2 2 2 2 2 
2 2 2 2 7 2 2 5 2 2 2 2 2 2 2 2 2 2 2 2 2 
2 2 2 2 5 7 2 2 2 2 2 2 2 2 2 2 2 2 2 2 2 
2 0 2 2 2 2 7 5 2 2 2 2 2 2 2 2 2 2 2 2 2 2 
2 2 2 0 2 7 2 5 2 2 2 2 2 2 2 2 2 2 2 2 2 2 
0 2 2 2 7 2 2 5 2 2 2 2 2 2 2 2 2 2 2 2 2 
2 2 2 7 2 5 2 2 2 2 2 2 2 2 2 2 2 2 2 2 
2 2 2 2 2 5 2 2 2 2 2 2 2 2 2 2 2 2 2 
2 2 7 2 2 2 5 2 2 2 2 2 2 2 2 2 2 2 2 2 
2 2 7 5 2 2 2 2 2 2 2 2 2 2 2 2 2 2 2 
2 2 7 5 2 2 2 2 2 2 2 2 2 2 2 2 2 2 2 
2 2 2 7 5 2 2 2 2 2 2 2 2 2 2 2 2 2 2 2 
2 7 2 2 2 7 2 2 2 2 2 2 2 2 2 2 2 2 2 2 
7 2 2 7 2 2 2 2 2 2 2 2 2 2 2 2 2 2 2 2 2 
2 7 5 2 7 2 2 2 2 2 2 2 2 2 2 2 2 2 2 2 2 
7 2 5 7 2 2 2 2 2 2 2 2 2 2 2 2 2 2 2 2 2 
2 2 7 7 2 2 2 2 2 2 2 2 2 2 2 2 2 2 2 2 2 
2 2 7 7 2 2 2 2 2 2 2 2 2 2 2 2 2 2 2 2 2 
2 2 7 2 7 2 2 2 2 2 2 2 2 2 2 2 2 2 2 2 2 
2 2 2 7 2 7 2 2 2 2 2 2 2 2 2 2 2 2 2 2 2 2 
7 5 2 2 2 7 2 2 2 2 2 2 2 2 2 2 2 2 2 2 2 
2 5 2 2 7 2 2 2 2 2 2 2 2 2 2 2 2 2 2 2 
7 2 2 5 2 2 2 2 2 2 2 2 2 2 2 2 2 2 2 
7 5 2 2 2 2 2 2 2 2 2 2 2 2 2 2 2 2 2 
2 2 7 5 2 2 2 2 2 2 2 2 2 2 2 2 2 2 2 
2 7 5 2 2 2 2 2 2 2 2 2 2 2 2 2 2 2 2 
5 2 7 2 2 2 2 2 2 2 2 2 2 2 2 2 2 2 2 
2 2 2 2 2 5 2 7 2 2 2 2 2 2 2 2 2 2 2 2 2 2 
2 2 7 5 2 2 2 2 2 2 2 2 2 2 2 2 2 2 2 2 
2 2 7 5 2 2 2 2 2 2 2 2 2 2 2 2 2 2 2 2 
2 7 5 2 2 2 2 2 2 2 2 2 2 2 2 2 2 2 2 
2 5 7 2 2 2 2 2 2 2 2 2 2 2 2 2 2 2 2 
2 2 5 7 2 2 2 2 2 2 2 2 2 2 2 2 2 2 2 2 
2 5 7 2 2 2 2 2 2 2 2 2 2 2 2 2 2 2 2 
2 2 2 5 2 7 2 2 2 2 2 2 2 2 2 2 2 2 2 2 2 
2 2 2 5 2 7 2 2 2 2 2 2 2 2 2 2 2 2 2 2 2 2 
5 2 2 2 2 7 2 2 2 2 2 2 2 2 2 2 2 2 2 2 2 
2 2 5 2 2 7 2 2 2 2 2 2 2 2 2 2 2 2 2 2 2 
2 5 2 2 2 7 2 2 2 2 2 2 2 2 2 2 2 2 2 2 2 
2 2 2 2 7 2 2 2 2 2 2 2 2 2 2 2 2 2 2 2 
2 2 2 2 7 2 2 2 2 2 2 2 2 2 2 2 2 2 2 2 
2 2 2 2 2 7 2 2 2 2 2 2 2 2 2 2 2 2 2 2 
7 2 2 5 7 2 2 2 2 2 2 2 2 2 2 2 2 2 2 
2 7 2 2 2 5 2 2 2 2 2 2 2 2 2 2 2 2 2 2 2 
7 2 7 2 2 2 5 2 2 2 2 2 2 2 2 2 2 2 2 2 2 
2 7 2 2 2 5 2 2 2 2 2 2 2 2 2 2 2 2 2 2 2 
7 2 2 2 2 2 5 2 2 2 2 2 2 2 2 2 2 2 2 2 2 
2 2 7 2 2 2 5 2 2 2 2 2 2 2 2 2 2 2 2 2 2 
2 2 2 2 2 5 2 2 2 2 2 2 2 2 2 2 2 2 2 
2 2 2 2 2 5 2 2 2 2 2 2 2 2 2 2 2 2 2 
2 2 2 2 2 5 2 2 2 2 2 2 2 2 2 2 2 2 2 
2 2 2 2 2 2 5 2 2 2 2 2 2 2 2 2 2 2 2 
2 2 2 2 2 2 2 5 2 2 2 2 2 2 2 2 2 2 2 
2 2 2 2 2 5 2 2 2 2 2 2 2 2 2 2 2 2 2 
2 2 2 2 2 5 2 2 2 2 2 2 2 2 2 2 2 2 2 
2 2 2 2 2 5 2 2 2 2 2 2 2 2 2 2 2 2 2 
2 2 2 2 2 5 2 2 2 2 2 2 2 2 2 2 2 2 2 
7 2 2 2 2 2 7 2 2 2 2 2 2 2 2 2 2 2 2 2 
2 2 2 2 7 2 2 2 2 2 2 2 2 2 2 2 2 2 2 
2 2 2 2 2 2 7 2 2 2 2 2 2 2 2 2 2 2 2 2 
2 2 2 2 2 7 2 2 2 2 2 2 2 2 2 2 2 2 2 2 
2 2 2 2 7 2 2 2 2 2 2 2 2 2 2 2 2 2 2 
2 2 2 2 2 7 2 2 2 2 2 2 2 2 2 2 2 2 2 2 
2 2 5 2 2 2 7 2 2 2 2 2 2 2 2 2 2 2 2 2 2 
2 5 2 2 2 2 7 2 2 2 2 2 2 2 2 2 2 2 2 2 2 
2 2 5 2 2 2 2 2 7 2 2 2 2 2 2 2 2 2 2 2 2 
2 2 5 2 2 2 2 7 2 2 2 2 2 2 2 2 2 2 2 2 2 
2 5 2 2 2 2 2 7 2 2 2 2 2 2 2 2 2 2 2 2 2 
2 5 2 2 2 2 2 7 2 2 2 2 2 2 2 2 2 2 2 2 2 
2 5 2 2 2 2 2 7 2 2 2 2 2 2 2 2 2 2 2 2 2 
2 5 2 2 2 2 2 7 2 2 2 2 2 2 2 2 2 2 2 2 2 
2 2 2 5 2 2 2 7 2 2 2 2 2 2 2 2 2 2 2 2 2 
2 2 2 2 5 7 2 2 2 2 2 2 2 2 2 2 2 2 2 2 2 2 
2 2 2 7 2 2 2 5 2 2 2 2 2 2 2 2 2 2 2 2 2 2 
2 2 2 2 2 2 5 2 2 2 2 2 2 2 2 2 2 2 2 2 2 
2 2 2 7 2 2 2 5 2 2 2 2 2 2 2 2 2 2 2 2 2 2 
2 2 2 2 5 7 2 2 2 2 2 2 2 2 2 2 2 2 2 2 2 2 
2 2 2 5 2 2 7 2 2 2 2 2 2 2 2 2 2 2 2 2 2 2 
2 2 2 5 2 7 2 2 2 2 2 2 2 2 2 2 2 2 2 2 2 2 
2 2 2 5 2 2 7 2 2 2 2 2 2 2 2 2 2 2 2 2 2 2 2 
2 2 5 2 7 2 2 2 2 2 2 2 2 2 2 2 2 2 2 2 2 
2 2 5 2 7 2 2 2 2 2 2 2 2 2 2 2 2 2 2 2 2 
2 2 5 2 7 2 2 2 2 2 2 2 2 2 2 2 2 2 2 2 2 
2 2 5 7 2 2 2 2 2 2 2 2 2 2 2 2 2 2 2 2 2 
2 2 7 2 2 5 2 2 2 2 2 2 2 2 2 2 2 2 2 2 2 
2 7 2 2 2 5 2 2 2 2 2 2 2 2 2 2 2 2 2 2 2 
2 2 2 7 2 2 5 2 2 2 2 2 2 2 2 2 2 2 2 2 2 2 
2 2 2 2 2 7 2 2 2 2 2 2 2 2 2 2 2 2 2 
2 2 5 7 2 2 2 2 2 2 2 2 2 2 2 2 2 2 2 2 
2 2 2 5 7 2 2 2 2 2 2 2 2 2 2 2 2 2 2 2 2 
2 2 2 5 7 2 2 2 2 2 2 2 2 2 2 2 2 2 2 2 2 
2 2 2 7 2 2 5 2 2 2 2 2 2 2 2 2 2 2 2 2 2 
2 2 2 2 7 2 2 5 2 2 2 2 2 2 2 2 2 2 2 2 2 2 
2 2 2 7 2 2 2 5 2 2 2 2 2 2 2 2 2 2 2 2 2 2 
2 2 7 2 2 2 2 5 2 2 2 2 2 2 2 2 2 2 2 2 2 
2 2 2 7 2 2 2 5 2 2 2 2 2 2 2 2 2 2 2 2 2 2 
2 2 2 2 2 2 2 5 2 2 2 2 2 2 2 2 2 2 2 2 2 
2 2 2 2 7 2 2 2 5 2 2 2 2 2 2 2 2 2 2 2 2 2 
2 2 2 7 5 2 2 2 2 2 2 2 2 2 2 2 2 2 2 2 2 
2 2 2 7 5 2 2 2 2 2 2 2 2 2 2 2 2 2 2 2 2 
2 2 2 2 7 5 2 2 2 2 2 2 2 2 2 2 2 2 2 2 2 2 
2 2 7 5 2 2 2 2 2 2 2 2 2 2 2 2 2 2 2 2 
2 2 2 2 2 2 2 7 2 2 2 2 2 2 2 2 2 2 2 2 2 
5 2 2 2 7 2 2 2 2 2 2 2 2 2 2 2 2 2 2 2 
2 5 2 2 2 7 2 2 2 2 2 2 2 2 2 2 2 2 2 2 2 
2 2 2 2 7 2 2 2 2 2 2 2 2 2 2 2 2 2 2 2 
5 2 2 2 7 2 2 2 2 2 2 2 2 2 2 2 2 2 2 2 
5 2 2 2 7 2 2 2 2 2 2 2 2 2 2 2 2 2 2 2 
5 2 2 2 7 2 2 2 2 2 2 2 2 2 2 2 2 2 2 2 
2 2 2 7 2 2 2 2 2 2 2 2 2 2 2 2 2 2 2 
2 2 2 2 7 2 2 2 2 2 2 2 2 2 2 2 2 2 2 
2 2 2 2 7 2 2 2 2 2 2 2 2 2 2 2 2 2 2 
2 5 2 2 7 2 2 2 2 2 2 2 2 2 2 2 2 2 2 2 
5 2 2 2 7 2 2 2 2 2 2 2 2 2 2 2 2 2 2 2 
2 2 5 2 7 2 2 2 2 2 2 2 2 2 2 2 2 2 2 2 
2 2 5 2 7 2 2 2 2 2 2 2 2 2 2 2 2 2 2 2 
2 2 5 2 7 2 2 2 2 2 2 2 2 2 2 2 2 2 2 2 
2 2 2 5 2 2 7 2 2 2 2 2 2 2 2 2 2 2 2 2 
7 2 7 5 2 2 2 2 2 2 2 2 2 2 2 2 2 2 2 2 
7 5 2 2 2 2 7 2 2 2 2 2 2 2 2 2 2 2 2 2 
7 5 2 2 2 2 7 2 2 2 2 2 2 2 2 2 2 2 2 2 
5 7 2 2 2 7 2 2 2 2 2 2 2 2 2 2 2 2 2 2 
5 7 2 2 7 2 2 2 2 2 2 2 2 2 2 2 2 2 2 2 
2 5 7 2 2 7 2 2 2 2 2 2 2 2 2 2 2 2 2 2 2 
2 5 7 2 2 7 2 2 2 2 2 2 2 2 2 2 2 2 2 2 2 
2 5 2 7 7 2 2 2 2 2 2 2 2 2 2 2 2 2 2 2 2 
5 2 2 7 7 2 2 2 2 2 2 2 2 2 2 2 2 2 2 2 2 
5 2 5 2 7 7 2 2 2 2 2 2 2 2 2 2 2 2 2 2 2 2 
5 2 2 7 7 2 2 2 2 2 2 2 2 2 2 2 2 2 2 2 2 
2 7 5 2 2 2 7 2 2 2 2 2 2 2 2 2 2 2 2 2 2 
7 2 5 2 2 7 2 2 2 2 2 2 2 2 2 2 2 2 2 2 2 
7 2 2 5 2 2 7 2 2 2 2 2 2 2 2 2 2 2 2 2 2 
2 5 2 2 2 2 7 2 2 2 2 2 2 2 2 2 2 2 2 2 
2 2 2 7 5 7 2 2 2 2 2 2 2 2 2 2 2 2 2 2 
7 2 2 2 2 5 7 2 2 2 2 2 2 2 2 2 2 2 2 2 2 
2 2 2 2 5 7 2 2 2 2 2 2 2 2 2 2 2 2 2 2 
2 2 5 2 7 2 2 2 2 2 2 2 2 2 2 2 2 2 2 
2 2 5 2 7 2 2 2 2 2 2 2 2 2 2 2 2 2 2 
2 5 2 7 2 2 2 2 2 2 2 2 2 2 2 2 2 2 
5 2 2 2 7 2 2 2 2 2 2 2 2 2 2 2 2 2 2 
2 2 2 2 7 2 2 2 2 2 2 2 2 2 2 2 2 2 2 
2 2 2 2 7 2 2 2 2 2 2 2 2 2 2 2 2 2 2 
2 2 2 2 7 2 2 2 2 2 2 2 2 2 2 2 2 2 2 
2 2 2 2 7 2 2 2 2 2 2 2 2 2 2 2 2 2 2 
2 2 2 2 7 2 2 2 2 2 2 2 2 2 2 2 2 2 2 
2 2 7 2 2 2 2 2 2 2 2 2 2 2 2 2 2 2 
2 5 2 2 7 2 2 2 2 2 2 2 2 2 2 2 2 2 2 
2 2 2 7 2 2 2 2 2 2 2 2 2 2 2 2 2 
2 5 2 7 2 2 2 2 2 2 2 2 2 2 2 2 2 2 2 
2 5 2 7 2 2 2 2 2 2 2 2 2 2 2 2 2 2 2 
5 2 2 7 2 2 2 2 2 2 2 2 2 2 2 2 2 2 2 
5 2 2 7 2 2 2 2 2 2 2 2 2 2 2 2 2 2 2 
5 2 2 7 2 2 2 2 2 2 2 2 2 2 2 2 2 2 2 
2 7 2 5 2 2 2 2 2 2 2 2 2 2 2 2 2 2 2 
2 7 2 2 5 2 2 2 2 2 2 2 2 2 2 2 2 2 2 
2 7 5 2 2 2 2 2 2 2 2 2 2 2 2 2 2 2 2 
2 7 2 5 2 2 2 2 2 2 2 2 2 2 2 2 2 2 2 
2 7 2 5 2 2 2 2 2 2 2 2 2 2 2 2 2 2 2 
2 7 2 5 2 2 2 2 2 2 2 2 2 2 2 2 2 2 2 
2 7 2 5 2 2 2 2 2 2 2 2 2 2 2 2 2 2 2 
2 7 2 5 2 2 2 2 2 2 2 2 2 2 2 2 2 2 2 
2 2 7 2 5 2 2 2 2 2 2 2 2 2 2 2 2 2 2 2 
2 2 5 2 2 2 2 7 2 2 2 2 2 2 2 2 2 2 2 2 2 
2 2 2 2 2 2 7 2 2 2 2 2 2 2 2 2 2 2 2 2 
2 2 2 7 2 2 2 2 2 2 2 2 2 2 2 2 2 2 2 
2 2 2 2 7 2 2 2 2 2 2 2 2 2 2 2 2 2 2 2 
2 2 2 2 7 2 2 2 2 2 2 2 2 2 2 2 2 2 2 
2 2 2 2 2 2 2 7 2 2 2 2 2 2 2 2 2 2 2 2 
2 2 2 2 2 7 2 2 2 2 2 2 2 2 2 2 2 2 2 2 
2 2 2 2 2 2 2 7 2 2 2 2 2 2 2 2 2 2 2 2 2 
2 2 2 2 2 2 7 2 2 2 2 2 2 2 2 2 2 2 2 2 
2 2 2 2 2 2 7 2 2 2 2 2 2 2 2 2 2 2 2 2 
2 2 2 2 2 2 2 7 2 2 2 2 2 2 2 2 2 2 2 2 2 
2 2 2 2 2 2 7 2 2 2 2 2 2 2 2 2 2 2 2 2 
2 2 2 2 2 2 7 2 2 2 2 2 2 2 2 2 2 2 2 2 
2 2 2 2 2 2 7 2 2 2 2 2 2 2 2 2 2 2 2 2 
2 2 2 2 2 2 7 2 2 2 2 2 2 2 2 2 2 2 2 2 
2 2 2 5 7 2 2 2 2 2 2 2 2 2 2 2 2 2 
2 2 2 2 2 7 2 5 2 2 2 2 2 2 2 2 2 2 2 2 2 
2 2 2 2 2 5 2 2 7 2 2 2 2 2 2 2 2 2 2 2 2 
2 2 2 2 5 2 2 2 7 2 2 2 2 2 2 2 2 2 2 2 2 
2 2 2 2 5 7 2 2 2 2 2 2 2 2 2 2 2 2 2 2 
2 2 2 2 5 7 2 2 2 2 2 2 2 2 2 2 2 2 2 2 
2 2 2 2 2 7 2 2 5 2 2 2 2 2 2 2 2 2 2 2 2 
2 2 2 2 2 2 7 2 2 5 2 2 2 2 2 2 2 2 2 2 2 2 
2 2 2 2 5 7 2 2 2 2 2 2 2 2 2 2 2 2 2 2 2 2 
2 2 2 2 2 5 2 2 7 2 2 2 2 2 2 2 2 2 2 2 2 2 2 
2 2 2 2 2 2 2 7 5 2 2 2 2 2 2 2 2 2 2 2 2 2 2 
2 2 2 2 5 2 7 2 2 2 2 2 2 2 2 2 2 2 2 2 2 2 
2 2 5 2 2 7 2 2 2 2 2 2 2 2 2 2 2 2 2 2 
2 2 2 5 2 7 2 2 2 2 2 2 2 2 2 2 2 2 2 2 
2 2 2 5 2 7 2 2 2 2 2 2 2 2 2 2 2 2 2 2 
2 2 2 2 2 2 7 2 2 2 2 2 2 2 2 2 2 2 2 
2 2 2 5 7 2 2 2 2 2 2 2 2 2 2 2 2 2 2 2 
2 2 2 5 7 2 2 2 2 2 2 2 2 2 2 2 2 2 2 2 
2 2 2 5 7 2 2 2 2 2 2 2 2 2 2 2 2 2 2 2 
2 2 5 2 7 2 2 2 2 2 2 2 2 2 2 2 2 2 2 2 
2 2 5 2 7 2 2 2 2 2 2 2 2 2 2 2 2 2 2 2 
2 5 2 7 2 2 2 2 2 2 2 2 2 2 2 2 2 2 2 
2 2 5 2 7 2 2 2 2 2 2 2 2 2 2 2 2 2 2 2 
5 2 2 7 2 2 2 2 2 2 2 2 2 2 2 2 2 2 2 
2 2 7 2 2 2 2 2 2 2 2 2 2 2 2 2 2 2 
5 2 2 7 2 2 2 2 2 2 2 2 2 2 2 2 2 2 2 
5 2 2 2 7 2 2 2 2 2 2 2 2 2 2 2 2 2 2 2 
2 2 2 2 7 2 2 2 2 2 2 2 2 2 2 2 2 2 2 2 
5 2 2 2 2 2 7 2 2 2 2 2 2 2 2 2 2 2 2 2 2 
2 5 2 2 2 2 2 7 2 2 2 2 2 2 2 2 2 2 2 2 2 
2 7 2 2 2 2 2 7 2 2 2 2 2 2 2 2 2 2 2 2 
2 2 2 7 5 2 2 2 7 2 2 2 2 2 2 2 2 2 2 2 2 2 2 
2 2 7 2 5 2 2 7 2 2 2 2 2 2 2 2 2 2 2 2 2 2 
2 7 2 5 2 2 2 7 2 2 2 2 2 2 2 2 2 2 2 2 2 2 
7 2 2 2 5 2 2 7 2 2 2 2 2 2 2 2 2 2 2 2 2 2 
2 7 2 2 5 2 2 7 2 2 2 2 2 2 2 2 2 2 2 2 2 2 
7 2 5 2 2 2 7 2 2 2 2 2 2 2 2 2 2 2 2 2 2 
7 2 5 2 2 2 7 2 2 2 2 2 2 2 2 2 2 2 2 2 2 
2 7 2 5 2 7 2 2 2 2 2 2 2 2 2 2 2 2 2 2 2 
2 2 7 5 2 7 2 2 2 2 2 2 2 2 2 2 2 2 2 2 2 
2 2 7 5 2 7 2 2 2 2 2 2 2 2 2 2 2 2 2 2 2 
2 2 7 5 2 7 2 2 2 2 2 2 2 2 2 2 2 2 2 2 2 
2 2 7 2 2 5 7 2 2 2 2 2 2 2 2 2 2 2 2 2 2 2 
2 2 7 2 5 2 7 2 2 2 2 2 2 2 2 2 2 2 2 2 2 2 
2 7 2 2 5 7 2 2 2 2 2 2 2 2 2 2 2 2 2 2 2 
2 2 2 2 2 7 2 2 2 2 2 2 2 2 2 2 2 2 
2 2 2 2 2 5 2 2 2 7 2 2 2 2 2 2 2 2 2 2 2 2 2 2 
2 2 2 5 2 2 2 2 7 2 2 2 2 2 2 2 2 2 2 2 2 2 
2 2 2 5 2 2 2 2 7 2 2 2 2 2 2 2 2 2 2 2 2 2 
2 2 2 2 5 2 2 2 7 2 2 2 2 2 2 2 2 2 2 2 2 2 
2 2 2 5 2 7 2 2 2 2 2 2 2 2 2 2 2 2 2 2 2 
2 2 2 5 2 2 7 2 2 2 2 2 2 2 2 2 2 2 2 2 2 
5 2 2 2 2 2 7 2 2 2 2 2 2 2 2 2 2 2 2 2 
2 2 5 2 2 2 2 2 2 7 2 2 2 2 2 2 2 2 2 2 2 2 2 
2 2 2 2 5 2 2 2 2 7 2 2 2 2 2 2 2 2 2 2 2 2 2 
5 2 2 2 2 2 2 2 2 7 2 2 2 2 2 2 2 2 2 2 2 2 2 
5 2 2 2 2 2 2 2 2 7 2 2 2 2 2 2 2 2 2 2 2 2 2 
2 5 2 2 2 2 2 2 2 7 2 2 2 2 2 2 2 2 2 2 2 2 2 
2 2 5 2 2 2 2 2 2 7 2 2 2 2 2 2 2 2 2 2 2 2 2 2 
2 2 2 5 2 2 2 2 2 2 2 7 2 2 2 2 2 2 2 2 2 2 2 2 2 
2 2 2 2 2 2 2 7 2 2 2 2 2 2 2 2 2 2 2 2 2 
2 2 2 2 2 5 7 2 2 2 2 2 2 2 2 2 2 2 2 2 2 2 2 
2 2 2 2 2 7 2 2 2 2 2 2 2 2 2 2 2 2 2 2 2 2 
2 2 2 2 2 2 7 2 2 2 2 2 2 2 2 2 2 2 2 2 2 2 
2 2 5 2 7 2 2 2 2 2 2 2 2 2 2 2 2 2 2 2 2 
2 2 5 2 7 2 2 2 2 2 2 2 2 2 2 2 2 2 2 2 2 
2 2 2 5 2 7 2 2 2 2 2 2 2 2 2 2 2 2 2 2 2 2 
2 2 2 5 2 7 2 2 2 2 2 2 2 2 2 2 2 2 2 2 2 2 
2 2 2 5 2 2 7 2 2 2 2 2 2 2 2 2 2 2 2 2 2 2 2 
2 2 2 5 2 2 7 2 2 2 2 2 2 2 2 2 2 2 2 2 2 2 2 
2 2 5 2 2 7 2 2 2 2 2 2 2 2 2 2 2 2 2 2 2 2 
2 2 5 2 2 2 7 2 2 2 2 2 2 2 2 2 2 2 2 2 2 2 2 
2 2 5 2 2 2 2 7 2 2 2 2 2 2 2 2 2 2 2 2 2 2 2 2 
5 2 2 2 2 2 2 7 2 2 2 2 2 2 2 2 2 2 2 2 2 2 2 2 
2 2 2 2 2 2 7 2 2 2 2 2 2 2 2 2 2 2 2 2 2 2 2 
2 0 2 2 2 2 2 2 2 2 7 2 2 2 2 2 2 2 2 2 2 2 
2 2 2 5 7 2 2 2 2 2 2 2 2 2 2 2 2 2 2 2 2 
2 2 2 5 2 7 2 2 2 2 2 2 2 2 2 2 2 2 2 2 2 
2 2 2 5 2 7 2 2 2 2 2 2 2 2 2 2 2 2 2 2 2 
2 2 5 2 2 7 2 2 2 2 2 2 2 2 2 2 2 2 2 2 
2 2 2 5 7 2 2 2 2 2 2 2 2 2 2 2 2 2 2 2 
2 2 5 2 2 7 2 2 2 2 2 2 2 2 2 2 2 2 2 2 
2 5 2 2 2 7 2 2 2 2 2 2 2 2 2 2 2 2 2 2 2 
2 2 2 2 2 7 2 2 2 2 2 2 2 2 2 2 2 2 2 
2 2 2 2 7 2 2 2 2 2 2 2 2 2 2 2 2 2 
2 2 2 2 2 7 2 2 2 2 2 2 2 2 2 2 2 2 2 
2 2 2 2 7 2 2 2 2 2 2 2 2 2 2 2 2 2 
2 2 2 2 7 2 2 2 2 2 2 2 2 2 2 2 2 2 
2 2 2 7 2 2 2 2 2 2 2 2 2 2 2 2 2 
5 2 2 7 2 2 2 2 2 2 2 2 2 2 2 2 2 2 
2 2 2 2 2 7 2 2 2 2 2 2 2 2 2 2 2 2 
2 2 2 2 2 7 2 2 2 2 2 2 2 2 2 2 2 2 2 
2 2 2 2 2 2 7 2 2 2 2 2 2 2 2 2 2 2 2 2 
2 2 2 2 2 2 2 2 7 2 2 2 2 2 2 2 2 2 2 2 2 
2 2 2 2 2 2 2 7 2 2 2 2 2 2 2 2 2 2 2 2 
2 2 2 2 2 2 2 7 2 2 2 2 2 2 2 2 2 2 2 2 
2 2 2 2 2 2 2 2 7 2 2 2 2 2 2 2 2 2 2 2 2 
2 2 2 2 2 2 2 2 7 2 2 2 2 2 2 2 2 2 2 2 2 
2 2 2 2 2 2 2 7 2 2 2 2 2 2 2 2 2 2 2 2 2 
2 2 2 2 2 2 2 7 2 2 2 2 2 2 2 2 2 2 2 2 2 
2 2 2 2 2 2 2 2 7 2 2 2 2 2 2 2 2 2 2 2 2 2 
2 2 2 2 2 2 2 7 2 2 2 2 2 2 2 2 2 2 2 2 2 
2 2 2 2 2 2 2 2 7 2 2 2 2 2 2 2 2 2 2 2 2 
2 2 2 2 2 2 2 2 2 7 2 2 2 2 2 2 2 2 2 2 2 2 
2 2 2 2 2 2 2 2 7 2 2 2 2 2 2 2 2 2 2 2 2 
2 2 2 2 2 2 2 7 2 2 2 2 2 2 2 2 2 2 2 2 
2 2 2 2 2 2 2 7 2 2 2 2 2 2 2 2 2 2 2 2 
2 2 2 2 2 2 7 2 2 2 2 2 2 2 2 2 2 2 2 
2 2 2 2 2 2 2 7 2 2 2 2 2 2 2 2 2 2 2 2 
2 2 2 2 2 2 7 2 2 2 2 2 2 2 2 2 2 2 2 2 
2 2 2 2 2 7 2 2 2 2 2 2 2 2 2 2 2 2 2 
2 2 2 2 2 2 2 7 2 2 2 2 2 2 2 2 2 2 2 2 2 
2 2 2 2 2 2 2 7 2 2 2 2 2 2 2 2 2 2 2 2 2 
2 2 2 2 2 2 2 2 2 7 2 2 2 2 2 2 2 2 2 2 2 2 2 
2 2 2 2 2 2 2 2 7 2 2 2 2 2 2 2 2 2 2 2 2 2 
2 2 2 2 2 2 2 7 2 2 2 2 2 2 2 2 2 2 2 2 2 2 
2 2 2 2 2 2 7 2 2 2 2 2 2 2 2 2 2 2 2 2 2 
2 2 2 2 2 2 7 2 2 2 2 2 2 2 2 2 2 2 2 2 2 
2 2 2 2 2 7 2 2 2 2 2 2 2 2 2 2 2 2 2 2 2 
2 2 2 2 2 7 2 2 2 2 2 2 2 2 2 2 2 2 2 2 2 
7 2 2 2 2 2 2 2 2 7 2 2 2 2 2 2 2 2 2 2 2 2 
7 2 2 2 2 7 2 2 2 2 2 2 2 2 2 2 2 2 2 2 2 2 
2 2 2 2 2 2 2 2 2 7 2 2 2 2 2 2 2 2 2 2 2 2 2 2 
2 2 2 2 2 2 7 2 2 2 2 2 2 2 2 2 2 2 2 2 2 2 
2 2 2 2 2 2 2 7 2 2 2 2 2 2 2 2 2 2 2 2 2 2 2 
2 2 2 2 2 2 7 2 2 2 2 2 2 2 2 2 2 2 2 2 2 2 
2 7 2 2 7 2 2 2 2 2 2 2 2 2 2 2 2 2 2 2 2 2 2 
7 2 2 2 7 2 2 2 2 2 2 2 2 2 2 2 2 2 2 2 2 2 
2 2 2 7 2 2 2 2 2 2 2 2 2 2 2 2 2 2 2 2 2 2 
2 2 2 7 2 2 2 2 2 2 2 2 2 2 2 2 2 2 2 2 2 2 
2 2 2 2 2 7 2 2 2 2 2 2 2 2 2 2 2 2 2 2 2 
2 2 7 2 2 2 2 2 2 2 2 2 2 2 2 2 2 2 2 2 2 2 
2 2 7 2 2 2 2 2 2 2 2 2 2 2 2 2 2 2 2 2 2 
2 2 2 2 2 7 2 2 2 2 2 2 2 2 2 2 2 2 2 2 2 2 
2 5 2 2 2 7 2 2 2 2 2 2 2 2 2 2 2 2 2 2 2 2 2 
7 2 2 2 2 2 7 2 2 2 2 2 2 2 2 2 2 2 2 2 
2 7 5 2 2 2 2 2 7 2 2 2 2 2 2 2 2 2 2 2 2 2 2 2 
7 2 2 5 2 2 7 2 2 2 2 2 2 2 2 2 2 2 2 2 2 2 2 2 
2 7 5 2 2 2 2 7 2 2 2 2 2 2 2 2 2 2 2 2 2 2 2 2 
2 7 2 2 2 2 7 2 2 2 2 2 2 2 2 2 2 2 2 2 2 2 2 
7 2 2 2 2 2 7 2 2 2 2 2 2 2 2 2 2 2 2 2 2 2 2 
7 2 2 2 2 2 7 2 2 2 2 2 2 2 2 2 2 2 2 2 2 2 2 
7 2 2 2 2 7 2 2 2 2 2 2 2 2 2 2 2 2 2 2 2 2 2 
2 7 2 2 2 2 7 2 2 2 2 2 2 2 2 2 2 2 2 2 2 2 2 
2 7 2 2 2 2 7 2 2 2 2 2 2 2 2 2 2 2 2 2 2 2 2 
2 7 2 7 2 2 2 2 2 2 2 2 2 2 2 2 2 2 2 2 2 2 2 
2 7 2 2 2 2 7 2 2 2 2 2 2 2 2 2 2 2 2 2 2 2 2 2 
2 2 7 7 2 2 2 2 2 2 2 2 2 2 2 2 2 2 2 2 2 2 2 2 
2 7 2 7 2 2 2 2 2 2 2 2 2 2 2 2 2 2 2 2 2 2 2 
2 2 7 7 2 2 2 2 2 2 2 2 2 2 2 2 2 2 2 2 2 2 2 
7 2 2 2 2 2 2 2 2 7 2 2 2 2 2 2 2 2 2 2 2 2 
7 2 2 2 7 2 2 2 2 2 2 2 2 2 2 2 2 2 2 2 2 
2 7 2 2 7 2 2 2 2 2 2 2 2 2 2 2 2 2 2 2 2 2 
2 2 7 2 7 2 2 2 2 2 2 2 2 2 2 2 2 2 2 2 2 2 2 
2 2 7 2 2 2 2 2 2 2 2 2 2 2 2 2 2 2 2 2 
2 2 7 2 2 2 2 2 2 2 2 2 2 2 2 2 2 2 2 2 
2 2 2 2 7 2 2 2 2 2 2 2 2 2 2 2 2 2 2 2 2 2 
2 2 2 7 2 2 2 2 2 2 2 2 2 2 2 2 2 2 2 2 2 
7 2 2 7 2 2 2 2 2 2 2 2 2 2 2 2 2 2 2 2 2 
2 2 7 2 2 2 2 2 2 2 2 2 2 2 2 2 2 2 2 2 
2 2 2 7 2 2 2 2 2 2 2 2 2 2 2 2 2 2 2 2 
2 2 2 7 2 2 2 2 2 2 2 2 2 2 2 2 2 2 2 2 
2 2 2 7 2 2 2 2 2 2 2 2 2 2 2 2 2 2 2 2 2 
2 2 7 2 2 2 2 2 2 2 2 2 2 2 2 2 2 2 2 2 2 
2 2 7 2 2 2 2 2 2 2 2 2 2 2 2 2 2 2 2 2 2 
2 7 2 2 2 7 2 2 2 2 2 2 2 2 2 2 2 2 2 2 
7 2 2 2 2 7 2 2 2 2 2 2 2 2 2 2 2 2 2 2 2 2 
2 7 2 2 7 2 2 2 2 2 2 2 2 2 2 2 2 2 2 2 2 2 
7 5 2 2 7 2 2 2 2 2 2 2 2 2 2 2 2 2 2 2 2 2 
2 7 2 2 2 7 2 2 2 2 2 2 2 2 2 2 2 2 2 2 2 2 
2 2 7 2 2 7 2 2 2 2 2 2 2 2 2 2 2 2 2 2 2 2 
5 2 7 2 2 2 2 7 2 2 2 2 2 2 2 2 2 2 2 2 2 2 2 
5 2 7 2 2 7 2 2 2 2 2 2 2 2 2 2 2 2 2 2 2 2 
5 2 2 7 2 2 7 2 2 2 2 2 2 2 2 2 2 2 2 2 2 2 2 
5 2 7 2 2 7 2 2 2 2 2 2 2 2 2 2 2 2 2 2 2 2 
2 7 2 2 7 2 2 2 2 2 2 2 2 2 2 2 2 2 2 2 2 
2 2 7 2 7 2 2 2 2 2 2 2 2 2 2 2 2 2 2 2 2 
2 2 7 2 2 7 2 2 2 2 2 2 2 2 2 2 2 2 2 2 2 
2 7 2 2 2 7 2 2 2 2 2 2 2 2 2 2 2 2 2 2 2 
2 7 2 2 2 7 2 2 2 2 2 2 2 2 2 2 2 2 2 2 2 
2 5 2 2 7 2 2 2 2 2 2 2 2 2 2 2 2 2 2 2 
7 2 2 2 2 5 2 2 2 2 2 2 2 2 2 2 2 2 2 2 2 
7 2 2 2 2 5 2 2 2 2 2 2 2 2 2 2 2 2 2 2 2 
2 7 2 2 2 5 2 2 2 2 2 2 2 2 2 2 2 2 2 2 2 
2 2 5 2 7 2 2 2 2 2 2 2 2 2 2 2 2 2 2 2 2 2 
2 5 7 2 2 2 2 2 2 2 2 2 2 2 2 2 2 2 2 2 2 2 
2 5 7 2 2 2 2 2 2 2 2 2 2 2 2 2 2 2 2 2 2 2 
2 5 2 2 7 2 2 2 2 2 2 2 2 2 2 2 2 2 2 2 2 2 
5 7 2 2 2 2 2 2 2 2 2 2 2 2 2 2 2 2 2 2 2 
5 7 2 2 2 2 2 2 2 2 2 2 2 2 2 2 2 2 2 2 2 
7 2 5 2 2 2 2 2 2 2 2 2 2 2 2 2 2 2 2 2 2 
7 2 5 2 2 2 2 2 2 2 2 2 2 2 2 2 2 2 2 2 2 
5 2 7 2 2 2 2 2 2 2 2 2 2 2 2 2 2 2 2 2 2 
5 2 2 7 2 2 2 2 2 2 2 2 2 2 2 2 2 2 2 2 2 2 
5 2 2 7 2 2 2 2 2 2 2 2 2 2 2 2 2 2 2 2 2 2 
2 2 2 2 7 2 2 2 2 2 2 2 2 2 2 2 2 2 2 
2 2 2 2 2 7 2 2 2 2 2 2 2 2 2 2 2 2 2 2 
2 2 2 2 2 7 2 2 2 2 2 2 2 2 2 2 2 2 2 2 
2 2 2 2 2 7 2 2 2 2 2 2 2 2 2 2 2 2 2 2 
2 2 2 2 2 7 2 2 2 2 2 2 2 2 2 2 2 2 2 2 
2 2 2 2 2 2 7 2 2 2 2 2 2 2 2 2 2 2 2 2 2 
2 2 2 2 2 2 7 2 2 2 2 2 2 2 2 2 2 2 2 2 2 
2 2 2 2 2 2 7 2 2 2 2 2 2 2 2 2 2 2 2 2 2 
2 2 2 2 2 2 7 2 2 2 2 2 2 2 2 2 2 2 2 2 2 
2 2 2 2 2 7 2 2 2 2 2 2 2 2 2 2 2 2 2 2 2 
2 2 2 2 2 7 2 2 2 2 2 2 2 2 2 2 2 2 2 2 2 
2 2 2 2 7 2 2 2 2 2 2 2 2 2 2 2 2 2 2 2 2 
2 7 2 2 2 2 2 2 2 2 2 2 2 2 2 2 2 2 2 2 2 
2 2 7 2 2 2 2 2 2 2 2 2 2 2 2 2 2 2 2 2 2 
2 2 2 7 2 2 2 2 2 2 2 2 2 2 2 2 2 2 2 2 2 
2 2 2 2 2 2 7 2 2 2 2 2 2 2 2 2 2 2 2 2 
2 2 2 2 7 2 2 2 2 2 2 2 2 2 2 2 2 2 2 2 2 
2 2 2 2 2 7 2 2 2 2 2 2 2 2 2 2 2 2 2 2 2 
2 2 2 2 2 2 7 2 2 2 2 2 2 2 2 2 2 2 2 2 2 2 
2 2 2 2 7 2 2 2 2 2 2 2 2 2 2 2 2 2 2 2 2 
2 2 2 2 2 7 2 2 2 2 2 2 2 2 2 2 2 2 2 2 2 
2 2 2 2 2 7 2 2 2 2 2 2 2 2 2 2 2 2 2 2 2 
2 2 2 2 2 2 7 2 2 2 2 2 2 2 2 2 2 2 2 2 2 2 
2 5 2 2 2 2 7 2 2 2 2 2 2 2 2 2 2 2 2 2 2 2 2 
2 2 2 2 2 7 2 2 2 2 2 2 2 2 2 2 2 2 2 2 2 2 
7 2 5 2 2 2 2 7 2 2 2 2 2 2 2 2 2 2 2 2 2 2 2 2 
7 2 5 2 2 2 2 2 7 2 2 2 2 2 2 2 2 2 2 2 2 2 2 2 
5 2 2 2 2 2 2 7 2 2 2 2 2 2 2 2 2 2 2 2 2 2 2 
2 2 2 5 2 2 2 2 7 2 2 2 2 2 2 2 2 2 2 2 2 2 2 2 
5 2 2 2 2 2 2 7 2 2 2 2 2 2 2 2 2 2 2 2 2 2 2 
2 2 2 7 5 2 7 2 2 2 2 2 2 2 2 2 2 2 2 2 2 2 
2 2 2 2 2 7 2 2 2 2 2 2 2 2 2 2 2 2 2 2 2 2 
2 2 2 2 2 7 2 2 2 2 2 2 2 2 2 2 2 2 2 2 2 2 
2 2 2 2 7 2 2 2 2 2 2 2 2 2 2 2 2 2 2 2 2 2 
2 2 2 2 7 2 2 2 2 2 2 2 2 2 2 2 2 2 2 2 2 2 
2 2 2 2 7 2 2 2 2 2 2 2 2 2 2 2 2 2 2 2 2 2 
2 2 2 7 2 2 2 2 2 2 2 2 2 2 2 2 2 2 2 2 2 2 
2 2 2 7 2 2 2 2 2 2 2 2 2 2 2 2 2 2 2 2 2 2 
2 2 2 7 2 2 2 2 2 2 2 2 2 2 2 2 2 2 2 2 2 2 
2 2 2 2 7 2 2 2 2 2 2 2 2 2 2 2 2 2 2 2 2 2 
2 2 2 2 7 2 2 2 2 2 2 2 2 2 2 2 2 2 2 2 2 2 
2 2 2 2 7 2 2 2 2 2 2 2 2 2 2 2 2 2 2 2 2 2 
2 2 2 2 2 7 2 2 2 2 2 2 2 2 2 2 2 2 2 2 2 2 
2 2 2 2 2 7 2 2 2 2 2 2 2 2 2 2 2 2 2 2 2 2 
2 2 2 2 2 7 2 2 2 2 2 2 2 2 2 2 2 2 2 2 2 2 
2 2 2 2 2 7 2 2 2 2 2 2 2 2 2 2 2 2 2 2 
2 2 5 2 7 2 2 2 2 2 2 2 2 2 2 2 2 2 2 2 2 
2 5 2 2 7 2 2 2 2 2 2 2 2 2 2 2 2 2 2 2 2 
5 2 2 2 2 2 7 2 2 2 2 2 2 2 2 2 2 2 2 2 2 2 2 
5 2 2 2 7 2 2 2 2 2 2 2 2 2 2 2 2 2 2 2 2 
5 2 2 2 7 2 2 2 2 2 2 2 2 2 2 2 2 2 2 2 2 
2 2 5 2 7 2 2 2 2 2 2 2 2 2 2 2 2 2 2 2 2 
2 2 5 2 7 2 2 2 2 2 2 2 2 2 2 2 2 2 2 2 2 
2 5 2 7 2 2 2 2 2 2 2 2 2 2 2 2 2 2 2 2 
5 2 2 7 2 2 2 2 2 2 2 2 2 2 2 2 2 2 2 2 
5 2 2 7 2 2 2 2 2 2 2 2 2 2 2 2 2 2 2 2 
5 2 2 7 2 2 2 2 2 2 2 2 2 2 2 2 2 2 2 2 
5 2 2 7 2 2 2 2 2 2 2 2 2 2 2 2 2 2 2 2 
2 2 5 2 7 2 2 2 2 2 2 2 2 2 2 2 2 2 2 2 2 
2 2 5 2 7 2 2 2 2 2 2 2 2 2 2 2 2 2 2 2 2 
2 2 2 2 2 2 7 2 2 2 2 2 2 2 2 2 2 2 2 2 
2 2 2 5 2 2 2 7 2 2 2 2 2 2 2 2 2 2 2 2 2 2 2 
2 2 2 2 5 2 7 2 2 2 2 2 2 2 2 2 2 2 2 2 2 2 2 
2 2 2 7 2 5 2 2 2 2 2 2 2 2 2 2 2 2 2 2 2 2 
2 2 2 2 5 2 7 2 2 2 2 2 2 2 2 2 2 2 2 2 2 2 
2 2 2 2 5 2 7 2 2 2 2 2 2 2 2 2 2 2 2 2 2 2 
2 2 2 2 5 7 2 2 2 2 2 2 2 2 2 2 2 2 2 2 2 2 
2 2 2 2 5 7 2 2 2 2 2 2 2 2 2 2 2 2 2 2 2 2 
2 2 2 2 5 7 2 2 2 2 2 2 2 2 2 2 2 2 2 2 2 2 
2 2 5 7 2 2 2 2 2 2 2 2 2 2 2 2 2 2 2 2 
2 7 2 5 7 2 2 2 2 2 2 2 2 2 2 2 2 2 2 2 2 
7 2 7 5 2 2 2 2 2 2 2 2 2 2 2 2 2 2 2 2 
2 2 7 5 2 2 2 2 2 2 2 2 2 2 2 2 2 2 2 2 
2 2 7 5 2 2 2 2 2 2 2 2 2 2 2 2 2 2 2 2 
2 2 7 2 5 2 2 2 2 2 2 2 2 2 2 2 2 2 2 2 
0 2 2 2 2 2 5 2 2 2 2 2 2 2 2 2 2 2 2 2 
2 2 2 2 5 2 2 2 2 2 2 2 2 2 2 2 2 2 2 
2 2 2 2 2 5 2 2 2 2 2 2 2 2 2 2 2 2 2 2 
2 2 2 2 5 2 2 2 2 2 2 2 2 2 2 2 2 2 2 
2 2 2 2 2 5 2 2 2 2 2 2 2 2 2 2 2 2 2 2 
2 2 2 5 2 2 2 2 2 2 2 2 2 2 2 2 2 2 2 
0 2 2 2 5 2 2 2 2 2 2 2 2 2 2 2 2 2 2 2 
0 2 2 5 2 2 2 2 2 2 2 2 2 2 2 2 2 2 2 
0 2 2 5 2 2 2 2 2 2 2 2 2 2 2 2 2 2 2 
0 2 2 5 2 2 2 2 2 2 2 2 2 2 2 2 2 2 2 
2 0 2 2 5 2 2 2 2 2 2 2 2 2 2 2 2 2 2 2 
0 2 2 5 2 2 2 2 2 2 2 2 2 2 2 2 2 2 2 
0 2 2 5 2 2 2 2 2 2 2 2 2 2 2 2 2 2 2 
2 0 2 2 2 5 2 2 2 2 2 2 2 2 2 2 2 2 2 2 
2 2 0 2 2 2 5 2 2 2 2 2 2 2 2 2 2 2 2 2 2 
2 2 2 0 2 5 2 2 2 2 2 2 2 2 2 2 2 2 2 2 
0 2 7 2 2 5 2 2 2 2 2 2 2 2 2 2 2 2 2 2 2 
0 2 7 2 2 5 2 2 2 2 2 2 2 2 2 2 2 2 2 2 2 
0 2 7 2 2 5 2 2 2 2 2 2 2 2 2 2 2 2 2 2 2 
0 2 7 2 2 5 2 2 2 2 2 2 2 2 2 2 2 2 2 2 2 
0 2 7 2 5 2 2 2 2 2 2 2 2 2 2 2 2 2 2 2 2 
2 2 0 7 5 2 2 2 2 2 2 2 2 2 2 2 2 2 2 2 2 2 
2 7 0 5 2 2 2 2 2 2 2 2 2 2 2 2 2 2 2 2 2 
2 2 5 7 0 2 2 2 2 2 2 2 2 2 2 2 2 2 2 2 2 2 
2 0 5 7 2 2 2 2 2 2 2 2 2 2 2 2 2 2 2 2 2 
2 5 0 7 2 2 2 2 2 2 2 2 2 2 2 2 2 2 2 2 2 
2 2 5 0 7 2 2 2 2 2 2 2 2 2 2 2 2 2 2 2 2 2 
2 2 0 5 7 2 2 2 2 2 2 2 2 2 2 2 2 2 2 2 2 2 
2 2 2 0 5 2 7 2 2 2 2 2 2 2 2 2 2 2 2 2 2 2 2 
2 2 0 5 7 2 2 2 2 2 2 2 2 2 2 2 2 2 2 2 2 2 
2 7 7 2 2 0 5 2 2 2 2 2 2 2 2 2 2 2 2 2 2 
2 2 7 2 0 2 2 5 2 2 2 2 2 2 2 2 2 2 2 2 2 2 
2 2 2 7 0 2 5 2 2 2 2 2 2 2 2 2 2 2 2 2 2 2 
2 2 2 7 0 2 5 2 2 2 2 2 2 2 2 2 2 2 2 2 2 2 
2 2 7 2 0 2 2 5 2 2 2 2 2 2 2 2 2 2 2 2 2 2 
2 2 7 0 2 2 5 2 2 2 2 2 2 2 2 2 2 2 2 2 2 2 
2 0 2 7 2 2 5 2 2 2 2 2 2 2 2 2 2 2 2 2 2 2 
2 2 7 0 2 2 5 2 2 2 2 2 2 2 2 2 2 2 2 2 2 2 
0 2 2 2 7 2 2 5 2 2 2 2 2 2 2 2 2 2 2 2 2 2 2 
2 2 7 2 2 2 0 5 2 2 2 2 2 2 2 2 2 2 2 2 2 2 2 
2 2 7 2 2 2 0 5 2 2 2 2 2 2 2 2 2 2 2 2 2 2 2 
2 2 2 2 2 7 2 5 2 0 2 2 2 2 2 2 2 2 2 2 2 2 2 2 
2 2 2 2 2 7 5 2 0 2 2 2 2 2 2 2 2 2 2 2 2 2 2 2 
2 2 2 2 2 5 7 2 0 2 2 2 2 2 2 2 2 2 2 2 2 2 2 2 
2 2 2 5 7 2 0 2 2 2 2 2 2 2 2 2 2 2 2 2 2 2 2 2 
7 2 2 2 7 0 2 5 2 2 2 2 2 2 2 2 2 2 2 2 2 2 2 
0 7 2 2 2 5 0 7 2 2 2 2 2 2 2 2 2 2 2 2 2 2 2 2 
7 2 2 0 0 2 5 7 2 2 2 2 2 2 2 2 2 2 2 2 2 2 2 2 
7 2 2 0 7 5 2 0 2 2 2 2 2 2 2 2 2 2 2 2 2 2 2 2 
2 2 2 0 7 2 0 2 5 2 2 2 2 2 2 2 2 2 2 2 2 2 2 2 
0 2 2 7 5 0 2 2 2 2 2 2 2 2 2 2 2 2 2 2 2 2 2 
7 2 0 2 2 0 7 5 2 2 2 2 2 2 2 2 2 2 2 2 2 2 2 2 2 
7 2 2 7 5 0 2 2 2 2 2 2 2 2 2 2 2 2 2 2 2 2 2 
2 0 2 2 7 0 5 2 2 2 2 2 2 2 2 2 2 2 2 2 2 2 2 2 
2 2 2 2 0 7 5 2 2 2 2 2 2 2 2 2 2 2 2 2 2 2 2 2 
2 2 2 7 0 5 2 2 2 2 2 2 2 2 2 2 2 2 2 2 2 2 2 
2 2 7 5 2 2 0 2 2 2 2 2 2 2 2 2 2 2 2 2 2 2 
2 2 2 2 7 5 2 2 0 2 2 2 2 2 2 2 2 2 2 2 2 2 2 2 
7 2 2 2 7 5 2 2 0 2 2 2 2 2 2 2 2 2 2 2 2 2 2 2 
2 2 2 7 5 2 2 0 2 2 2 2 2 2 2 2 2 2 2 2 2 2 2 
2 2 2 0 7 5 0 2 2 2 2 2 2 2 2 2 2 2 2 2 2 2 2 
0 5 2 2 7 2 0 2 2 2 2 2 2 2 2 2 2 2 2 2 2 2 
2 2 0 2 2 7 2 0 2 2 2 2 2 2 2 2 2 2 2 2 2 2 2 
2 5 2 2 0 7 0 2 2 2 2 2 2 2 2 2 2 2 2 2 2 2 2 
5 2 2 0 2 0 7 2 2 2 2 2 2 2 2 2 2 2 2 2 2 2 2 
5 0 2 2 2 0 7 2 2 2 2 2 2 2 2 2 2 2 2 2 2 2 2 
5 2 0 2 2 0 0 7 2 2 2 2 2 2 2 2 2 2 2 2 2 2 2 2 
2 2 0 2 2 0 7 2 2 2 2 2 2 2 2 2 2 2 2 2 2 2 2 
0 2 2 2 2 2 0 7 2 2 2 2 2 2 2 2 2 2 2 2 2 2 2 2 
0 2 2 2 2 0 7 2 2 2 2 2 2 2 2 2 2 2 2 2 2 2 2 
2 5 0 2 2 2 0 7 2 2 2 2 2 2 2 2 2 2 2 2 2 2 2 2 
2 2 2 5 2 7 0 2 2 2 2 2 2 2 2 2 2 2 2 2 2 2 2 
2 7 5 2 0 2 0 7 2 2 2 2 2 2 2 2 2 2 2 2 2 2 2 2 2 
0 2 7 5 2 0 2 0 7 2 2 2 2 2 2 2 2 2 2 2 2 2 2 2 2 2 
5 7 2 2 7 2 0 2 2 2 2 2 2 2 2 2 2 2 2 2 2 2 2 
2 0 2 5 2 0 2 2 2 5 2 2 2 2 2 2 2 2 2 2 2 2 2 
2 7 0 2 7 2 5 2 2 2 2 2 2 2 2 2 2 2 2 2 2 2 2 
2 7 2 7 0 2 5 2 2 2 2 2 2 2 2 2 2 2 2 2 2 2 2 
7 2 5 7 2 0 2 2 5 2 2 2 2 2 2 2 2 2 2 2 2 2 2 2 
7 2 2 5 7 2 0 2 5 2 2 2 2 2 2 2 2 2 2 2 2 2 2 2 
7 2 5 2 7 2 0 2 5 2 2 2 2 2 2 2 2 2 2 2 2 2 2 2 
7 2 5 7 2 2 5 2 2 0 2 2 2 2 2 2 2 2 2 2 2 2 2 2 
2 5 0 7 2 5 2 2 2 2 2 2 2 2 2 2 2 2 2 2 2 2 2 
2 0 5 7 2 2 5 2 2 2 2 2 2 2 2 2 2 2 2 2 2 2 2 
2 0 5 2 2 7 5 2 2 2 2 2 2 2 2 2 2 2 2 2 2 2 2 
2 2 5 2 7 2 5 0 2 2 2 2 2 2 2 2 2 2 2 2 2 2 2 2 
0 2 2 5 2 7 2 0 5 2 2 2 2 2 2 2 2 2 2 2 2 2 2 2 2 
2 0 2 5 7 2 2 2 5 0 2 2 2 2 2 2 2 2 2 2 2 2 2 2 2 
2 2 5 7 2 2 2 0 5 2 2 2 2 2 2 2 2 2 2 2 2 2 2 2 
2 2 5 2 7 2 2 0 2 5 2 2 2 2 2 2 2 2 2 2 2 2 2 2 
0 7 2 5 2 2 2 2 0 2 5 2 2 2 2 2 2 2 2 2 2 2 2 
7 0 2 2 2 2 2 0 2 2 5 2 2 2 2 2 2 2 2 2 2 2 2 
2 0 7 2 2 0 2 2 5 2 2 2 2 2 2 2 2 2 2 2 2 2 2 
2 0 7 0 2 2 2 2 5 2 2 2 2 2 2 2 2 2 2 2 2 2 2 
7 0 7 2 2 0 2 5 2 2 2 2 2 2 2 2 2 2 2 2 2 2 2 
0 7 7 2 0 2 5 2 2 2 2 2 2 2 2 2 2 2 2 2 2 2 2 
7 5 7 2 0 2 2 2 2 2 2 2 2 2 2 2 2 2 2 2 2 2 
7 2 5 2 7 2 0 2 2 2 2 2 2 2 2 2 2 2 2 2 2 2 2 
2 7 5 2 2 0 7 2 2 2 2 2 2 2 2 2 2 2 2 2 2 2 2 
7 2 0 5 2 2 2 7 2 2 2 2 2 2 2 2 2 2 2 2 2 2 2 
7 2 0 5 2 2 7 2 2 2 2 2 2 2 2 2 2 2 2 2 2 2 2 
7 2 0 2 2 7 2 2 2 2 2 2 2 2 2 2 2 2 2 2 2 2 
2 5 2 7 0 2 2 2 2 7 2 2 2 2 2 2 2 2 2 2 2 2 2 
7 2 5 2 2 0 7 2 2 2 2 2 2 2 2 2 2 2 2 2 2 2 
2 7 2 5 0 2 2 2 7 2 2 2 2 2 2 2 2 2 2 2 2 2 2 
2 2 2 7 2 5 2 0 2 2 2 2 2 2 2 2 2 2 2 2 2 2 2 
2 2 2 7 5 2 0 7 2 2 2 2 2 2 2 2 2 2 2 2 2 2 2 2 
2 7 2 2 5 7 0 2 2 2 2 2 2 2 2 2 2 2 2 2 2 2 2 
2 7 2 5 2 7 2 0 2 2 2 2 2 2 2 2 2 2 2 2 2 2 2 
2 7 2 2 0 7 5 2 2 2 2 2 2 2 2 2 2 2 2 2 2 2 2 
0 2 7 2 2 5 7 2 0 2 2 2 2 2 2 2 2 2 2 2 2 2 2 2 
2 2 7 2 0 2 5 7 2 2 2 2 2 2 2 2 2 2 2 2 2 2 2 2 
2 2 2 7 2 2 5 7 2 0 2 2 2 2 2 2 2 2 2 2 2 2 2 2 2 
2 2 2 2 7 5 2 0 7 2 2 2 2 2 2 2 2 2 2 2 2 2 2 2 2 
0 2 2 2 7 2 5 2 0 7 2 2 2 2 2 2 2 2 2 2 2 2 2 2 2 2 
2 2 2 2 7 2 5 7 0 2 2 2 2 2 2 2 2 2 2 2 2 2 2 2 2 
2 2 2 2 7 7 5 2 0 2 2 2 2 2 2 2 2 2 2 2 2 2 2 2 2 
2 2 2 7 2 5 7 2 0 2 2 2 2 2 2 2 2 2 2 2 2 2 2 2 2 
2 2 2 7 0 5 7 2 2 2 2 0 2 2 2 2 2 2 2 2 2 2 2 2 2 2 
2 0 2 7 5 7 2 2 2 2 0 2 2 2 2 2 2 2 2 2 2 2 2 2 2 
2 2 2 2 0 2 2 7 2 2 2 2 2 2 2 2 2 2 2 2 2 
2 2 2 7 2 5 2 2 7 2 0 2 2 2 2 2 2 2 2 2 2 2 2 2 2 2 
7 2 2 2 2 5 2 2 7 0 2 2 2 2 2 2 2 2 2 2 2 2 2 2 2 2 
7 2 2 2 2 5 2 7 0 2 2 2 2 2 2 2 2 2 2 2 2 2 2 2 2 
2 2 7 5 2 2 2 0 7 2 2 2 2 2 2 2 2 2 2 2 2 2 2 2 2 
2 2 7 5 2 2 2 0 7 2 2 2 2 2 2 2 2 2 2 2 2 2 2 2 2 
2 2 2 2 7 2 0 5 2 7 2 2 2 2 2 2 2 2 2 2 2 2 2 2 2 2 
2 2 2 7 2 2 0 5 2 7 2 2 2 2 2 2 2 2 2 2 2 2 2 2 2 2 
2 2 7 2 0 7 5 2 2 2 2 2 2 2 2 2 2 2 2 2 2 2 2 2 
2 2 7 2 2 0 7 5 2 2 2 2 2 2 2 2 2 2 2 2 2 2 2 2 2 
2 2 2 2 7 0 5 7 2 2 2 2 2 2 2 2 2 2 2 2 2 2 2 2 2 
2 2 7 2 0 5 2 7 2 2 2 2 2 2 2 2 2 2 2 2 2 2 2 2 
5 2 2 2 0 2 7 2 2 7 2 2 2 2 2 2 2 2 2 2 2 2 2 2 
2 2 5 0 2 7 2 2 2 7 2 2 2 2 2 2 2 2 2 2 2 2 2 2 
2 2 2 0 2 2 7 2 2 2 7 2 2 2 2 2 2 2 2 2 2 2 2 2 
2 5 7 2 2 2 7 2 2 2 2 2 2 2 2 2 2 2 2 2 2 2 
0 2 2 7 2 2 7 2 2 2 2 2 2 2 2 2 2 2 2 2 2 2 2 
2 2 0 2 7 2 7 2 2 2 2 2 2 2 2 2 2 2 2 2 2 2 2 
2 2 2 5 2 0 7 2 7 2 2 2 2 2 2 2 2 2 2 2 2 2 2 2 2 
2 2 2 0 7 2 2 7 5 2 2 2 2 2 2 2 2 2 2 2 2 2 2 2 2 
3 0 2 2 2 7 2 2 7 5 2 2 2 2 2 2 2 2 2 2 2 2 2 2 2 2 
2 2 2 2 7 0 2 2 7 5 2 2 2 2 2 2 2 2 2 2 2 2 2 2 2 2 
2 2 2 0 2 7 2 2 7 5 2 2 2 2 2 2 2 2 2 2 2 2 2 2 2 2 
2 2 0 2 2 7 2 2 7 2 5 2 2 2 2 2 2 2 2 2 2 2 2 2 2 2 
0 2 2 2 2 7 2 2 7 5 2 2 2 2 2 2 2 2 2 2 2 2 2 2 2 2 
0 2 2 2 2 7 2 5 7 2 2 2 2 2 2 2 2 2 2 2 2 2 2 2 2 
2 2 2 2 7 5 2 2 7 2 2 2 2 2 2 2 2 2 2 2 2 2 2 2 
2 2 2 7 2 7 5 2 2 2 2 2 2 2 2 2 2 2 2 2 2 2 2 
2 2 2 7 2 0 7 5 2 2 2 2 2 2 2 2 2 2 2 2 2 2 2 2 
2 2 2 2 7 0 2 7 5 2 2 2 2 2 2 2 2 2 2 2 2 2 2 2 2 
2 2 2 2 2 7 2 2 5 2 2 2 2 2 2 2 2 2 2 2 2 2 2 
2 2 2 7 7 2 5 2 2 2 2 2 2 2 2 2 2 2 2 2 2 2 2 
2 2 2 7 2 7 5 2 2 2 2 2 2 2 2 2 2 2 2 2 2 2 2 
2 2 7 2 7 5 2 2 2 2 2 2 2 2 2 2 2 2 2 2 2 2 
2 2 2 2 5 7 7 2 2 2 2 2 2 2 2 2 2 2 2 2 2 2 2 
2 2 2 7 7 2 5 2 2 2 2 2 2 2 2 2 2 2 2 2 2 2 2 
2 2 2 7 5 7 2 2 2 2 2 2 2 2 2 2 2 2 2 2 2 2 
2 2 5 7 7 2 2 2 2 2 2 2 2 2 2 2 2 2 2 2 2 
2 2 5 2 2 7 7 2 2 2 2 2 2 2 2 2 2 2 2 2 2 2 2 
2 2 2 2 2 2 5 7 7 2 2 2 2 2 2 2 2 2 2 2 2 2 2 2 2 
2 2 0 2 2 7 5 7 2 2 2 2 2 2 2 2 2 2 2 2 2 2 2 2 
2 2 2 2 0 5 7 2 7 2 2 2 2 2 2 2 2 2 2 2 2 2 2 2 2 
2 2 2 2 2 7 2 7 5 2 2 2 2 2 2 2 2 2 2 2 2 2 2 2 2 
2 2 2 2 7 2 2 7 2 5 2 2 2 2 2 2 2 2 2 2 2 2 2 2 2 
0 2 2 2 2 7 5 2 2 7 2 2 2 2 2 2 2 2 2 2 2 2 2 2 2 2 
2 2 2 2 2 5 2 2 2 7 2 2 2 2 2 2 2 2 2 2 2 2 2 2 
2 0 2 2 2 2 7 2 2 2 7 2 2 2 2 2 2 2 2 2 2 2 2 2 2 
2 0 2 2 2 2 2 0 7 2 2 7 2 2 2 2 2 2 2 2 2 2 2 2 2 2 2 
2 2 0 2 2 2 2 7 2 2 7 2 2 2 2 2 2 2 2 2 2 2 2 2 2 2 
2 2 2 0 2 2 2 2 5 7 2 7 2 2 2 2 2 2 2 2 2 2 2 2 2 2 2 2 
0 2 2 2 2 2 2 7 5 2 7 2 2 2 2 2 2 2 2 2 2 2 2 2 2 2 2 
0 2 2 2 2 2 2 7 5 2 7 2 2 2 2 2 2 2 2 2 2 2 2 2 2 2 2 
2 2 2 2 2 2 0 7 5 2 7 2 2 2 2 2 2 2 2 2 2 2 2 2 2 2 2 
2 0 2 2 2 7 5 2 2 7 2 2 2 2 2 2 2 2 2 2 2 2 2 2 2 
2 2 2 0 7 2 7 2 2 2 2 2 2 2 2 2 2 2 2 2 2 2 2 
2 2 2 0 7 2 7 2 2 2 2 2 2 2 2 2 2 2 2 2 2 2 2 
2 2 2 2 7 5 0 2 7 2 2 2 2 2 2 2 2 2 2 2 2 2 2 2 2 
2 2 0 7 2 5 2 7 2 2 2 2 2 2 2 2 2 2 2 2 2 2 2 
2 2 2 7 0 2 5 2 2 7 2 2 2 2 2 2 2 2 2 2 2 2 2 2 2 
2 2 7 2 2 5 2 2 2 7 2 2 2 2 2 2 2 2 2 2 2 2 2 2 2 
2 0 2 2 7 2 2 2 2 2 2 2 2 2 2 2 2 2 2 
2 2 7 2 2 2 5 7 2 2 2 2 2 2 2 2 2 2 2 2 2 2 2 2 
2 2 2 7 2 5 2 7 2 2 2 2 2 2 2 2 2 2 2 2 2 2 2 2 
2 2 2 2 0 7 2 5 2 7 2 2 2 2 2 2 2 2 2 2 2 2 2 2 2 2 
2 2 7 2 5 2 7 2 2 2 0 2 2 2 2 2 2 2 2 2 2 2 2 
0 2 7 2 2 2 5 7 2 2 2 2 2 2 2 2 2 2 2 2 2 2 2 
0 2 2 7 2 2 2 2 7 2 2 2 2 2 2 2 2 2 2 2 2 2 2 
2 2 7 2 2 2 2 7 2 2 2 2 2 2 2 2 2 2 2 2 2 2 
2 2 2 2 7 5 2 2 2 7 2 2 2 2 2 2 2 2 2 2 2 2 2 2 
0 2 7 2 2 2 5 2 2 2 7 2 2 2 2 2 2 2 2 2 2 2 2 2 2 
