2 2 2 2 2 2 2 2 
2 2 2 2 2 2 2 2 
2 2 2 2 2 2 2 2 
2 2 2 2 2 2 2 2 
2 2 2 2 2 2 2 2 2 
2 2 2 2 2 2 2 2 2 
2 2 2 2 2 2 2 2 2 
2 2 2 2 2 2 2 2 2 
2 2 2 2 2 2 2 2 2 
2 2 2 2 2 2 2 2 2 
2 2 2 2 2 2 2 2 2 
2 2 2 2 2 2 2 2 2 2 2 
2 2 2 2 2 2 2 2 2 2 2 2 
2 2 2 2 2 2 2 2 2 2 2 2 2 
2 2 2 2 2 2 2 2 2 2 2 2 2 
2 2 2 2 2 2 2 2 2 2 2 2 
2 2 2 2 2 2 2 2 2 2 2 2 2 
2 2 2 2 2 2 2 2 2 2 2 2 
2 2 2 2 2 2 2 2 2 2 2 
2 2 2 2 2 2 2 2 2 2 2 
2 2 2 2 2 2 2 2 2 2 2 2 
2 2 2 2 2 2 2 2 2 2 
2 2 2 2 2 2 2 2 2 2 2 
2 2 2 2 2 2 2 2 2 2 
2 2 2 2 2 2 2 2 2 
2 2 2 2 2 2 2 2 2 2 
2 2 2 2 2 2 2 2 2 2 
2 2 2 2 2 2 2 2 2 2 
2 2 2 2 2 2 2 2 2 
2 2 2 2 2 2 2 2 2 2 
2 2 2 2 2 2 2 2 2 2 
2 2 2 2 2 2 2 2 2 
2 2 2 2 2 2 2 2 2 2 2 2 
2 2 2 2 2 2 2 2 2 2 2 
2 2 2 2 2 2 2 2 2 2 
2 2 2 2 2 2 2 2 2 
2 2 2 2 2 2 2 2 2 2 
2 2 2 2 2 2 2 2 2 2 
2 2 2 2 2 2 2 2 2 
2 2 2 2 2 2 2 2 2 
2 2 2 2 2 2 2 2 2 
2 2 2 2 2 2 2 2 2 2 2 
2 2 2 2 2 2 2 2 2 2 
2 2 2 2 2 2 2 2 2 2 
2 2 2 2 2 2 2 2 2 
2 2 2 2 2 2 2 2 2 
2 2 2 2 2 2 2 2 2 
2 2 2 2 2 2 2 2 2 2 
2 2 2 2 2 2 2 2 2 2 
2 2 2 2 2 2 2 2 2 
2 2 2 2 2 2 2 2 2 
2 2 2 2 2 2 2 2 2 2 
2 2 2 2 2 2 2 2 2 2 
2 2 2 2 2 2 2 2 2 2 
2 2 2 2 2 2 2 2 2 2 
2 2 2 2 2 2 2 2 2 2 
2 2 2 2 2 2 2 2 2 
2 2 2 2 2 2 2 2 
2 2 2 2 2 2 2 2 
2 2 2 2 2 2 2 
2 2 2 2 2 2 2 
2 2 2 2 2 2 2 
2 2 2 2 2 2 2 
2 2 2 2 2 2 2 
2 2 2 2 2 2 2 
2 2 2 2 2 2 2 2 
2 2 2 2 2 2 2 2 
6 2 2 2 2 2 2 2 2 
2 2 2 2 2 2 2 2 
2 2 2 2 2 2 2 2 
2 2 2 2 2 2 
2 2 2 2 2 2 
2 2 2 2 2 2 
2 2 2 2 2 2 
2 2 2 2 2 
2 2 2 2 2 
2 2 2 2 2 2 
2 2 2 2 2 2 
2 2 2 2 2 2 
2 2 2 2 2 2 
2 2 2 2 2 2 
2 2 2 2 2 2 2 
2 2 2 2 2 2 2 
2 2 2 2 2 2 2 
2 2 2 2 2 2 
2 2 2 2 2 2 2 2 
2 2 2 2 2 2 2 2 
2 2 2 2 2 2 2 2 
2 2 2 2 2 2 2 2 
2 2 2 2 2 2 2 
2 2 2 2 2 2 
2 2 2 2 2 2 
2 2 2 2 2 2 
2 2 2 2 2 
2 2 2 2 2 
2 2 2 2 2 
2 2 2 2 2 
2 2 2 2 2 2 
2 2 2 2 2 2 
2 2 2 2 2 2 
2 2 2 2 2 2 2 
2 2 2 2 2 2 
2 2 2 2 2 2 2 
2 2 2 2 2 2 2 2 
2 2 2 2 2 2 
2 2 2 2 2 2 2 
2 2 2 2 2 2 
2 2 2 2 2 2 
2 2 2 2 2 2 
2 2 2 2 2 2 
2 2 2 2 2 2 
2 2 2 2 2 2 2 
2 2 2 2 2 
2 2 2 2 2 
2 2 2 2 
2 2 2 2 
2 2 2 2 
2 2 2 2 
2 2 2 2 
2 2 2 2 
2 2 2 2 
2 2 2 2 2 
2 2 2 2 2 2 
2 2 2 2 2 
2 2 2 2 2 2 
2 2 2 2 2 
2 2 2 2 2 2 2 
2 2 2 2 2 2 2 
2 2 2 2 2 2 2 
2 2 2 2 2 2 2 
2 6 2 2 2 2 
6 2 2 2 2 2 
6 2 2 2 2 2 
2 2 2 2 2 
2 2 2 2 2 2 
2 2 2 2 2 2 
2 2 2 2 2 2 
2 2 2 2 2 2 
2 2 2 2 2 2 
2 2 2 2 2 2 2 
2 2 2 2 2 2 2 
2 2 2 2 2 2 2 
2 2 2 2 2 2 2 
2 2 2 2 2 2 2 
2 2 2 2 2 2 
2 2 2 2 2 2 
2 2 2 2 2 2 2 
2 2 2 2 2 2 2 
2 2 2 2 2 2 2 
2 2 2 2 2 2 
2 2 2 2 2 2 
2 2 2 2 2 2 
2 2 2 2 2 2 2 
2 2 2 2 2 2 
2 2 2 2 2 2 2 
2 2 2 2 2 2 
2 2 2 2 2 2 
2 2 2 2 2 2 
2 2 2 2 2 2 
2 2 2 2 2 2 
2 2 2 2 2 2 
2 2 2 2 2 2 2 
2 2 2 2 2 2 2 
2 2 2 2 2 2 2 
2 2 2 2 2 2 2 
2 2 2 2 2 2 2 
2 2 2 2 2 2 2 
2 2 2 2 2 2 2 
2 2 2 2 2 2 2 2 2 
2 2 2 2 2 2 2 2 2 
2 2 2 2 2 2 2 2 2 2 
2 2 2 2 2 2 2 2 2 2 
2 2 2 2 2 2 2 2 2 2 
2 2 2 2 2 2 2 2 2 
2 2 2 2 2 2 2 2 2 
2 2 2 2 2 2 2 2 2 
2 2 2 2 2 2 2 2 
2 2 2 2 2 2 2 2 2 
2 2 2 2 2 2 2 2 2 
2 2 2 2 2 2 2 2 2 
2 2 2 2 2 2 
2 6 2 2 2 2 2 
2 6 2 2 2 2 2 
2 2 2 2 2 
2 2 2 2 2 2 
2 2 2 2 2 2 
2 2 2 2 2 2 2 
2 2 2 2 2 2 
2 2 2 2 2 2 
2 2 2 2 2 2 
2 2 2 2 2 2 
2 2 2 2 2 2 
2 2 2 2 2 2 
2 2 2 2 2 2 
2 2 2 2 2 2 2 
2 2 2 2 2 2 2 
2 2 2 2 2 2 2 2 
2 2 2 2 2 2 2 2 2 
2 2 2 2 2 2 2 2 
2 2 2 2 2 2 2 2 
2 2 2 2 2 2 2 2 
2 2 2 2 2 2 2 2 
2 2 2 2 2 2 2 2 
2 2 2 2 2 2 2 
2 2 2 2 2 2 2 
2 2 2 2 2 2 2 
2 2 2 2 2 2 
2 2 2 2 2 2 2 
2 2 2 2 2 2 2 
2 2 2 2 2 2 2 
2 2 2 2 
2 2 2 2 
2 2 2 2 
2 2 2 2 
2 2 2 2 2 
2 2 2 2 2 
2 2 2 2 2 
2 2 2 2 2 
2 2 2 2 2 
2 2 2 2 2 
2 2 2 2 2 2 2 
2 2 2 2 2 2 
2 2 2 2 2 2 2 
2 2 2 2 2 2 
2 2 2 2 2 2 2 
2 2 2 2 2 2 
2 2 2 2 2 
2 2 2 2 2 2 
2 2 2 2 2 2 
2 2 2 2 2 2 
2 2 2 2 2 2 
2 2 2 2 2 2 
2 2 2 2 2 2 
2 2 2 2 2 2 
2 2 2 2 2 2 
2 2 2 2 2 2 
2 2 2 2 2 2 
2 2 2 2 2 2 2 
2 2 2 2 2 2 
2 2 2 2 2 2 
2 2 2 2 2 
2 2 2 2 2 2 2 
2 2 2 2 2 2 2 
2 2 2 2 2 2 2 2 
2 2 2 2 2 2 2 2 
2 2 2 2 2 2 2 2 
2 2 2 2 2 2 2 2 
2 2 2 2 2 2 2 2 2 
2 2 2 2 2 2 2 2 
2 2 2 2 2 2 2 2 
2 2 2 2 2 2 2 2 
2 2 2 2 2 2 2 2 
2 2 2 2 2 2 2 2 
2 2 2 2 2 2 2 2 
2 2 2 2 2 2 2 2 
2 2 2 2 2 2 2 
2 2 2 2 2 2 2 
2 2 2 2 2 2 2 
2 2 2 2 2 2 2 
2 2 2 2 2 2 
2 2 2 2 2 2 
2 2 2 2 2 2 2 
2 2 2 2 2 2 
2 2 2 2 2 2 
2 2 2 2 2 2 
2 2 2 2 2 
2 2 2 2 2 
2 2 2 2 2 
2 2 2 2 2 
2 2 2 2 2 
2 2 2 2 2 
2 2 2 2 2 
2 2 2 2 2 
2 2 2 2 2 
2 2 2 2 2 
2 2 2 2 
2 2 2 2 
2 2 2 2 
2 2 2 2 2 
2 2 2 2 2 
2 2 2 2 2 
2 2 2 2 2 
2 2 2 2 2 2 
2 2 2 2 2 
2 2 2 2 2 2 
2 2 2 2 2 2 
2 2 2 2 2 2 
2 2 2 2 2 2 2 
2 2 2 2 2 2 
2 2 2 2 2 2 
2 2 2 2 2 2 
2 2 2 2 2 2 
2 2 2 2 2 2 
2 2 2 2 2 
2 2 2 2 2 
2 2 2 2 
2 2 2 2 
2 2 2 
2 2 2 
2 2 2 2 
2 2 2 
2 2 2 
2 2 2 
2 2 2 
2 2 2 
2 2 2 
2 7 2 2 2 
2 2 2 2 
2 2 2 2 
2 2 2 2 
2 2 2 2 
2 2 2 
2 2 2 
2 2 2 
2 2 2 
2 2 2 
2 2 2 
2 2 2 2 
2 2 2 2 
2 2 2 2 
2 2 2 2 2 
2 2 2 2 2 
2 2 2 2 
2 2 2 2 
2 2 2 2 
2 2 2 
2 2 2 
2 2 2 
2 2 2 2 2 
2 2 2 2 2 2 
2 2 2 2 2 2 
6 2 2 2 2 2 2 
2 2 2 2 2 2 
2 2 2 2 2 2 
2 2 2 2 2 2 
2 2 2 2 2 2 
2 2 2 2 2 
2 2 2 2 2 
2 2 2 2 2 
2 2 2 2 2 
2 2 2 2 2 
2 2 2 2 2 2 
2 2 2 2 2 2 
2 2 2 2 2 
2 2 2 2 2 
2 2 2 2 2 2 
2 2 2 2 2 2 
2 2 2 2 2 2 2 
2 2 2 2 2 2 2 
2 2 2 2 2 2 2 
2 2 2 2 2 2 2 2 
2 2 2 2 2 2 
2 2 2 2 2 2 
2 2 2 2 2 2 
2 2 2 2 2 2 
2 2 2 2 2 2 2 
2 2 2 2 2 2 2 
2 2 2 2 2 
2 2 2 2 2 2 
2 2 2 2 2 2 
2 2 2 2 2 
2 2 2 2 2 
2 2 2 2 2 
2 2 2 2 2 
2 2 2 2 2 
2 2 2 2 2 2 
2 2 2 2 2 2 
2 2 2 2 2 2 
2 2 2 2 2 2 2 
2 2 2 2 2 2 2 
2 2 2 2 2 2 2 
2 2 2 2 2 2 2 
2 2 2 2 2 2 2 
2 2 2 2 2 2 2 
2 2 2 2 2 2 2 
2 2 2 2 2 2 2 
2 2 2 2 2 2 2 
2 2 2 2 2 2 2 2 
2 2 2 2 2 2 2 2 
2 2 2 2 2 2 2 
2 2 2 2 2 2 2 
2 2 2 2 2 2 2 2 
2 2 2 2 2 2 2 
2 2 2 2 2 2 2 
2 2 2 2 2 2 
2 2 2 2 2 2 
2 2 2 2 2 2 2 
2 2 2 2 2 2 2 2 
2 2 2 2 2 2 2 2 
2 2 2 2 2 2 2 2 
2 2 2 2 2 2 2 
2 2 2 2 2 2 2 2 
2 2 2 2 2 2 2 
2 2 2 2 2 2 2 
2 2 2 2 2 2 
2 2 2 2 2 2 2 
2 2 2 2 2 2 2 
2 2 2 2 2 2 
2 2 2 2 2 
2 2 2 2 2 2 
2 2 2 2 2 2 2 2 
2 2 2 2 2 2 2 2 
2 2 2 2 2 2 2 2 
2 2 2 2 2 2 2 2 
2 2 2 2 2 2 2 2 2 
2 2 2 2 2 2 2 2 2 
2 2 2 2 2 2 2 2 2 
2 2 2 2 2 2 2 2 2 
2 2 2 2 2 2 2 2 
2 2 2 2 2 2 2 2 2 2 
2 2 2 2 2 2 2 2 2 2 
2 2 2 2 2 2 2 2 2 
2 2 2 2 2 2 2 2 2 
2 2 2 2 2 2 2 2 2 
2 2 2 2 2 2 2 2 2 
2 2 2 2 2 2 2 2 2 
2 2 2 2 2 2 2 2 2 
2 2 2 2 2 2 2 2 2 
2 2 2 2 2 2 2 2 
2 2 2 2 2 2 2 2 
2 5 2 2 2 2 2 2 2 
2 2 2 2 2 2 2 
2 2 2 2 2 2 2 
2 2 2 2 2 2 2 
5 2 2 2 2 2 2 2 
2 5 2 2 2 2 2 
7 2 5 2 2 2 2 2 2 
2 2 2 2 2 2 2 
7 2 2 2 2 2 2 2 
2 5 2 2 2 2 2 2 2 
2 2 2 2 2 2 2 2 
2 5 2 2 2 2 2 2 2 
2 2 2 2 2 2 2 
2 2 2 2 2 2 2 
2 2 2 2 2 2 
2 2 2 2 2 2 
2 2 2 2 2 2 
2 2 2 2 2 2 
2 2 2 2 2 2 
2 2 2 2 2 2 
2 5 2 2 2 2 2 
6 2 2 2 2 2 
2 2 2 2 2 2 
2 2 2 2 2 2 
2 2 2 2 2 
2 2 2 2 2 2 
2 2 2 2 2 
2 2 2 2 2 2 
2 2 2 2 2 2 
2 2 2 2 2 2 
2 2 2 2 
2 2 2 2 
2 2 2 2 
2 2 2 2 2 
2 2 2 2 2 
2 2 2 2 2 
2 2 2 2 2 
2 2 2 2 2 2 
2 0 2 2 2 2 2 
2 2 2 2 2 
2 2 2 2 2 2 
2 2 2 2 2 2 
2 2 2 2 2 2 
2 2 2 2 2 2 
2 2 2 2 2 2 
2 2 2 2 2 2 
2 2 2 2 2 2 
2 2 2 2 2 2 2 
2 2 2 2 2 2 
2 2 2 2 2 
2 2 2 2 2 
2 2 2 2 2 
2 2 2 2 
2 2 2 2 
2 2 2 2 
2 2 2 2 
2 2 2 2 
2 2 2 2 
2 2 2 2 
2 2 2 2 
2 2 2 2 
2 2 2 2 
2 2 2 2 
2 2 2 2 
2 2 2 2 
2 2 2 
2 2 2 
2 2 2 2 
2 2 2 2 
2 2 2 2 
2 2 2 2 
2 2 2 2 
2 2 2 2 
2 2 2 2 
2 2 2 2 
2 2 2 
2 2 2 
2 2 2 
2 2 2 
2 2 2 
2 2 2 
2 2 2 
2 2 2 
2 2 2 
2 2 2 
2 2 2 
2 2 2 
2 2 2 
2 2 2 
2 2 2 
2 2 2 
2 2 2 
2 2 2 
2 2 2 
2 2 2 
2 2 2 
2 2 
2 2 
2 2 
2 2 
2 2 
2 2 
2 2 
2 2 
2 
2 6 2 
2 2 2 
6 2 2 
6 2 
6 2 
6 2 
5 2 
6 5 2 
6 2 
2 
2 
2 
2 2 
2 2 
2 2 
2 2 
2 2 
5 2 2 2 
5 2 2 2 
5 2 2 2 2 
2 2 2 2 
2 2 2 2 
2 2 2 2 
2 2 2 2 
2 5 2 2 
2 2 5 2 2 
2 5 2 2 
2 5 2 2 
2 2 5 2 
2 2 5 2 
5 2 2 2 
2 2 5 2 
2 2 5 2 2 2 
2 2 2 2 2 
2 2 2 5 2 
2 2 5 2 2 
2 2 5 2 2 
2 5 2 2 
5 2 2 2 
2 5 2 2 
5 2 2 2 
2 2 2 2 
2 2 2 2 
5 2 2 2 
2 5 2 2 2 
2 5 2 2 
5 2 2 2 
2 5 2 2 2 
2 5 2 2 
2 5 2 2 2 
5 2 2 2 
2 3 2 5 2 2 2 
2 2 5 2 2 2 2 2 
2 5 2 2 2 2 2 2 
2 5 2 2 2 2 2 
2 2 2 2 5 2 2 2 2 
2 2 2 2 5 2 2 2 2 2 
2 2 2 2 5 2 2 2 2 2 
2 5 2 2 2 2 2 2 2 2 
5 2 2 2 2 2 2 2 2 2 2 2 
2 2 2 2 5 2 2 2 2 2 2 
2 2 2 2 2 5 2 2 2 2 2 
2 2 2 2 5 2 2 2 2 2 2 
2 2 2 5 2 2 2 2 2 
2 5 2 2 2 2 2 2 2 
7 5 2 2 2 2 2 2 2 
2 2 2 5 2 2 2 2 2 
2 2 2 5 2 2 2 2 2 2 
2 2 2 5 2 2 2 2 2 2 
2 2 5 2 2 2 2 2 2 2 
2 2 5 2 2 2 2 2 2 
2 5 2 2 2 2 2 2 2 
2 2 2 5 2 2 2 2 2 
2 2 2 2 2 5 2 2 2 2 2 2 
2 2 2 5 2 2 2 2 2 2 2 2 
2 7 5 2 2 2 2 2 2 2 2 2 
7 5 2 2 2 2 2 2 2 2 2 2 
7 2 5 2 2 2 2 2 2 2 2 2 
7 2 2 2 2 2 2 2 2 2 2 
5 2 2 2 2 2 2 2 2 2 
7 2 2 2 2 2 2 2 2 2 
7 2 5 2 2 2 2 2 2 2 2 
5 7 2 2 2 2 2 2 2 2 2 
5 7 2 2 2 2 2 2 2 2 2 
2 7 2 2 2 2 2 2 2 
7 2 2 2 2 2 2 2 2 
2 7 2 2 2 2 2 2 2 
2 2 7 2 2 2 2 2 2 
7 2 2 2 2 2 2 2 2 
2 2 7 2 2 2 2 2 2 2 
2 7 2 2 2 2 2 
2 2 7 2 2 2 2 2 2 2 
2 2 7 2 2 2 2 2 2 
7 2 2 2 2 2 2 2 2 
2 7 2 2 2 2 2 2 2 2 
2 2 7 2 2 2 2 2 2 2 
2 2 7 2 2 2 2 2 2 2 
2 7 2 2 2 2 2 2 2 
2 7 2 2 2 2 2 2 2 
2 2 7 2 2 2 2 2 2 
2 2 2 2 7 2 2 2 2 2 2 
2 2 7 2 2 2 2 2 2 2 
2 7 2 2 2 2 2 2 2 2 
7 2 2 2 2 2 2 2 2 2 
2 2 2 2 2 2 2 2 2 
2 2 2 2 2 2 2 2 2 2 
2 2 7 2 2 2 2 2 2 2 2 
2 2 2 2 2 2 2 2 2 2 
2 2 2 2 2 2 2 2 2 2 2 
7 2 2 2 2 2 2 2 2 2 
2 2 7 2 2 2 2 2 2 2 
7 2 2 2 2 2 2 2 2 
7 2 2 2 2 2 2 2 2 
7 2 2 2 2 2 2 2 2 
2 2 2 2 2 2 2 2 
7 2 2 2 2 2 2 2 2 
2 7 2 2 2 2 2 2 2 
2 7 2 2 2 2 2 2 
7 2 2 2 2 2 2 2 2 
2 2 2 2 2 2 2 2 
2 7 2 2 2 2 2 2 
7 2 2 2 2 2 2 
2 7 2 2 2 2 2 2 
7 2 2 2 2 2 2 2 2 
7 2 2 2 2 2 2 2 
7 2 2 2 2 2 2 2 
7 2 2 2 2 2 2 2 
7 2 2 2 2 2 2 2 
2 2 2 2 2 2 2 
2 2 2 2 2 2 2 
2 2 2 2 2 2 2 
2 2 2 2 2 2 2 
2 2 2 2 2 2 2 
2 2 2 2 2 2 
2 2 2 2 2 2 
2 2 2 2 2 2 
2 2 2 2 2 2 
2 2 2 2 2 2 2 
2 2 2 2 2 2 2 2 
2 2 2 2 2 2 2 2 
2 2 2 2 2 2 2 2 
2 2 2 2 2 2 2 2 
2 2 2 2 2 2 2 
2 2 2 2 2 2 2 
2 2 2 2 2 2 
2 2 2 2 2 2 2 
2 2 2 2 2 2 2 
2 2 2 2 2 2 2 
2 2 2 2 2 2 2 
2 2 2 2 2 2 
2 2 2 2 2 
2 2 2 2 2 
2 2 2 2 2 2 
2 2 2 2 2 2 
2 2 2 2 2 
2 2 2 2 2 
2 2 2 2 2 
2 2 2 2 2 2 
2 2 2 2 2 2 
2 2 2 2 2 2 
2 2 2 2 2 2 
2 2 2 2 2 2 
2 2 2 2 2 2 
2 2 2 2 2 2 
2 2 2 2 2 2 
2 2 2 2 2 
2 2 2 2 2 
2 2 2 2 2 
2 2 7 2 2 2 2 
2 7 2 2 2 2 2 
2 2 2 2 2 2 
2 2 2 2 2 2 
2 2 2 2 2 2 
2 2 2 2 2 
2 2 2 2 2 2 
2 2 2 2 2 2 
2 2 2 2 2 2 2 
2 2 2 2 2 2 2 
2 2 2 2 2 2 2 
2 2 2 2 2 2 2 
2 2 2 2 2 2 
2 2 2 2 2 2 2 
2 2 2 2 2 2 2 
2 2 2 2 2 2 
2 2 2 2 2 2 
2 2 2 2 2 2 
2 2 2 2 2 2 
2 2 2 2 2 2 
2 2 2 2 2 2 
2 2 2 2 2 2 
2 2 2 2 2 
2 2 2 2 
2 2 2 2 
2 2 2 2 2 
2 2 2 2 2 2 
2 2 2 2 2 2 
2 2 2 2 2 
2 2 2 2 2 2 
2 2 2 2 2 2 
2 2 2 2 2 
2 2 2 2 2 
2 2 2 2 2 
2 2 2 2 2 
2 2 2 2 2 
2 2 2 2 2 
2 2 2 2 2 
2 2 2 2 2 
2 2 2 2 2 
2 2 2 2 2 
2 2 2 2 2 2 
2 2 2 2 2 2 
2 2 2 2 2 2 
2 2 2 2 2 2 
2 2 2 2 2 2 
2 2 2 2 2 
2 2 2 2 2 
2 2 2 2 2 
2 2 2 2 2 
2 2 2 2 2 
2 2 2 2 2 
2 2 2 2 2 
2 2 2 2 2 
2 2 2 2 2 2 
2 2 2 2 2 2 2 
2 2 2 2 2 2 2 2 2 
2 2 2 2 2 2 2 2 2 2 
2 2 2 2 2 2 2 
2 2 2 2 2 2 2 
2 2 2 2 2 2 2 
2 2 2 2 2 2 2 
2 2 2 2 2 2 2 2 
2 2 2 2 2 2 2 2 
2 2 2 2 2 2 2 2 
2 2 2 2 2 2 2 2 
2 2 2 2 2 2 2 2 
2 2 2 2 2 2 2 2 
2 2 2 2 2 2 2 2 
2 2 2 2 2 2 2 
2 2 2 2 2 2 2 2 
2 2 2 2 2 2 2 2 
2 2 2 2 2 2 2 2 
2 2 2 2 2 2 2 2 
2 2 2 2 2 2 2 2 2 
2 2 2 2 2 2 2 2 2 
2 2 2 2 2 2 2 2 2 
0 2 2 2 2 2 2 2 2 
2 2 2 2 2 2 2 2 2 
2 2 2 2 2 2 2 2 
2 2 2 2 2 2 2 2 
2 2 2 2 2 2 2 2 2 2 
2 2 2 2 2 2 2 2 2 2 2 
2 2 2 2 2 2 2 2 2 2 2 
2 2 2 2 2 2 2 2 2 2 2 
2 2 2 2 2 2 2 2 2 2 2 2 2 
2 2 2 2 2 2 2 2 2 2 2 
2 2 2 2 2 2 2 2 2 2 2 
2 2 2 2 2 2 2 2 2 2 
2 2 2 6 2 2 2 2 2 2 2 
2 2 5 2 2 2 2 2 2 2 2 
2 2 2 2 2 2 2 2 2 
2 2 2 2 2 2 2 2 2 
2 2 2 2 2 2 2 2 2 
2 2 2 2 2 2 2 2 2 
2 2 2 2 2 2 2 2 2 
2 2 2 2 2 2 2 2 
2 2 2 2 2 2 2 2 
2 2 2 2 2 2 2 2 
2 2 2 2 2 2 2 2 2 
2 2 2 2 2 2 2 2 2 
2 2 2 2 2 2 2 2 2 
2 2 2 2 2 2 2 2 2 
2 2 2 2 2 2 2 2 
2 2 2 2 2 2 2 2 2 
2 2 2 2 2 2 2 2 2 2 
2 2 2 2 2 2 2 2 2 2 
2 2 2 2 2 2 2 2 2 2 
2 2 2 2 2 2 2 2 2 2 
2 2 2 2 2 2 2 2 2 
2 2 2 2 2 2 2 2 2 2 
2 2 2 2 2 2 2 2 2 2 2 
2 2 2 2 2 2 2 2 2 2 2 
2 2 2 2 2 2 2 2 2 2 
2 2 2 2 2 2 2 2 2 
2 2 2 2 2 2 2 2 
2 2 2 2 2 2 2 2 
2 2 2 2 2 2 2 2 2 
2 2 2 2 2 2 2 2 2 
2 2 2 2 2 2 2 2 2 
2 2 2 2 2 2 2 2 2 
2 2 2 2 2 2 2 2 
2 2 2 2 2 2 2 2 2 2 
2 2 2 2 2 2 2 2 2 2 
2 2 2 2 2 2 2 2 2 
2 2 2 2 2 2 2 2 2 2 
2 2 2 2 2 2 2 2 2 2 
2 2 2 2 2 2 2 2 2 2 
2 2 2 2 2 2 2 2 2 2 
2 2 2 2 2 2 2 2 2 2 
2 2 2 2 2 2 2 2 2 2 2 
2 2 2 2 2 2 2 2 2 2 2 
2 2 2 2 2 2 2 2 2 
2 2 2 2 2 2 2 2 2 
2 2 2 2 2 2 2 2 2 
2 2 2 2 2 2 2 2 2 
2 2 2 2 2 2 2 2 2 
2 2 2 2 2 2 2 2 2 2 
2 2 2 2 2 2 2 2 2 2 
2 2 2 2 2 2 2 2 2 2 
2 2 2 2 2 2 2 2 2 
2 2 2 2 2 2 2 2 
2 2 2 2 2 2 2 2 2 
2 2 2 2 2 2 2 2 
2 2 2 2 2 2 2 2 2 
2 2 2 2 2 2 2 2 2 
2 2 2 2 2 2 2 2 2 
2 2 2 2 2 2 2 2 2 2 
2 2 2 2 2 2 2 2 2 
2 2 2 2 2 2 2 2 2 
2 2 2 2 2 2 2 2 2 2 
2 2 2 2 2 2 2 2 2 
2 2 2 2 2 2 2 2 2 
2 2 2 2 2 2 2 2 2 
2 2 2 2 2 2 2 2 2 
2 2 2 2 2 2 2 2 
2 2 2 2 2 2 2 2 
2 2 2 2 2 2 2 2 
2 2 2 2 2 2 2 2 
2 6 2 2 2 2 2 2 2 
2 6 2 2 2 2 2 2 2 
2 6 2 2 2 2 2 2 2 
2 2 2 2 2 2 2 2 2 
2 2 2 2 2 2 2 2 2 
2 2 2 2 2 2 2 2 2 2 
2 2 2 2 2 2 2 2 2 2 
2 2 2 2 2 2 2 2 2 
2 2 2 2 2 2 2 2 
2 2 2 2 2 2 2 2 2 
2 2 2 2 2 2 2 2 2 
2 2 2 2 2 2 2 2 2 2 
2 2 2 2 2 2 2 2 2 
2 2 2 2 2 2 2 2 2 
2 2 2 2 2 2 2 2 2 
2 2 2 2 2 2 2 2 2 2 
2 2 2 2 2 2 2 2 2 
2 2 2 2 2 2 2 2 2 
2 2 2 2 2 2 2 2 2 2 
2 2 2 2 2 2 2 2 2 
2 2 2 2 2 2 2 2 
2 2 2 2 2 2 2 2 2 2 
2 2 2 2 2 2 2 2 2 
2 2 2 2 2 2 2 2 
2 2 2 2 2 2 2 2 
2 2 2 2 2 2 2 2 
2 2 2 2 2 2 2 2 
2 2 2 2 2 2 
2 2 2 2 2 2 2 
2 2 2 2 2 2 2 
2 2 2 2 2 2 2 
2 2 2 2 2 2 2 2 
2 2 2 2 2 2 2 2 
2 2 2 2 2 2 
2 2 2 2 2 2 
2 2 2 2 2 2 2 
2 2 2 2 2 2 2 
2 2 2 2 2 2 2 
2 2 2 2 2 2 2 2 
7 2 2 2 2 2 2 2 
7 2 2 2 2 2 2 2 2 
2 2 2 2 2 2 2 2 
2 2 2 2 2 2 2 2 
2 2 2 2 2 2 2 
2 2 2 2 2 2 2 
2 2 2 2 2 2 2 
2 2 2 2 2 2 2 
2 2 2 2 2 2 2 
2 2 2 2 2 2 2 2 
2 2 2 2 2 2 2 
7 2 2 2 2 2 2 2 
2 2 2 2 2 2 2 2 
7 2 2 2 2 2 2 2 2 
2 7 2 2 2 2 2 2 2 2 
2 2 2 2 2 2 2 
7 2 2 2 2 2 2 2 2 2 
2 2 2 2 2 2 2 2 2 
2 2 2 2 2 2 2 2 2 2 
2 2 2 2 2 2 2 2 2 
2 2 2 2 2 2 2 2 2 2 
2 2 2 2 2 2 2 2 2 2 
2 2 2 2 2 2 2 2 2 2 
2 2 2 2 2 2 2 2 2 2 
2 2 2 2 2 2 2 2 2 
2 2 2 2 2 2 2 2 
2 2 5 2 2 2 2 2 2 
2 2 7 2 2 5 2 2 2 2 2 2 
2 5 2 2 2 2 2 2 2 
5 2 2 2 2 2 2 2 
2 2 2 2 2 2 2 2 
7 2 2 2 2 2 2 2 2 
7 2 2 2 2 2 2 2 
2 2 2 2 2 2 2 
7 2 2 2 2 2 2 2 2 2 
2 2 2 2 2 2 2 2 2 
2 2 2 2 2 2 
2 2 2 2 2 2 
2 2 2 2 2 2 
2 2 2 2 2 
2 2 2 2 2 
7 2 2 2 2 2 
2 2 2 2 2 
2 2 2 2 2 2 
2 2 2 2 2 2 
2 2 2 2 2 2 2 
2 2 2 2 2 2 2 
2 2 2 2 2 2 2 
2 2 2 2 2 2 2 
2 2 2 2 2 2 2 2 
2 2 2 2 2 2 2 2 
2 2 2 2 2 2 2 2 
2 2 2 2 2 2 2 2 
2 2 2 2 2 2 2 2 2 
2 2 2 2 2 2 2 
2 2 2 2 2 2 2 
2 2 2 2 2 2 2 2 
2 2 2 2 2 2 2 2 
2 2 2 2 2 2 2 2 
2 2 2 2 2 2 2 2 
2 2 2 2 2 2 2 
2 2 2 2 2 2 2 
2 2 2 2 2 2 2 
2 2 2 2 2 2 2 
2 2 2 2 2 2 2 
2 2 2 2 2 2 2 
2 2 2 2 2 2 2 
2 2 2 2 2 2 2 
2 2 2 2 2 2 2 
2 2 2 2 2 2 2 
2 2 2 2 2 2 2 
2 2 2 2 2 2 2 
2 2 2 2 2 2 2 
2 2 2 2 2 2 2 
2 2 2 2 2 2 
2 2 2 2 2 2 
2 2 2 2 2 2 
2 2 2 2 2 2 
2 2 2 2 2 2 
2 2 2 2 2 2 
2 2 2 2 
2 2 2 2 
2 2 2 2 2 2 
2 2 2 2 2 2 
2 2 2 2 2 2 2 
7 2 2 2 2 2 2 2 
2 2 2 2 2 2 2 
2 2 2 2 2 2 2 2 
7 2 2 2 2 2 2 2 2 
7 2 2 2 2 2 2 2 2 
7 2 2 2 2 2 2 2 2 
2 2 2 2 2 2 2 2 
2 2 2 2 2 2 2 2 2 
2 2 2 2 2 2 2 2 
2 2 2 2 2 2 2 2 
2 2 2 2 2 2 2 
2 2 2 2 2 2 2 
2 2 2 2 2 2 2 
2 2 2 2 2 2 2 2 
2 2 2 2 2 2 2 
2 2 2 2 2 2 2 
2 2 2 2 2 2 2 
2 2 2 2 2 2 2 
2 2 2 2 2 2 2 
2 2 2 2 2 
2 2 2 2 2 2 
2 2 2 2 2 2 
2 2 2 2 2 2 
2 2 2 2 2 2 2 
2 2 2 2 2 2 2 
2 2 2 2 2 2 2 
2 2 2 2 2 2 2 2 
2 2 2 2 2 2 2 2 
2 2 2 2 2 2 2 2 
2 2 2 2 2 2 2 
2 2 2 2 2 2 
2 2 2 2 2 2 
2 2 2 2 2 2 
2 2 2 2 2 2 
2 2 2 2 2 2 
2 2 2 2 2 2 
2 2 2 2 2 2 
2 2 2 2 2 
2 2 2 2 2 
2 2 2 2 2 2 
2 2 2 2 2 2 
2 2 2 2 2 
2 2 2 2 2 
6 2 2 2 2 2 
2 2 2 2 2 
0 2 2 2 2 2 
2 2 2 2 2 
2 2 2 2 2 2 
7 2 2 2 2 2 2 
2 2 2 2 2 2 
7 2 2 2 2 2 2 
2 2 2 2 2 2 2 
2 5 7 2 2 2 2 2 2 
2 2 2 2 2 2 
2 2 2 2 2 
2 2 2 2 2 2 
2 2 2 2 
2 4 2 2 2 2 
2 2 2 2 2 2 
2 2 2 2 2 
2 2 2 2 2 2 
4 2 2 2 2 2 2 
6 2 2 2 2 2 
6 2 2 2 2 2 2 
5 2 6 2 2 2 2 
5 2 2 2 2 2 
5 2 2 2 2 2 
5 2 4 2 2 2 2 
2 7 2 5 4 2 2 2 2 
2 2 2 2 2 
2 2 2 2 2 
2 5 2 2 2 2 2 2 
7 2 2 2 2 2 2 2 
4 2 5 2 2 2 
2 2 5 2 2 
2 7 7 2 2 2 
7 7 2 2 2 2 
2 2 2 2 
2 7 5 2 7 2 2 
2 7 5 2 
5 7 7 2 
7 7 2 
2 7 7 2 
7 7 2 2 
7 7 2 2 
7 7 2 2 
7 7 2 2 
7 7 2 2 
7 2 7 2 
2 7 7 2 2 
7 2 2 
2 2 2 2 
7 2 2 2 
2 7 2 2 2 
7 7 2 2 2 2 
7 2 7 2 2 2 2 
2 7 7 2 2 2 2 
2 7 2 7 2 2 2 2 
2 7 7 2 2 2 2 2 
7 2 7 2 2 2 2 2 2 
7 7 2 2 2 2 2 2 2 
7 2 7 2 2 2 2 2 2 
7 2 2 7 2 2 2 2 2 2 
7 2 7 2 2 2 2 2 2 2 
6 7 2 7 2 2 2 2 2 2 2 
7 2 6 2 2 2 2 2 2 2 
7 2 2 7 2 2 2 2 2 2 2 
7 2 7 2 2 2 2 2 2 2 
7 2 2 7 2 2 2 2 2 2 
7 2 7 2 2 2 2 2 2 
7 2 7 2 2 2 2 2 2 
7 2 2 7 2 2 2 2 2 2 
2 7 7 2 2 2 2 2 2 2 
7 2 2 2 7 2 2 2 2 2 
7 2 7 2 2 2 2 2 
7 2 7 2 2 2 2 2 
7 2 7 2 2 2 2 2 
2 7 2 2 2 2 2 
7 2 7 2 2 2 2 2 
2 2 7 2 2 2 2 2 
7 2 6 2 7 2 2 2 2 2 
7 2 2 2 7 2 2 2 2 2 2 
6 2 2 2 2 2 2 2 2 2 
2 2 2 2 2 2 2 2 2 2 
2 2 2 2 2 2 2 2 2 2 2 2 
2 7 2 2 2 2 2 2 2 2 2 2 2 
7 2 2 2 2 2 2 2 2 2 2 2 2 
2 2 2 2 2 2 2 2 2 2 2 
7 7 2 2 2 2 2 2 2 2 2 2 
7 7 2 2 2 2 2 2 2 2 2 2 
7 2 2 2 2 2 2 2 2 2 2 
7 2 2 2 2 2 2 2 2 2 2 
7 2 2 2 2 2 2 2 2 2 2 
2 7 2 2 2 2 2 2 2 2 2 
2 2 2 2 2 2 2 2 2 2 
2 2 2 2 2 2 2 2 2 2 2 
2 2 2 2 2 2 2 2 2 2 
2 2 2 2 2 2 2 2 2 
2 2 2 2 2 2 2 2 2 2 2 
7 6 2 7 2 2 2 2 2 2 2 2 2 
2 2 2 2 2 2 2 2 2 2 2 
2 2 2 2 2 2 2 2 2 2 2 
2 2 2 2 2 2 2 2 2 2 2 
2 2 2 2 2 2 2 2 2 2 2 
2 2 2 2 2 2 2 2 2 2 2 
2 2 2 2 2 2 2 2 2 2 2 
2 2 2 2 2 2 2 2 2 2 2 2 
2 2 2 2 2 2 2 2 2 2 2 
2 2 2 2 2 2 2 2 2 2 2 
2 2 2 2 2 2 2 2 2 2 2 
2 2 2 2 2 2 2 2 2 2 2 
2 2 2 2 2 2 2 2 2 2 
2 2 2 2 2 2 2 2 2 2 
2 2 2 2 2 2 2 2 2 2 2 
2 2 2 2 2 2 2 2 2 2 2 
2 2 2 2 2 2 2 2 2 2 
2 2 2 2 2 2 2 2 2 
2 2 2 2 2 2 2 2 2 2 
2 2 2 2 2 2 2 2 2 
2 2 2 2 2 2 2 2 2 
2 2 2 2 2 2 2 2 2 2 
2 2 2 2 2 2 2 2 2 
2 2 2 2 2 2 2 2 2 2 
2 2 2 2 2 2 2 2 2 2 
2 2 2 2 2 2 2 2 2 2 
2 2 2 2 2 2 2 2 2 2 2 
2 2 2 2 2 2 2 2 2 2 
2 2 2 2 2 2 2 2 2 2 
2 2 2 2 2 2 2 2 2 2 2 
2 2 2 2 2 2 2 2 2 2 2 2 
2 2 2 2 2 2 2 2 2 2 2 2 
2 2 2 2 2 2 2 2 2 2 2 2 
2 2 2 2 2 2 2 2 2 2 2 2 2 
2 2 2 2 2 2 2 2 2 2 2 2 2 
2 2 2 2 2 2 2 2 2 2 2 2 2 
2 2 2 2 2 2 2 2 2 2 2 2 2 
2 2 2 2 2 2 2 2 2 2 2 2 2 2 
2 2 2 2 2 2 2 2 2 2 2 2 2 
2 2 2 2 2 2 2 2 2 2 2 2 2 
2 2 2 2 2 2 2 2 2 2 2 2 2 
2 2 2 2 2 2 2 2 2 2 2 2 2 
2 2 2 2 2 2 2 2 2 2 2 2 
2 2 2 2 2 2 2 2 2 2 2 2 
2 2 2 2 2 2 2 2 2 2 2 
2 2 2 2 2 2 2 2 2 2 2 
2 2 2 2 2 2 2 2 2 2 2 2 
2 2 2 2 2 2 2 2 2 2 2 
2 2 2 2 2 2 2 2 2 2 
2 2 2 2 2 2 2 2 
2 2 2 2 2 2 2 2 2 
2 2 2 2 2 2 2 2 2 
2 2 2 2 2 2 2 2 2 
2 2 2 2 2 2 2 2 2 
2 2 2 2 2 2 2 2 
2 2 2 2 2 2 2 2 
2 2 2 2 2 2 
2 2 2 2 2 2 2 
2 2 2 2 2 2 
2 2 2 2 2 2 
2 2 2 2 2 2 
2 2 2 2 2 2 
2 2 2 2 2 
2 2 2 2 2 2 2 2 
2 2 2 2 2 2 2 2 
2 2 2 2 2 2 
2 2 2 2 2 2 
2 2 2 2 2 2 2 2 
2 2 2 2 2 2 2 2 
2 2 2 2 2 2 2 
2 2 2 2 2 2 2 2 
2 2 2 2 2 2 2 2 
2 2 2 2 2 2 2 
2 2 2 2 2 2 2 
2 2 2 2 2 2 2 2 2 
2 2 2 2 2 2 2 2 2 
6 2 2 2 2 2 2 2 
2 2 2 2 2 2 2 2 
2 2 2 2 2 2 2 2 2 
2 2 2 2 2 2 2 2 2 
2 2 2 2 2 2 2 2 2 
2 2 2 2 2 2 2 2 2 
2 2 2 2 2 2 2 2 
2 2 2 2 2 2 2 2 
2 2 2 2 2 2 2 
2 2 2 2 2 2 
2 2 2 2 2 2 
2 2 2 2 2 2 
2 2 2 2 2 2 
2 2 2 2 2 2 2 2 
2 2 2 2 2 2 
2 2 2 2 2 2 
2 2 2 2 2 2 
2 2 2 2 2 2 
2 2 2 2 2 2 2 
2 2 2 2 2 2 2 
2 2 2 2 2 2 
2 2 2 2 2 2 
2 2 2 2 2 2 
2 2 2 2 2 2 
2 2 2 2 2 2 
2 2 2 2 2 2 
2 2 2 2 2 2 2 
2 2 2 2 2 2 2 2 
2 2 2 2 2 2 2 2 
2 2 2 2 2 
2 2 2 2 2 2 2 2 
2 2 2 2 2 2 2 2 2 
2 2 2 2 2 2 2 2 
2 2 2 2 2 2 2 2 
2 2 2 2 2 2 2 2 2 
2 2 2 2 2 2 2 2 2 
2 2 2 2 2 2 2 2 
2 2 2 2 2 2 2 2 
2 2 2 2 2 2 2 2 
2 2 2 2 2 2 2 
2 2 2 2 2 2 2 
2 2 2 2 2 2 2 
2 2 2 2 2 
2 2 2 2 2 
2 2 2 2 2 2 
2 2 2 2 2 2 
2 2 2 2 2 
2 2 2 2 2 
2 2 2 2 2 2 2 
2 2 2 2 2 2 2 2 
2 2 2 2 2 2 2 2 2 
2 2 2 2 2 2 2 2 2 
2 2 2 2 2 2 2 2 2 
2 2 2 2 2 2 2 2 2 
2 2 2 2 2 2 2 2 
2 2 2 2 2 2 2 2 2 
2 2 2 2 2 2 2 2 2 
2 2 2 2 2 2 2 2 2 
2 2 2 2 2 2 2 2 2 
2 2 2 2 2 2 2 2 
2 2 2 2 2 2 2 2 2 
2 2 2 2 2 2 2 2 2 
2 2 2 2 2 2 2 2 
2 2 2 2 2 2 2 2 
2 2 2 2 2 2 2 2 2 2 2 
2 2 2 2 2 2 2 2 2 2 2 
2 2 2 2 2 2 2 2 2 2 
2 2 2 2 2 2 2 2 2 2 2 
2 2 2 2 2 2 2 2 2 2 
2 2 2 2 2 2 2 2 2 2 2 
2 2 2 2 2 2 2 2 2 2 
2 2 2 2 2 2 2 2 2 2 
2 2 2 2 2 2 2 2 2 2 
2 2 2 2 2 2 2 2 2 2 
2 2 2 2 2 2 2 2 2 2 
2 2 2 2 2 2 2 2 2 2 2 
2 2 2 2 2 2 2 2 2 2 
2 7 2 2 2 2 2 2 2 2 2 2 2 
7 2 2 2 2 2 2 2 2 2 2 2 
2 2 2 2 2 2 2 2 2 2 
7 2 2 2 2 2 2 2 2 2 2 
7 2 2 2 2 2 2 2 2 2 2 
2 2 2 2 2 2 2 2 2 
7 2 2 2 2 2 2 2 2 2 2 
2 2 2 7 2 2 2 2 2 2 2 
2 2 2 7 2 2 2 2 2 2 
2 2 7 2 2 2 2 2 2 2 
2 2 2 7 2 2 2 2 2 2 2 
2 2 2 2 2 2 2 2 2 
2 2 7 2 2 2 2 2 2 2 2 
2 2 2 7 2 2 2 2 2 2 2 
2 7 2 2 2 2 2 2 2 2 2 2 
2 2 2 2 2 2 2 2 2 2 
2 2 7 2 2 2 2 2 2 2 2 2 
2 2 2 2 2 2 2 2 2 2 
2 2 2 2 2 2 2 2 2 2 2 
2 2 2 2 2 2 2 2 2 2 2 2 
2 2 2 2 2 2 2 2 2 2 2 2 
2 2 2 2 2 2 2 2 2 2 2 2 
2 2 2 2 2 2 2 2 2 2 2 2 
2 2 2 2 2 2 2 2 2 2 2 2 
2 2 2 2 2 2 2 2 2 2 2 2 
2 2 2 2 2 2 2 2 2 2 2 2 
2 2 2 2 2 2 2 2 2 2 2 2 
2 2 7 2 2 2 2 2 2 2 2 2 2 2 
2 2 2 2 2 2 2 2 2 2 2 2 2 
2 2 2 2 2 2 2 2 2 2 2 2 
2 2 2 2 2 2 2 2 2 2 2 2 2 
2 2 2 2 2 2 2 2 2 2 2 2 
2 2 2 2 2 2 2 2 2 2 2 2 
2 2 2 2 2 2 2 2 2 2 2 2 
2 2 2 2 2 2 2 2 2 2 2 2 
2 2 2 2 2 2 2 2 2 2 2 2 
2 2 2 2 2 2 2 2 2 2 2 2 2 
2 2 2 2 2 2 2 2 2 2 2 
2 2 2 2 2 2 2 2 2 2 2 
2 2 2 2 2 2 2 2 2 2 2 2 
7 2 2 2 2 2 2 2 2 2 2 2 
2 2 2 2 2 2 2 2 2 2 
2 2 2 2 2 2 2 2 2 2 
7 2 2 2 2 2 2 2 2 2 2 
2 2 2 2 2 2 2 2 2 2 
2 2 2 2 2 2 2 2 2 
2 2 2 2 2 2 2 2 2 
2 7 2 2 2 2 2 2 2 2 2 2 2 
2 7 2 2 2 2 2 2 2 2 2 2 
7 2 2 2 2 2 2 2 2 2 2 2 
7 2 2 2 2 2 2 2 2 2 2 2 
7 2 2 2 2 2 2 2 2 2 
7 2 2 2 2 2 2 2 2 2 
2 7 2 2 2 2 2 2 2 2 
2 7 2 2 2 2 2 2 2 2 
2 2 2 2 2 2 2 2 2 
2 2 2 2 2 2 2 2 2 2 
7 2 2 2 2 2 2 2 2 2 2 
7 2 7 2 2 2 2 2 2 2 2 2 2 
7 7 2 2 2 2 2 2 2 2 2 2 2 
2 2 2 2 2 2 2 2 2 2 2 
7 2 2 2 2 2 2 2 2 2 2 2 
7 2 2 2 2 2 2 2 2 2 2 2 
2 2 2 2 2 2 2 2 2 2 2 2 
2 2 2 2 2 2 2 2 2 2 2 2 
2 7 2 2 2 2 2 2 2 2 2 
2 2 2 2 2 2 2 2 2 2 2 
2 2 2 2 2 2 2 2 2 2 
2 2 7 2 2 2 2 2 2 2 2 
2 7 2 2 2 2 2 2 2 2 2 2 
2 2 7 2 2 2 2 2 2 2 2 
7 2 2 2 2 2 2 2 2 2 
7 2 7 2 2 2 2 2 2 2 2 2 
2 2 2 2 2 2 2 2 2 2 
2 2 2 2 2 2 2 2 2 2 
2 2 2 2 2 2 2 2 2 2 
7 2 2 7 2 2 2 2 2 2 2 2 2 
2 2 7 2 2 2 2 2 2 2 2 
2 2 2 2 2 2 2 2 2 2 
2 2 2 2 2 2 2 2 2 2 
7 2 2 2 2 2 2 2 2 2 2 
2 2 2 2 2 2 2 2 2 2 2 
2 2 2 2 2 2 2 2 2 
2 2 2 2 2 2 2 2 2 
2 2 2 2 2 2 2 2 2 
2 2 2 2 2 2 2 2 2 2 
2 2 2 2 2 2 2 2 2 
2 2 2 2 2 2 2 2 2 
2 2 2 2 2 2 2 2 2 
2 2 2 2 2 2 2 2 
2 2 2 2 2 2 2 2 2 
2 2 2 2 2 2 2 2 2 
2 2 2 2 2 2 2 2 2 
2 2 2 2 2 2 2 2 2 2 
2 2 2 2 2 2 2 2 2 2 
2 2 2 2 2 2 2 2 2 2 
2 2 2 2 2 2 2 2 
2 2 7 2 2 2 2 2 2 2 2 
2 2 2 2 2 2 2 2 2 
2 2 2 2 2 2 2 2 2 2 
2 2 2 2 2 2 2 2 2 2 
2 2 2 2 2 2 2 2 2 2 2 2 
2 2 2 2 2 2 2 2 2 2 2 2 
2 2 2 2 2 2 2 2 2 2 2 
2 2 2 2 2 2 2 2 2 2 
2 2 2 2 2 2 2 2 2 2 2 2 
7 2 2 2 2 2 2 2 2 2 2 
2 2 2 2 2 2 2 2 2 2 2 
2 2 2 2 2 2 2 2 2 2 
7 2 2 2 2 2 2 2 2 2 2 
2 2 2 2 2 2 2 2 2 2 
7 2 2 2 2 2 2 2 2 2 2 2 
2 2 2 7 2 2 2 2 2 2 
2 2 2 7 2 2 2 2 2 2 2 
2 2 7 2 2 2 2 2 2 2 
2 7 2 2 2 2 2 2 
7 2 7 2 2 2 2 2 2 
7 2 2 2 2 2 
2 7 2 2 2 2 2 
2 7 2 2 2 2 2 
2 7 2 2 2 2 2 2 
2 7 2 2 2 2 2 2 
7 2 2 2 2 2 2 
2 2 2 7 2 2 2 2 
2 2 7 2 2 2 2 
2 2 7 2 2 2 2 
7 2 2 2 2 2 2 
7 2 2 2 2 2 2 
7 2 2 2 2 2 2 
2 2 2 2 2 2 2 2 
2 2 6 2 2 2 2 2 2 2 
6 2 2 2 2 2 2 2 
2 2 2 2 2 2 2 
2 2 2 2 2 2 2 2 
7 2 2 2 2 2 2 2 
2 2 2 2 2 2 2 
2 2 2 2 2 2 
2 2 7 2 2 2 2 2 
2 7 2 2 2 2 2 2 
7 2 2 2 2 2 2 2 
2 2 2 2 2 2 
2 2 2 2 2 
2 2 2 2 2 2 2 
2 2 2 2 2 2 
2 2 2 2 2 
2 2 2 2 2 
2 2 2 2 2 
2 2 2 2 2 2 
2 2 2 2 2 2 
2 2 2 2 2 
5 2 2 2 2 2 
2 2 5 2 2 
2 2 2 2 2 
2 2 2 2 2 
2 2 2 2 2 
2 2 2 2 2 2 
2 2 2 2 2 2 
2 2 3 2 2 2 2 2 2 
2 2 2 2 2 2 
2 2 2 2 2 2 2 
2 2 2 2 2 2 2 
2 2 2 2 2 2 2 
2 2 2 2 2 2 2 
2 2 2 2 2 2 2 2 
2 2 2 2 2 2 2 
2 2 2 2 2 2 
2 2 2 2 2 2 
2 2 2 2 2 2 
2 2 2 2 2 2 2 
2 2 2 2 2 2 
2 3 2 2 2 2 2 2 
2 2 2 2 2 2 2 
2 2 2 2 2 2 
2 2 2 2 2 2 
2 2 2 2 2 2 2 
2 2 2 2 2 2 
2 2 2 2 2 2 
2 2 2 2 2 2 2 
2 2 2 2 2 2 
2 2 2 2 2 2 
2 2 2 2 2 2 2 
2 2 2 2 2 2 2 
2 2 2 2 2 2 2 2 
2 2 2 2 2 2 
2 2 2 6 2 2 2 2 
2 2 2 2 2 2 2 
2 2 2 2 2 2 2 
2 2 2 2 2 2 2 
2 2 2 2 2 2 2 
2 2 2 2 2 2 2 
2 2 2 2 2 2 
2 2 2 2 2 2 
2 2 2 2 2 2 2 2 2 
2 2 2 2 2 2 2 
2 2 2 2 2 2 2 2 
2 2 2 2 2 2 2 2 2 2 
2 2 2 2 2 2 2 2 2 2 
2 2 2 2 2 2 2 2 2 2 
2 2 2 2 2 2 2 2 2 2 
2 2 2 2 2 2 2 2 2 2 
7 2 2 2 2 2 2 2 2 2 2 2 
2 2 2 2 2 2 2 2 2 2 
2 2 2 2 2 2 2 2 2 2 
7 2 2 2 2 2 2 2 2 2 2 
2 2 7 2 2 2 2 2 2 2 2 
7 2 2 2 2 2 2 2 2 2 
2 2 2 2 2 2 2 2 2 2 
2 2 2 2 2 2 2 2 2 
7 2 2 2 2 2 2 2 2 
2 7 2 2 2 2 2 2 
7 2 2 2 2 2 2 2 
2 2 7 2 2 2 2 2 
7 2 2 2 2 2 2 
7 2 2 2 2 2 2 2 
2 2 2 2 2 2 2 
7 2 2 2 2 2 2 2 
2 2 2 2 2 2 2 
2 2 2 2 2 2 2 
2 2 2 2 2 2 2 
2 5 2 2 2 2 2 2 
2 2 2 2 5 2 2 
7 2 2 5 2 2 2 2 
2 2 5 2 2 2 2 2 2 
2 2 2 5 2 2 2 2 
5 2 2 2 2 2 2 2 
2 5 2 2 2 2 2 2 
5 2 2 2 2 2 2 
2 5 2 2 2 2 2 2 
5 7 2 2 2 2 2 2 2 
6 2 2 2 2 2 2 2 
2 2 2 2 2 2 2 2 
2 2 2 2 2 2 2 2 
2 2 2 2 2 2 2 
2 2 2 2 2 2 2 2 
2 2 2 2 2 2 2 
2 2 2 2 2 2 
2 2 2 2 2 2 2 
