4 5 7 8 9 10 11 14 15 
5 7 8 9 11 12 
5 7 8 9 11 12 
7 8 9 11 12 15 16 
7 8 9 11 12 15 16 
7 8 9 10 11 14 15 16 
5 7 8 9 10 11 14 15 
6 7 8 9 10 11 
5 7 8 9 10 11 12 14 
5 7 8 9 11 12 14 
5 8 9 11 12 15 16 
5 8 9 11 12 14 15 16 
5 8 9 
5 7 8 9 
7 8 9 11 12 
7 8 9 11 12 
5 8 9 11 12 15 16 
4 5 8 9 14 15 16 
7 8 9 11 
6 7 8 9 10 11 
6 7 8 9 10 11 
6 7 9 10 11 
4 8 9 

5 9 
8 
5 7 8 9 11 12 
7 8 11 12 
9 11 12 15 
9 14 15 
8 9 
9 
8 9 
8 9 
8 9 
9 
8 9 
9 
5 7 8 9 
5 7 8 9 
5 7 8 9 
5 7 9 11 
5 7 9 10 11 
5 9 10 11 14 15 
5 9 
5 9 
4 5 8 9 
5 9 
4 5 8 9 
5 9 
5 9 

4 5 8 9 
5 9 
5 9 



9 13 
8 9 12 13 
11 12 13 
10 11 



14 
10 11 14 15 
10 11 12 14 15 16 
9 11 12 15 16 
9 10 11 12 13 14 15 16 17 
9 10 11 12 14 15 16 
9 10 11 12 13 14 15 16 17 
9 11 12 13 15 16 17 
9 
9 
9 
9 
9 
9 10 11 14 15 
9 10 11 12 14 15 16 
9 11 12 15 16 
5 9 
5 9 
5 9 
5 9 
5 9 
5 9 10 11 14 15 
5 9 10 11 12 14 15 16 
5 9 
13 
12 13 16 17 
11 12 15 16 
5 9 10 11 12 14 15 16 
10 11 12 14 15 16 
15 
5 9 
5 9 








9 
9 
9 
8 9 12 13 
8 9 12 13 
8 9 12 13 
8 9 12 13 
9 13 
9 13 
9 
9 
9 


9 12 13 16 17 
11 12 15 16 
10 11 12 14 15 16 
11 14 15 
11 12 15 16 
11 12 15 16 
10 11 12 14 15 16 
10 11 12 14 15 16 
11 12 14 15 16 
10 11 12 14 15 16 
10 11 14 15 

12 13 16 17 
4 8 11 12 13 15 16 17 
10 11 12 14 15 16 
4 8 10 11 12 14 15 16 
8 11 14 15 
8 14 
8 


8 9 13 
8 9 13 
8 9 13 
8 9 13 
4 8 9 
4 8 9 
8 9 
8 9 
8 9 
8 9 
8 9 
8 9 
8 9 
8 9 
8 9 
8 9 
8 9 
8 
7 8 9 
7 8 9 12 
4 5 7 8 9 11 12 
7 8 11 12 
7 8 9 11 12 15 16 
5 6 7 8 9 10 11 12 14 15 16 
8 9 10 11 14 15 16 
8 9 
5 7 8 9 11 12 
5 7 8 9 11 12 15 16 
5 9 11 12 14 15 16 
5 9 
5 9 




9 
5 9 
5 9 
5 9 
9 
9 
9 
4 8 9 
9 
5 8 9 
5 8 9 
5 8 9 
5 8 9 
4 5 8 9 
5 8 9 
4 5 8 9 
5 8 9 
4 8 
8 9 13 
8 9 
7 8 9 
4 5 7 8 9 
4 5 7 8 9 
4 5 7 8 9 11 
4 5 7 8 9 10 11 
4 5 8 9 10 11 14 15 
4 8 9 
4 8 9 
7 8 11 12 
7 8 9 11 12 15 16 
8 11 12 15 16 
8 
5 8 9 
4 5 8 9 
8 
8 
8 
8 
7 8 
7 8 
7 8 11 
7 11 
10 11 14 

9 
9 
9 
9 
9 
9 
9 
8 9 
9 
4 8 9 
8 9 
5 8 9 
8 
5 8 9 
5 8 9 
5 8 9 
5 8 9 
5 8 9 
8 
4 5 8 9 
8 
5 8 9 
8 
8 
8 
7 8 10 11 14 15 
7 8 10 11 12 14 15 16 
7 8 10 11 12 13 14 15 16 17 
7 8 11 12 
7 8 9 11 12 13 
7 8 9 12 13 
7 9 13 
7 9 13 
7 9 
7 
4 8 
9 
9 
9 
9 
9 
9 
9 
9 
9 
4 8 9 

9 
4 8 9 
9 

8 9 
8 9 
8 9 13 
8 12 13 
8 9 11 12 13 
9 10 11 13 
8 9 12 13 
6 7 8 9 10 11 12 13 
5 8 9 10 11 13 
9 12 13 
8 11 12 13 
8 10 11 12 
8 9 13 
8 9 12 13 
7 8 9 11 12 13 
6 7 8 10 11 12 
7 8 9 13 
7 8 9 12 13 
6 7 8 9 10 11 12 13 
6 7 8 10 11 
7 8 
7 8 
7 8 
7 8 
7 8 
7 8 

9 
9 
8 9 12 13 
8 9 11 12 13 
9 10 11 
9 
9 
9 13 
9 12 13 
9 10 11 12 13 
9 10 11 
9 

9 

9 
9 
9 
8 9 12 13 
6 7 8 9 10 11 12 13 
6 7 9 10 11 
5 9 
9 
9 
4 8 9 
4 8 9 
9 
4 8 9 
8 9 12 13 
4 8 9 12 13 
8 9 12 13 
8 9 12 13 
8 9 12 13 16 
8 9 11 12 13 15 16 17 
8 9 10 11 12 13 14 15 16 17 
8 9 10 11 12 13 14 15 16 
8 9 11 13 14 15 
8 9 13 
8 9 12 13 
8 9 12 13 16 
8 9 11 12 13 15 16 
8 9 10 11 12 13 14 15 16 
8 9 10 11 13 14 15 
8 9 13 
8 9 13 
8 9 13 
8 9 13 
8 9 
8 9 
8 9 
8 9 
8 9 
8 9 
8 
5 8 9 
5 8 9 
5 8 9 
5 7 8 9 
5 7 8 9 11 
5 7 8 9 11 12 
7 8 11 12 
7 8 9 11 12 15 16 
6 7 8 10 11 12 15 16 
4 5 7 8 9 10 11 12 14 15 16 
7 8 10 11 12 14 15 
