



8 9 12 13 
6 7 8 10 11 12 
6 7 10 11 
10 11 12 13 
8 9 12 13 
6 7 8 9 10 11 12 13 
6 7 8 9 10 11 12 13 
6 7 8 9 10 11 12 13 14 15 17 
6 7 9 10 11 13 17 
7 8 9 11 12 13 
7 8 9 10 11 12 
7 8 9 11 12 13 
7 8 10 11 12 
9 


8 9 13 
7 8 9 11 12 13 
6 7 8 9 10 11 




8 
8 9 
8 9 10 11 13 14 15 17 
8 9 
8 9 
8 9 
8 9 12 13 
7 8 9 10 11 12 
8 
9 
9 10 11 13 14 15 17 
9 
9 
9 
8 9 
8 9 
8 9 
8 9 
8 9 
8 9 
8 9 11 13 14 15 
7 8 9 10 11 12 13 14 15 16 
6 7 8 9 10 11 12 13 14 15 16 17 
8 16 

9 
9 
9 
7 8 
7 8 
7 8 9 
7 8 11 12 
7 8 11 12 
6 7 8 10 11 
6 7 9 10 11 
6 7 8 10 11 
9 10 
8 9 
8 9 
8 9 
8 9 
8 9 
8 9 
8 9 13 
8 9 13 
8 9 13 
8 9 13 
8 9 12 13 
8 9 12 13 
7 8 9 13 17 
7 8 9 13 
6 7 8 9 10 11 13 
6 7 8 9 10 11 13 17 
8 9 10 13 17 
8 9 
8 9 12 
8 12 
8 9 12 13 
9 13 
8 9 13 17 
8 13 17 
8 
8 9 
8 9 
8 9 12 13 
9 13 
9 13 17 
9 13 17 
9 13 
8 9 12 13 
7 8 11 12 
7 8 11 12 
6 7 8 10 11 12 
6 7 10 11 
6 10 
6 
6 
6 
6 
6 
6 
6 




10 
6 10 
6 7 10 11 
6 7 8 10 11 12 
7 8 11 12 
6 8 9 10 12 13 
6 7 9 10 11 13 
6 7 8 9 10 11 12 13 
6 7 8 10 11 12 
6 7 8 9 10 11 12 13 
6 7 8 9 10 11 12 13 
6 7 8 9 10 11 12 13 
7 8 9 11 12 13 
8 9 10 12 13 
6 7 9 10 11 13 
6 7 8 9 10 11 12 13 
6 7 8 9 10 11 12 
7 8 9 11 12 13 
8 9 10 11 12 13 14 15 
8 9 10 11 12 13 14 15 16 
9 10 11 12 13 14 15 16 17 
9 11 12 13 16 17 
9 11 12 13 17 
6 7 8 9 10 11 12 13 14 
6 7 8 9 10 11 12 13 14 15 
8 9 10 11 12 13 14 15 16 17 
12 13 16 17 
9 13 17 
9 


9 



9 







8 9 10 11 12 13 14 15 16 17 
9 13 17 

8 
8 9 12 13 
7 8 9 11 12 13 
6 7 8 9 10 11 12 13 
6 7 8 9 10 11 12 
8 9 10 
8 
8 9 12 13 
6 7 8 10 11 12 
8 
11 12 13 14 15 16 17 
12 13 16 17 
8 10 11 12 14 15 16 
11 12 13 15 16 17 
8 

8 





8 
8 
8 10 11 12 13 14 15 16 17 
7 8 10 11 12 13 16 17 
7 8 11 12 
6 7 10 11 
6 7 10 11 
10 




8 9 12 13 
6 7 8 9 10 11 12 
6 10 


7 8 9 11 12 13 
7 8 10 11 12 




11 12 13 14 15 16 17 
12 13 16 17 
8 9 12 13 
7 8 10 11 12 

10 11 12 14 15 16 
11 12 13 15 16 17 








8 9 
8 9 12 13 
8 9 12 13 
9 13 
9 13 
13 17 
13 17 

14 
10 11 14 15 
10 11 12 14 15 16 
10 11 12 14 15 16 
11 12 13 15 16 17 






9 
9 
9 
9 

9 
9 

8 9 
8 9 
8 9 
8 9 
8 9 
8 9 
8 9 
8 9 
8 9 
8 9 
8 9 
8 9 
8 9 
8 9 
7 8 9 
7 8 9 
6 7 8 9 10 11 
6 7 8 9 10 11 
8 9 10 
8 9 
7 8 9 
7 8 11 
6 7 9 10 11 
6 7 10 11 
10 



9 
9 
9 


9 
8 9 
8 9 
8 9 
7 8 
7 8 9 
6 7 8 9 10 11 
6 7 9 10 11 
9 10 
9 
9 
9 
9 
9 

9 


6 7 10 11 
6 7 8 9 10 11 
6 7 8 9 10 11 12 
7 8 9 11 12 
7 8 9 11 12 13 
8 9 12 13 
8 9 10 13 
6 7 9 10 11 13 
6 7 8 9 10 11 
6 7 8 9 10 11 12 
7 8 9 11 12 13 
8 9 12 13 
9 13 
9 13 
8 9 
8 9 
8 9 
8 9 
9 
9 
9 
9 








9 13 
8 9 12 13 
6 7 8 9 10 11 12 13 
6 7 9 10 11 13 14 
