3 7 8 
2 3 6 7 8 
2 3 6 7 8 9 11 12 13 
2 3 7 8 9 12 13 
2 3 6 7 8 9 12 13 
2 3 7 8 9 12 13 
2 3 7 8 9 12 13 
2 6 7 8 9 12 13 
2 3 6 7 8 9 13 17 
2 3 6 7 8 9 13 17 
2 3 6 7 8 12 
2 7 8 9 12 13 
2 3 6 7 8 9 12 13 
2 3 6 7 8 9 12 13 
2 3 7 8 9 12 13 
2 3 7 8 9 12 13 
2 3 7 8 9 12 13 
2 3 7 8 9 12 
2 3 7 8 9 12 
2 3 4 7 8 
2 3 4 7 8 
2 3 4 7 8 
2 3 7 
2 3 4 7 8 9 
2 3 4 7 8 
2 3 4 7 8 
2 3 4 7 8 9 13 
2 3 7 8 9 13 
2 3 7 8 9 13 
2 3 7 9 13 
2 3 8 9 12 13 
2 3 7 8 9 12 13 
2 3 8 9 12 13 
2 3 7 8 9 12 13 
2 3 7 8 9 12 13 
2 3 7 8 9 12 13 
2 3 4 7 8 9 12 13 17 
2 3 4 7 8 9 12 13 
2 3 4 7 8 9 12 13 
2 3 4 6 7 8 9 12 13 
2 3 4 7 8 9 12 13 
2 3 6 7 8 9 12 13 
2 3 6 7 8 12 13 
2 3 6 7 8 9 12 13 
2 3 7 8 9 12 13 
2 3 7 8 9 12 13 17 
2 3 4 7 8 9 12 13 
2 3 4 7 8 9 12 13 
3 7 8 9 12 13 
2 3 7 8 9 12 13 
2 3 6 7 8 9 13 
2 3 6 7 8 
2 3 6 7 8 
2 3 7 8 9 
2 3 8 9 12 
2 3 7 8 9 12 
2 3 6 7 8 9 12 13 
2 3 6 7 8 9 12 13 
2 3 6 7 8 9 12 13 
2 3 4 6 7 8 9 12 13 
2 3 7 8 9 12 13 17 
2 3 4 6 7 8 9 12 13 17 
2 3 4 7 8 9 13 
2 3 4 7 8 9 13 
2 3 4 7 8 9 13 
2 3 4 7 8 9 13 
2 3 4 7 8 12 
2 3 7 8 9 12 13 
2 3 4 7 8 9 12 13 
2 3 4 7 8 9 12 13 
2 3 7 8 9 12 13 
2 3 7 8 9 12 13 
2 3 7 8 
2 3 7 8 
2 3 8 9 
2 3 8 9 12 
2 3 9 13 
2 3 8 9 13 
2 3 8 9 13 17 
2 3 4 6 8 13 17 
2 3 4 6 8 13 
2 3 4 6 7 8 9 13 
2 3 6 7 
2 3 6 7 9 13 
2 3 6 7 9 
2 3 7 9 13 
2 3 7 8 9 
2 3 6 7 8 9 
2 3 6 7 8 13 
2 3 4 5 6 7 8 9 
2 3 4 5 7 8 9 13 17 
2 3 4 5 6 7 8 9 13 17 
3 4 5 7 8 9 13 17 
3 4 5 7 8 9 
2 3 4 7 8 9 
2 3 7 8 9 
2 3 7 8 9 12 
2 3 4 5 7 8 9 12 13 
2 3 4 7 8 9 12 13 
2 3 4 5 7 8 9 12 13 
2 3 4 7 8 9 12 13 
2 3 4 7 8 9 12 13 
2 3 4 7 8 9 12 13 17 
2 3 4 7 8 9 12 13 17 
2 3 4 7 8 9 12 13 
2 3 4 7 8 9 12 13 
2 3 7 8 9 12 13 
2 3 7 8 9 12 13 
2 3 8 9 12 13 
2 3 6 7 8 9 
2 3 6 7 8 9 
2 3 4 6 7 8 9 
2 3 4 7 8 
2 3 4 6 7 8 
2 3 7 8 
2 3 7 8 
3 7 8 9 13 
2 3 7 8 9 12 13 
2 3 7 8 9 12 
2 3 7 9 
2 3 7 8 9 13 
2 3 8 9 13 17 
2 3 7 8 9 13 17 
2 3 4 7 8 9 12 13 
2 3 4 7 8 9 12 13 
2 3 4 7 8 9 13 
2 3 4 7 8 9 
2 3 4 7 8 9 12 13 
2 3 4 7 8 
2 3 4 6 7 8 12 
2 3 4 6 7 8 12 
2 3 4 6 7 8 9 
2 3 
2 3 4 7 8 9 
2 3 6 7 9 13 
2 3 6 7 9 13 
2 3 6 7 9 13 
2 3 6 7 8 9 12 13 
2 3 6 7 9 
2 3 6 7 8 9 13 
2 3 7 8 9 13 
2 3 4 6 7 8 9 13 
2 3 4 6 7 8 9 12 13 
2 3 4 6 7 8 9 12 13 
2 3 6 7 8 9 12 13 
2 3 4 6 7 8 9 12 13 
2 3 6 7 8 9 12 13 
2 3 4 7 8 9 
2 3 4 7 8 9 
2 3 7 8 
2 3 7 8 13 17 
2 3 7 8 
2 3 7 8 12 
2 3 7 8 
3 7 8 9 12 13 
2 3 7 8 9 
2 3 7 8 9 12 13 
2 3 7 8 9 12 13 
2 3 7 8 9 
2 3 7 8 9 
2 3 5 7 8 9 
2 3 4 5 7 8 9 
2 3 4 5 7 8 9 13 
2 3 4 5 7 8 9 13 
2 3 4 5 7 8 9 
2 3 4 5 7 8 9 12 13 
3 4 5 7 8 9 13 
3 7 9 13 
3 7 8 9 13 
3 7 8 9 12 
3 7 8 
3 7 8 
3 4 7 8 12 
2 3 7 8 9 12 13 
2 3 4 7 8 9 12 13 
2 3 4 7 8 9 12 13 
2 3 4 7 8 9 12 13 
2 3 4 8 9 13 
2 3 4 7 8 9 12 13 
2 3 4 7 8 9 12 13 
2 3 4 7 8 9 12 13 17 
2 3 7 8 9 12 13 
2 3 8 9 12 13 
2 3 7 8 9 12 13 
2 3 8 9 12 13 
2 3 7 9 13 
2 3 7 9 13 
2 3 7 8 9 13 
2 3 7 8 9 13 
2 6 7 8 9 13 
2 3 6 7 8 9 13 
2 3 6 7 8 9 13 
2 3 6 7 8 9 13 
2 3 4 6 7 8 9 13 
2 3 4 6 7 8 12 
2 3 4 7 8 9 12 
2 3 6 7 8 9 12 13 
2 3 4 6 7 8 9 12 13 
2 3 4 6 7 8 9 12 13 
2 3 4 6 7 8 9 12 13 
3 4 7 8 9 12 13 
2 3 4 7 8 9 12 13 
2 3 7 8 
3 7 8 13 
2 3 4 7 8 13 
2 3 4 7 8 13 
2 3 4 7 8 13 
2 3 7 8 13 
2 3 7 8 
2 3 7 8 
2 3 6 7 8 12 
2 3 6 7 8 9 12 13 
2 3 6 7 8 9 12 13 
2 3 6 7 8 9 12 13 
2 3 7 8 9 12 13 
2 3 7 8 9 13 
2 3 4 7 8 9 13 
2 3 4 7 8 9 13 
2 3 4 7 8 9 12 13 
2 3 4 7 8 9 12 13 
2 3 4 7 8 9 12 13 
2 3 4 5 7 8 9 12 13 
2 3 4 7 8 9 12 13 
2 3 4 7 8 9 12 13 
2 3 4 7 8 9 13 
2 3 4 7 8 9 12 13 
2 3 4 7 8 9 12 13 
2 3 4 5 7 8 9 12 13 
2 3 4 5 7 8 9 12 13 
2 3 4 5 7 8 9 12 13 
2 3 4 5 7 8 9 12 13 
2 3 4 5 6 7 8 9 13 
2 3 6 7 9 13 
2 3 6 7 9 13 
3 8 9 13 
2 3 6 7 8 9 13 
2 3 6 7 8 9 13 
2 3 6 7 8 9 
2 3 4 7 8 9 
2 3 4 7 8 
2 3 4 7 8 
2 3 4 7 8 
2 3 4 7 8 
2 3 4 7 8 
2 3 4 7 8 
2 3 4 7 8 
2 3 4 6 7 8 9 12 
2 3 4 6 7 8 9 12 13 
2 3 4 6 7 8 9 12 13 
2 3 7 8 9 12 13 
2 3 6 7 9 13 
2 3 7 8 9 13 
2 3 5 7 8 9 
3 4 5 7 8 9 
3 7 8 9 
2 3 4 7 8 9 
2 3 4 5 7 8 9 
2 3 4 7 8 
2 3 4 7 8 
2 3 4 7 8 
2 3 4 7 8 12 
2 3 4 7 8 9 12 13 
2 3 4 7 8 9 12 13 
2 3 7 8 9 12 13 
2 3 7 8 9 13 
2 3 4 5 6 7 8 9 13 
2 3 6 7 8 9 13 17 
2 3 4 6 7 8 13 17 
2 3 4 6 7 8 
2 3 4 6 7 8 
2 3 4 5 6 7 8 9 
2 3 4 5 7 8 9 
2 3 4 7 8 
2 3 4 7 8 
2 3 4 7 8 
2 3 4 7 8 
3 4 7 8 9 
2 3 4 7 8 9 
2 3 4 7 8 9 12 
2 3 4 7 8 9 12 13 
2 3 7 8 9 12 13 
2 3 4 7 8 9 12 13 
2 3 4 7 8 9 13 
2 3 4 6 7 8 9 12 13 
3 4 7 8 12 13 
2 3 4 7 8 9 12 13 
2 3 6 7 9 13 
2 3 7 9 13 
2 3 7 9 13 
2 3 7 8 9 13 
2 3 7 8 9 13 17 
2 3 7 8 
2 3 4 6 7 8 
2 3 4 6 7 8 
2 3 4 7 8 
2 3 4 7 8 
2 3 7 8 9 
2 3 7 8 9 12 13 
2 3 7 8 9 12 13 
2 3 7 8 9 12 13 
2 3 7 8 9 13 
2 3 6 7 8 9 13 
2 3 6 7 8 9 13 
2 3 6 7 8 9 
2 3 7 8 9 13 
2 3 7 8 9 13 
3 7 8 9 13 
2 3 4 7 8 
2 3 4 7 8 9 
2 3 4 6 7 8 9 
2 3 4 6 7 8 9 13 
2 3 6 7 8 9 13 
3 7 8 9 13 
2 3 6 7 8 9 13 
2 3 7 8 
3 7 8 9 12 
2 3 6 8 9 12 13 
2 3 6 7 8 9 12 13 
2 3 6 7 8 9 12 13 
2 3 6 7 8 9 13 
2 3 6 7 8 9 13 
2 3 6 7 8 9 13 17 
2 3 7 8 9 13 
2 7 8 9 12 13 
2 3 6 7 8 9 12 13 
2 3 4 6 7 8 9 12 13 
2 3 4 6 7 8 9 12 13 
2 3 6 7 8 9 13 
2 3 7 8 9 13 
2 3 4 6 7 8 9 13 
2 3 4 6 7 8 13 
3 7 8 
2 3 6 7 8 
2 3 7 8 12 
2 3 7 8 9 12 
2 3 6 7 8 9 12 13 
2 3 6 7 8 9 12 13 
2 3 7 8 9 12 13 
3 5 7 8 9 12 13 
2 3 4 5 7 8 9 13 
2 3 4 5 7 8 9 12 13 
2 3 4 5 6 7 8 9 12 13 
2 3 4 7 8 9 12 13 
2 3 6 7 8 9 12 13 
2 3 7 8 9 12 13 
2 3 4 7 8 9 12 13 
2 3 4 7 8 9 12 13 
2 3 4 5 7 8 9 12 13 
2 3 4 5 7 8 9 12 13 
2 3 4 5 7 8 9 12 13 
3 4 7 8 9 12 13 
3 4 7 8 9 12 13 
2 3 7 8 9 12 13 
2 3 4 7 8 9 12 13 
2 3 4 7 8 9 12 13 
2 3 4 5 7 8 9 12 13 
2 3 4 5 7 8 9 
2 3 4 5 7 8 9 13 
2 3 4 5 7 8 9 13 
2 3 4 7 8 9 13 
2 3 7 8 9 13 
2 3 7 8 
2 3 8 9 
2 3 7 8 9 
2 3 8 9 
2 3 7 9 13 
2 3 7 8 9 13 
2 3 7 8 9 12 13 
2 3 7 8 9 12 13 
2 3 4 7 8 9 12 13 
2 3 4 7 8 9 13 
2 3 4 7 8 9 13 
2 3 4 7 8 9 13 
2 3 4 6 7 8 13 
2 3 6 7 8 13 
2 3 4 6 7 8 13 
2 3 4 5 6 7 8 9 
2 3 4 5 6 7 8 9 
2 3 4 6 7 8 
3 4 7 8 
3 4 7 8 9 13 
3 4 7 8 9 13 
2 3 4 7 8 9 13 
2 3 4 7 8 9 13 
2 3 7 8 9 13 
2 3 7 8 9 
2 3 4 7 8 9 
2 3 4 7 8 9 
2 3 4 7 8 
2 3 4 7 8 
3 4 7 8 12 
2 3 4 7 8 12 
2 3 4 7 8 9 12 13 
2 3 4 7 8 9 12 13 
2 3 4 7 8 9 12 13 
2 3 7 8 9 12 13 
2 3 7 8 9 12 13 
2 3 8 9 12 13 
2 3 9 13 
2 3 9 13 
2 3 9 
2 3 9 13 
2 3 9 13 
2 3 8 9 13 
2 3 8 9 13 17 
2 3 6 7 8 9 13 17 
2 3 6 7 8 
2 3 4 6 7 8 
2 3 4 6 7 8 
2 3 4 6 7 8 
2 3 4 6 7 8 
2 3 6 7 
2 3 6 7 9 
2 3 6 7 9 
2 3 6 7 9 
2 3 6 7 8 9 
2 3 6 7 8 
2 3 6 7 8 
2 3 4 6 7 8 
2 3 4 6 7 8 12 
2 3 4 7 8 9 12 13 
2 3 4 7 8 9 12 13 
2 3 7 8 9 12 13 
2 3 4 5 7 8 9 13 
2 3 4 5 7 8 9 13 
2 3 7 8 9 12 13 17 
2 3 4 7 8 9 12 13 
2 3 4 7 8 9 12 13 
2 3 4 7 8 9 12 13 
2 3 4 5 7 8 9 12 13 
2 3 4 5 7 8 9 13 
2 3 4 5 7 8 9 12 13 
2 3 4 7 8 9 12 13 
2 3 4 7 8 9 12 13 17 
2 3 4 7 8 9 13 
2 3 4 7 8 9 13 
2 3 4 5 6 7 8 9 13 
2 3 4 5 6 7 8 9 
2 3 4 6 7 8 
3 4 7 8 9 
2 3 6 7 9 
3 7 
2 3 9 
2 3 5 7 8 9 
2 3 5 7 8 9 
3 7 8 9 
2 3 7 8 9 
2 3 7 8 9 13 
2 3 4 7 8 9 13 
2 3 4 7 8 9 13 
2 3 4 7 8 9 12 13 
2 3 4 7 8 9 12 13 17 
2 3 4 5 7 8 9 12 13 
2 3 4 7 8 9 12 13 
2 3 4 5 7 8 9 13 
2 3 4 5 7 8 9 12 13 
2 3 4 5 7 8 9 13 
2 3 4 5 6 7 8 9 13 
2 3 4 5 6 7 8 9 
2 3 4 5 6 7 8 9 
2 3 4 6 7 8 
2 3 4 6 7 8 
2 3 4 6 7 8 
2 3 4 6 7 8 9 13 
2 3 6 7 9 13 17 
2 3 6 7 9 13 17 
2 3 6 7 8 13 17 
2 3 4 5 6 7 8 9 
2 3 4 6 7 8 
2 3 7 8 
2 3 4 6 7 8 
2 3 4 5 6 7 8 9 
2 3 4 7 8 9 
2 3 4 7 8 9 13 
2 3 4 7 8 9 13 
2 3 4 7 8 9 13 
2 3 4 7 8 9 12 13 
2 3 4 7 8 9 12 13 
3 7 8 9 12 13 
2 3 7 8 9 12 13 
2 3 7 8 9 12 13 
3 4 7 8 9 12 13 
3 4 7 8 9 12 13 
3 4 7 8 9 12 13 
2 3 4 6 7 8 9 12 13 17 
2 3 4 7 8 9 12 13 
3 4 7 8 9 12 13 
2 3 7 8 9 12 13 
2 3 4 7 8 9 12 13 
2 3 4 7 8 9 12 13 
2 3 4 7 8 9 12 13 
2 3 4 7 8 9 12 13 
2 3 7 8 9 12 13 
2 3 7 8 9 13 
2 3 7 8 9 13 
2 3 7 8 9 13 
3 7 8 9 
2 3 4 7 8 9 
2 3 4 6 7 8 9 
2 3 4 6 7 8 9 
2 3 6 7 8 9 13 
2 3 6 7 9 13 
3 7 8 9 13 
3 7 8 9 13 
3 7 8 9 13 
3 7 8 9 13 17 
2 3 7 8 9 13 
2 3 7 8 
2 3 7 8 9 
2 3 7 8 9 12 
2 3 7 8 9 12 13 
2 7 8 9 12 13 
2 7 8 9 12 13 
2 3 8 9 13 
2 3 4 8 9 12 13 
2 3 4 7 8 9 12 13 
2 3 4 7 8 9 12 13 
2 3 4 7 8 9 12 13 
2 3 7 8 9 12 13 
2 3 4 7 8 9 12 13 
2 3 8 9 12 13 
2 3 4 7 8 9 13 
2 3 7 9 13 
2 3 7 
2 3 7 
2 3 7 
2 3 7 9 13 
2 3 9 13 
2 3 9 13 
2 3 6 8 9 13 17 
2 3 6 7 8 9 13 17 
2 3 6 7 8 9 
2 3 8 9 
2 3 4 8 9 
2 3 4 6 7 8 9 
2 3 4 6 7 8 9 
2 3 6 7 8 9 
2 3 7 8 9 
2 3 7 8 9 
2 3 6 7 8 9 
