3 7 



3 














3 

3 
3 4 7 8 
3 
3 4 7 8 
3 7 
3 7 
3 
3 7 
3 7 



3 
3 


3 















































































































8 








8 
8 


8 


8 
4 8 







4 8 

4 8 



4 8 

4 8 
4 8 
4 8 
4 8 



4 
4 
3 4 








3 4 

4 





4 

















3 4 



3 

3 
3 




































4 
4 

4 


















3 
3 

3 


3 
3 

3 
3 
3 
3 
3 
3 
3 
3 
3 
3 
3 7 
3 7 
3 7 
3 7 
3 7 
3 7 
7 
7 
7 










































4 









3 4 
3 4 


3 4 









3 4 



3 4 
3 4 

3 7 

3 4 7 8 
3 4 7 8 
3 4 7 8 

3 4 7 8 
7 8 
7 8 




















