4 5 8 
4 5 8 
4 5 8 
3 4 5 7 8 9 
3 4 5 7 8 9 11 12 
3 4 5 7 8 9 11 12 14 15 
5 7 9 
5 7 9 11 
5 6 7 9 10 11 14 15 
5 9 10 14 
5 9 
5 9 
5 9 
5 9 
5 9 
5 9 
4 5 9 
4 5 9 
4 5 9 
4 5 8 9 
3 4 5 7 8 9 
3 4 5 7 8 9 
3 4 7 8 
3 4 7 
4 5 7 8 
3 4 6 7 10 11 
3 4 6 7 10 11 14 
3 4 14 
3 4 7 8 
3 4 7 8 
3 4 7 8 9 
3 4 7 8 9 
4 5 7 9 
4 5 6 7 8 9 10 11 
4 5 6 7 9 10 11 14 15 
4 5 8 14 
3 4 5 7 8 
3 4 7 8 
3 4 5 7 8 
3 4 5 7 8 
3 4 5 7 8 
3 4 7 8 
4 5 7 
4 6 7 
4 6 7 
4 8 10 
3 4 5 7 8 9 
3 4 5 7 8 9 
3 4 5 7 8 9 
3 4 5 7 8 
3 4 5 7 8 
3 4 5 7 8 
4 5 7 8 
4 7 
4 5 7 8 
4 7 
4 5 7 
4 10 
4 5 10 11 12 
4 7 8 9 10 11 12 13 
4 8 9 12 13 
4 5 9 13 
4 5 9 
4 5 9 
4 5 9 
4 5 9 
4 5 9 
4 5 9 
4 5 9 
4 5 8 9 
4 5 8 9 12 13 
7 8 9 11 12 13 
5 6 7 8 9 10 11 12 
5 6 7 8 9 10 11 12 13 
5 7 8 9 10 11 12 13 
6 7 8 10 11 12 
3 4 5 6 7 8 9 10 11 
3 4 5 7 8 9 10 
3 4 5 7 8 9 
4 5 9 
3 4 5 7 8 9 
4 5 8 9 
4 5 7 8 9 11 12 13 
4 5 6 7 8 10 11 12 
4 5 10 
5 
5 10 
5 7 10 11 
4 5 6 7 8 9 10 11 12 
7 8 9 11 12 13 
4 5 6 7 8 9 10 11 12 13 
4 8 9 10 12 13 
9 13 
4 9 

4 
4 
8 
4 5 8 9 
5 9 
5 9 
5 9 
3 4 5 9 
4 5 9 
5 9 
5 
4 5 
5 
4 5 
5 
5 
5 
4 5 8 9 12 13 
4 5 7 8 9 11 12 13 
4 5 6 7 8 10 11 12 
4 5 6 7 8 10 11 12 
4 5 7 8 9 10 11 
4 5 8 9 10 
4 5 8 9 
4 8 9 
4 8 9 
4 8 9 
3 4 7 8 9 
3 4 7 8 9 
4 8 9 
3 4 7 8 9 
3 4 7 8 9 
4 8 9 
4 8 9 
4 8 9 
4 8 9 
4 8 9 
7 8 9 
6 7 8 9 
4 6 7 8 9 
3 4 7 8 
3 4 6 7 8 10 11 
6 7 8 10 11 12 
6 7 8 10 11 12 
7 8 10 11 12 14 15 
7 8 11 12 14 15 16 
6 7 8 10 11 12 14 15 16 
6 7 8 10 11 12 14 15 16 
6 7 10 11 12 14 15 16 
10 11 14 15 
14 
6 
4 6 
3 4 
3 4 

4 
4 6 
6 
3 4 6 7 8 
3 4 7 8 
3 4 7 8 
3 4 7 
4 7 
6 7 10 11 
6 7 10 11 14 
10 14 

9 
9 
5 9 
4 5 8 9 
3 4 5 7 8 9 
3 4 5 7 8 9 
3 4 5 7 8 9 
3 4 5 7 8 9 
3 4 5 7 8 9 
3 4 5 6 7 8 9 10 11 
4 5 6 7 9 10 11 14 15 
5 7 11 14 
5 6 7 10 11 
5 6 7 10 11 14 15 
5 
5 6 
4 5 6 
4 5 
4 5 
4 
4 
4 
4 6 8 
3 4 7 8 
4 7 8 
4 7 8 
4 6 7 8 10 11 
6 7 8 10 11 12 14 
7 8 11 12 
11 12 14 15 16 
9 14 15 
9 
5 9 
5 9 
5 9 
5 9 
5 9 
5 9 
5 9 
5 9 
5 9 
4 5 9 
3 4 5 7 8 
3 4 5 7 8 
4 5 7 8 
3 4 5 6 7 8 10 11 
3 4 5 6 7 8 10 11 14 15 
3 4 6 7 8 14 
4 7 8 
4 5 7 9 
5 7 9 11 
4 5 
5 
4 5 
4 5 
4 5 
4 5 
4 8 
3 4 6 7 8 
3 4 6 7 8 
3 4 7 8 
3 4 7 8 
3 4 7 8 
4 7 
4 7 
4 7 
4 7 
4 8 9 
4 8 9 
4 7 8 9 11 12 13 
4 6 7 8 9 10 11 13 
4 7 8 9 10 12 13 16 
6 7 11 12 15 16 
4 6 7 8 11 12 14 15 16 
6 7 
6 10 
10 











10 11 
7 8 10 11 12 
7 8 9 11 12 13 
6 7 8 9 10 11 12 13 
6 7 8 9 10 11 12 13 
6 7 8 9 10 11 12 13 
8 9 10 12 13 
9 10 11 12 13 
7 8 10 11 12 
8 9 12 13 
9 13 
6 7 10 11 
6 7 8 10 11 12 
8 9 12 13 
9 10 13 
6 7 8 10 11 12 
6 7 8 9 10 11 12 13 
8 9 12 13 
9 13 
3 4 

4 

4 
4 5 9 
4 5 9 
4 5 9 
5 9 10 11 
5 7 8 9 10 11 12 
4 5 7 8 9 11 12 13 
3 4 5 9 13 
3 4 5 9 
3 4 5 9 
4 5 9 10 11 12 
4 5 8 9 11 12 
4 5 8 9 12 13 
3 4 5 7 8 
3 4 5 7 8 
3 4 5 7 8 
3 4 5 7 8 
3 4 5 7 8 
3 4 5 7 8 
3 4 5 7 8 
3 4 5 7 8 
4 5 6 7 8 10 11 12 
4 5 7 8 9 11 12 13 
4 9 13 
4 
4 5 9 
4 5 8 9 
4 5 8 9 
3 4 5 7 8 9 
3 4 5 7 8 9 
3 4 5 7 8 
3 4 5 7 8 
3 4 5 7 8 
3 4 5 7 8 
4 5 8 9 
4 5 8 9 12 
4 5 7 8 9 11 12 13 15 16 17 
4 5 6 7 8 9 10 11 12 13 
4 5 6 7 8 9 10 11 12 
4 5 7 8 9 10 11 12 16 
4 5 8 9 11 12 16 
4 5 6 7 8 9 10 11 12 
4 6 7 8 9 10 11 
3 4 7 8 9 10 12 16 
3 4 7 8 11 12 15 16 
3 4 7 8 11 12 15 16 
3 4 6 7 8 10 11 12 
3 4 6 7 8 10 11 12 16 
4 10 11 12 13 15 16 17 
4 10 11 12 15 16 
4 6 7 8 10 11 12 
3 4 6 7 8 10 11 
4 8 10 
3 4 7 8 
4 
3 4 7 8 
4 
4 
4 
4 8 
3 4 7 8 
4 8 
4 8 
8 9 
8 9 

