14 15 16 


3 10 11 12 14 15 16 
10 11 12 13 14 15 16 17 
10 11 12 13 
3 15 16 

8 9 12 13 
6 7 8 10 11 12 14 15 16 
10 11 12 14 15 16 
10 11 12 13 14 15 16 17 

3 


11 14 15 16 
3 16 17 
3 
3 
3 
3 4 
3 4 
3 4 
4 
4 
4 7 8 9 11 12 13 
4 7 8 10 11 12 
4 10 14 15 16 
4 15 16 17 
4 
4 
4 8 
4 8 
4 7 8 9 11 12 13 
4 7 8 10 11 12 
4 8 

4 8 
4 8 



14 15 16 
15 16 17 



3 
9 
9 
9 
5 8 9 
5 8 9 
3 5 8 9 
3 5 8 9 12 
3 5 8 9 12 
3 5 8 9 12 
3 5 7 8 9 11 12 
3 4 5 7 8 9 11 12 
3 4 5 8 9 11 12 15 16 
3 4 7 8 11 12 14 15 16 
4 7 8 9 14 15 
4 6 7 8 9 10 11 
4 6 7 8 9 10 11 
3 4 8 10 
4 7 8 9 
4 6 7 8 9 10 11 
3 4 6 7 8 10 11 
3 4 7 8 10 
3 4 7 8 
3 4 6 7 8 10 11 
3 4 5 6 7 8 9 10 11 
4 5 8 9 10 
4 5 8 9 
5 9 
3 5 9 
3 9 
3 9 
3 9 
3 4 9 
3 4 9 
4 9 
4 5 9 
4 5 9 13 
4 5 9 13 
4 5 8 9 12 13 
4 5 8 9 12 13 
4 5 8 9 12 13 
4 5 8 9 12 13 16 17 
4 5 8 9 12 13 16 17 
4 5 8 9 13 17 
4 5 8 9 13 17 
4 5 8 9 
4 5 8 9 
4 5 8 9 
4 5 8 9 
4 5 8 9 
4 5 8 9 
4 5 7 8 9 
2 4 5 7 8 9 
2 4 5 6 7 8 9 10 11 
3 4 5 6 7 10 11 
2 3 4 5 10 
3 4 5 
3 4 
3 4 
3 4 
3 4 
3 4 
3 4 
3 4 10 
3 4 6 7 10 11 
3 4 6 7 8 10 11 12 
3 4 6 7 8 9 10 11 12 13 
3 4 7 8 9 11 12 13 
3 4 8 9 12 13 
3 4 9 13 
3 4 9 13 
3 4 9 13 
3 4 9 
3 4 9 17 
4 9 16 17 
4 9 
4 9 
2 4 5 9 
4 5 9 17 
4 5 8 9 16 17 
4 5 8 9 
4 5 8 9 16 17 
2 4 5 8 9 16 17 
2 4 5 8 9 
2 3 4 5 8 9 
3 4 5 8 9 
4 5 8 9 17 
2 3 4 5 8 9 16 17 
2 3 4 8 9 
2 3 4 5 8 9 13 
2 3 4 8 9 12 13 
3 4 6 7 8 9 10 11 12 13 
3 4 6 7 10 11 12 13 17 
3 4 6 7 8 9 10 11 12 13 
2 3 4 6 7 8 9 10 11 12 13 
3 4 6 7 8 9 10 11 12 13 
3 4 7 8 9 11 12 13 
3 4 6 7 10 11 
3 4 10 
3 4 
3 4 
4 
3 4 
3 4 8 
3 4 8 
3 4 8 
3 4 8 
3 4 8 
3 4 5 8 9 
4 5 8 9 
4 8 9 
4 8 9 13 
4 5 6 7 8 9 10 11 12 13 
4 5 6 7 8 9 10 11 12 
4 5 8 9 10 11 12 13 14 15 16 17 
4 5 8 9 11 12 13 15 16 17 
4 14 15 16 17 
4 
4 
4 
4 8 14 15 16 
4 8 16 17 



7 8 9 11 12 13 
7 8 10 11 12 
8 9 12 13 
6 7 8 9 10 11 12 13 















6 7 8 9 10 11 12 13 
6 7 10 11 12 
7 8 10 11 12 





3 14 15 16 
3 
4 
3 

11 14 15 17 



3 


3 



3 
3 7 8 11 12 13 14 15 
3 7 8 10 11 12 14 15 16 17 
3 
3 4 
3 4 
4 12 13 
4 6 7 8 9 10 11 12 13 
4 6 7 10 11 
4 
4 
4 5 8 9 
3 4 
4 
4 
4 5 8 9 
4 8 




3 
3 




3 4 8 
3 
3 
3 
3 15 16 
3 4 11 12 15 16 
3 4 10 11 12 14 15 16 
3 4 10 11 14 15 
10 11 
4 
4 9 
4 9 
4 9 
4 9 
5 9 
5 9 
5 9 
4 5 9 
4 5 9 
4 5 9 
4 5 9 
4 5 9 
3 4 5 9 
4 5 8 9 
4 5 9 
4 5 8 9 
4 5 8 9 12 13 
4 5 8 9 12 13 
4 5 8 9 12 13 
3 4 5 8 9 12 13 
3 4 8 9 11 12 13 15 16 
3 4 5 8 9 11 12 13 15 16 
3 4 8 9 11 12 13 14 15 16 
3 4 8 9 12 13 14 15 16 
3 4 8 9 11 12 13 15 16 
4 8 9 10 11 12 14 15 16 
4 8 9 11 12 14 15 16 
3 4 8 9 11 12 13 15 16 
3 4 5 8 9 11 12 13 14 15 16 
3 4 5 8 9 12 13 14 15 
3 4 5 7 8 9 11 12 
3 4 8 9 11 12 13 15 16 
4 8 9 10 11 12 13 14 15 16 
4 8 9 10 11 12 13 14 15 
3 4 8 9 11 12 15 16 
4 8 9 11 12 15 16 
3 4 5 8 9 11 12 14 15 16 
4 5 8 9 14 15 
4 8 9 
3 4 7 8 9 
2 3 4 7 8 9 
2 3 4 6 7 8 9 10 11 
3 4 6 8 9 10 
3 4 8 9 
3 4 8 9 12 13 
2 3 4 8 9 12 
2 3 4 8 9 12 
3 4 8 9 11 12 15 16 
3 4 8 9 11 12 14 15 16 
3 4 8 9 12 14 15 
3 4 8 9 12 
3 4 8 9 12 
4 7 8 11 12 
3 4 8 11 12 15 16 
2 3 4 7 8 10 11 12 14 15 16 
3 4 5 6 7 8 9 15 
3 4 5 6 7 8 9 10 11 
3 4 6 8 9 10 
3 4 8 9 
3 4 8 9 
3 4 8 9 12 13 
3 4 5 8 9 12 13 
3 4 5 8 9 12 
3 4 7 8 9 11 12 15 16 
4 8 9 10 11 12 14 15 16 
4 8 9 14 15 
2 4 8 9 
4 8 
4 8 
4 8 
4 8 
4 5 8 9 
3 4 8 
3 4 5 8 9 
4 8 9 
3 4 8 9 
3 4 8 10 11 
4 5 6 7 8 9 10 11 12 
4 5 6 7 8 9 10 11 12 13 
2 4 5 6 7 8 9 10 11 12 13 
3 4 5 6 7 8 9 10 11 12 13 
3 4 5 6 8 9 10 11 13 
6 7 8 9 10 11 12 13 
3 7 8 9 11 12 13 
3 4 8 9 12 13 
3 4 9 10 11 13 
3 4 9 10 11 13 16 17 
4 7 8 9 11 12 15 16 17 
3 4 7 8 9 11 12 13 
3 4 5 8 9 10 12 13 
3 4 5 9 10 11 13 
3 4 5 6 7 8 9 10 11 12 13 
3 4 5 7 8 9 11 12 13 
3 4 5 8 9 12 13 
3 4 5 9 13 
3 4 5 9 13 
3 4 5 9 13 
3 4 5 8 9 
3 4 5 8 9 
3 4 5 8 9 
4 5 8 9 
4 5 8 9 
4 5 8 9 
4 5 8 9 
4 5 9 10 11 14 15 
3 4 5 9 10 11 12 14 15 16 
4 5 9 11 12 13 15 16 17 
3 4 5 8 9 14 
3 4 8 14 15 16 17 
