4 9 13 
4 9 13 
3 4 5 9 
3 4 5 7 8 9 
3 4 5 7 8 9 
3 4 5 7 8 9 13 
3 4 5 7 8 9 13 
3 4 5 7 8 9 
3 4 5 7 8 9 
3 4 5 7 8 9 
3 4 5 7 8 9 
3 4 5 7 8 9 12 13 
3 4 5 7 8 9 12 13 
3 4 7 8 9 12 13 
3 4 7 8 9 12 13 16 17 
3 4 7 8 9 12 13 16 17 
4 5 8 9 12 13 17 
4 5 8 9 12 13 17 
3 4 5 7 8 9 12 13 
3 4 5 7 8 9 12 13 16 17 
3 4 5 7 8 9 12 13 16 17 
3 4 5 7 8 9 13 17 
3 4 5 7 8 9 13 17 
3 4 5 7 8 9 
4 5 8 9 
4 5 8 9 12 13 
4 5 8 9 12 13 
5 8 9 12 13 16 17 
13 17 
4 5 13 17 
4 17 






5 

4 5 
4 5 
4 
4 
4 
4 
4 
4 
4 8 
3 4 7 8 
3 4 7 8 
4 8 
4 8 
4 8 9 
8 9 12 13 
8 9 12 13 
8 9 12 13 17 
13 17 
13 17 
5 



9 13 
9 13 
5 9 
5 9 
4 5 8 9 
4 5 8 9 
4 5 8 9 
4 5 8 9 
4 5 8 9 
4 5 
4 5 
5 
5 
5 
4 5 9 13 
4 5 9 13 
4 5 9 
4 5 9 
4 5 8 9 
4 5 8 9 
4 5 8 9 
4 5 8 9 
4 5 8 9 
4 5 
3 4 5 
3 4 5 7 8 
3 4 5 7 8 
3 4 5 7 8 
3 4 5 7 8 
3 4 5 7 8 
3 4 5 7 8 
4 8 
3 4 5 8 9 
3 4 5 8 9 12 13 
4 5 8 9 12 13 

12 13 
8 9 12 13 
8 9 12 13 16 17 
8 9 12 13 16 17 
8 9 12 13 16 17 
9 13 17 
9 13 17 
9 13 17 
5 9 
5 9 
4 5 7 8 9 11 12 13 14 15 16 17 
4 5 6 7 8 9 10 11 12 14 15 16 
4 5 8 9 10 11 14 15 
4 5 8 9 13 17 
4 5 8 9 13 17 
4 5 8 9 
4 5 
4 5 
4 5 
5 
5 
5 
5 
5 


5 




5 








































5 
5 

5 
5 

5 
5 
5 
5 
5 9 
5 9 
4 5 8 9 
4 5 8 9 
4 5 8 9 
4 5 8 9 
4 5 8 9 
4 
4 5 
4 5 9 
3 4 5 9 
3 4 5 7 8 9 
3 4 5 7 8 9 
3 4 5 7 8 9 
3 4 5 7 8 9 
3 4 5 7 8 9 
4 5 8 9 
4 5 8 9 12 13 
4 5 8 12 
4 5 8 12 13 
4 5 8 9 12 13 17 
4 5 13 17 
3 4 5 7 8 13 17 
3 4 5 7 8 9 
3 4 5 7 8 9 
5 9 
3 4 5 7 8 9 
3 4 5 7 8 9 
4 5 8 9 
4 5 8 9 
4 5 8 9 12 13 
8 9 12 13 
5 8 12 
4 5 8 9 12 13 16 17 
4 5 9 13 17 
4 5 13 17 
5 9 
5 9 
5 9 
5 9 13 
4 5 8 9 13 
4 5 8 9 
4 5 8 9 
4 5 8 9 
4 5 8 9 13 
4 5 8 9 13 
4 5 8 9 13 
4 5 8 9 
4 5 8 9 
4 5 8 9 
4 5 8 9 
3 4 5 8 9 
4 5 8 9 
5 
4 5 8 9 
4 5 
3 4 5 
3 4 5 
4 5 
4 5 
4 5 
4 5 
4 5 
4 
4 
4 5 
5 
5 
5 
5 



9 13 
9 13 
9 13 
5 9 
4 5 8 9 
4 5 8 9 
4 5 8 9 
4 5 8 9 
4 5 8 9 
4 5 8 9 
4 5 
4 5 
4 5 
4 5 
5 
5 
5 
5 





5 
5 
5 
5 
5 
4 5 
4 5 
4 5 
4 5 
4 
4 
4 
4 


3 4 7 8 
3 4 7 8 
4 8 
4 8 
4 5 8 9 
8 9 12 13 
8 9 12 13 
8 9 12 13 17 
9 13 17 
13 17 










9 13 
9 13 
9 13 
5 9 
5 9 
4 5 8 9 
4 5 8 9 
4 5 8 9 
4 5 8 9 
4 5 8 9 
4 8 
4 5 
4 5 9 13 
4 5 9 13 
5 9 
5 9 
4 5 8 9 
4 5 8 9 
4 5 8 9 
4 5 8 9 
4 5 8 9 
4 5 
4 5 
5 
5 
5 
3 4 5 
3 4 
4 5 
4 5 
4 5 
4 5 
5 
5 



9 13 
9 13 
5 9 
5 9 
4 5 8 9 
4 5 8 9 
4 5 8 9 
4 5 8 9 
4 5 8 9 
4 5 
4 5 
4 5 
5 
4 5 
5 

3 4 
3 4 
3 4 
4 5 
4 5 
4 5 
4 5 
5 
5 

3 
3 4 
3 4 
3 4 
3 4 
4 5 
4 



4 
4 
4 
4 8 
4 8 
4 8 
3 4 7 8 
3 4 7 8 
3 4 7 8 
4 8 
4 8 
4 5 8 9 12 13 
8 9 12 13 
8 9 12 13 
8 9 12 13 16 17 
9 13 17 
5 9 13 17 
5 13 17 
5 
5 
5 
5 
5 
4 5 
4 5 
4 5 
4 5 
4 
4 5 
4 5 
4 5 
4 5 
3 4 5 
3 4 5 7 8 
3 4 5 7 8 
3 4 7 8 
3 4 5 7 8 
3 4 7 8 
3 4 5 7 8 
3 4 5 7 8 
3 4 5 7 8 
3 4 5 7 8 12 
5 8 9 12 13 
5 8 9 12 13 
8 9 12 13 16 17 
8 9 12 13 16 17 
9 12 13 16 17 
5 9 13 17 
4 5 8 9 
4 5 8 9 
4 5 8 9 13 
4 5 8 9 13 
4 5 8 9 13 
4 5 8 9 
4 5 8 9 
4 5 8 9 
4 5 8 9 
4 5 8 9 
4 5 8 9 
4 5 8 9 
4 5 
5 
5 
5 
5 
5 9 13 
5 9 13 
4 5 9 
4 5 9 13 
4 5 8 9 13 
4 5 8 9 
4 5 8 9 
4 5 8 9 
4 5 8 9 
4 5 8 9 13 
4 5 8 9 13 
3 4 5 7 8 9 
3 4 5 7 8 9 
3 4 5 7 8 9 
3 4 5 7 8 9 13 
3 4 5 7 8 9 13 
4 5 8 9 
4 5 8 9 
5 8 9 12 13 
4 5 8 9 12 13 
4 5 8 9 12 13 
4 5 8 9 12 13 16 17 
5 13 17 
4 5 8 9 13 17 
4 5 
4 5 
5 
5 
5 9 13 
5 9 13 
5 9 
5 9 
4 5 8 9 13 
4 5 8 9 13 
4 5 8 9 
4 5 8 9 
4 5 8 9 13 
4 5 8 9 13 
4 5 8 9 
4 5 8 9 
4 5 8 9 
4 5 8 9 
4 5 8 9 
4 5 8 9 
4 5 8 9 
4 5 
4 5 
4 5 
5 
5 
5 
5 
4 5 
4 5 
4 5 
4 5 
4 5 
4 5 
4 
4 
4 
4 
4 
3 4 7 8 

3 4 7 8 
3 4 7 8 
3 4 7 8 
4 8 
4 5 8 9 
4 5 8 9 12 13 
4 5 8 9 12 13 
8 9 12 13 
8 9 12 13 16 17 
8 9 12 13 16 17 
9 13 17 
13 17 
5 
5 
5 
5 
5 
5 
5 
4 5 
5 
4 5 
4 5 9 13 
4 5 9 
4 5 9 
4 5 8 9 13 
