5 7 8 9 11 12 13 
5 7 8 11 12 
5 6 7 10 11 
5 6 7 10 11 
6 10 


10 14 
10 11 
10 11 14 15 
10 11 14 15 

17 
17 
9 13 17 
8 9 12 13 
7 8 9 11 12 13 
5 7 8 11 12 
5 6 7 8 
5 6 7 10 11 
4 5 6 10 14 
4 5 6 8 9 10 14 
4 5 7 8 9 10 11 14 15 
3 4 7 8 
3 4 6 7 8 10 11 14 15 
5 6 7 8 10 11 12 14 15 16 
5 6 7 10 11 
5 6 7 10 11 
5 6 7 8 10 11 
4 5 7 8 
4 5 8 9 
4 5 8 9 
5 9 
5 10 14 
5 10 11 
5 9 10 11 13 17 
5 8 9 10 11 12 13 
5 7 8 9 12 13 
5 7 8 
5 6 7 12 13 16 17 
4 5 6 7 12 13 16 17 
4 5 6 10 17 
3 4 5 6 7 8 10 
3 4 5 7 8 
3 4 5 6 7 
4 5 6 7 8 9 
4 5 6 8 9 10 
3 4 7 8 10 14 
3 4 5 6 7 8 10 11 
5 6 7 8 10 11 12 
5 6 7 8 10 11 12 
5 8 9 
4 5 8 9 13 17 
5 9 13 17 
5 9 13 
5 9 13 
5 8 9 12 13 
5 7 8 9 12 13 
7 8 
7 8 
6 7 
5 6 7 10 
5 6 10 
5 6 10 
4 5 6 7 10 11 
4 5 6 7 10 11 14 
4 5 6 7 8 10 11 14 15 
3 4 5 7 8 10 11 14 15 
3 4 5 7 8 10 11 14 15 
2 3 4 5 6 7 8 9 
5 6 7 9 16 17 
5 6 9 10 16 17 
5 9 
4 5 8 9 
4 5 8 9 
4 5 8 9 
4 5 8 9 12 13 
4 5 8 9 12 13 16 17 
3 4 5 7 8 13 17 
3 4 5 7 8 10 13 14 17 
5 6 7 10 11 14 
5 6 9 10 11 13 
5 6 9 10 13 
5 9 12 13 16 17 
5 9 12 13 16 17 
8 9 12 13 
8 9 
4 5 7 8 
4 5 7 8 
4 5 6 7 9 
4 5 6 7 9 10 
3 4 5 6 7 8 9 10 11 13 14 
3 4 5 6 7 8 9 10 11 13 14 17 
3 5 6 7 8 10 11 13 14 17 
5 6 7 8 10 11 
3 4 5 6 7 8 9 10 11 
4 5 6 8 9 10 11 14 15 
5 9 
5 9 12 13 16 17 
5 9 13 16 17 
9 13 
8 9 12 13 
5 7 8 9 12 13 
4 5 7 8 
4 5 6 7 8 9 
4 5 6 7 8 9 10 
3 4 6 7 8 10 
3 4 6 7 8 10 
3 4 6 7 8 10 11 
6 7 10 11 14 
6 7 8 10 11 14 
7 8 10 11 
4 5 7 8 9 10 11 12 
4 5 7 8 9 11 12 
5 7 8 9 11 12 
5 8 9 
5 9 13 17 
5 9 13 
5 8 9 12 13 
5 7 8 9 11 12 13 
5 7 8 
5 7 8 
5 6 7 9 
4 5 6 7 9 10 
4 5 6 9 10 
4 5 9 10 13 14 
3 4 7 8 9 10 11 13 14 17 
3 4 6 7 8 9 10 11 13 17 
3 4 6 7 8 10 11 12 
6 7 8 9 11 12 13 
4 5 6 8 9 10 
5 6 9 10 
5 9 


9 13 
9 13 
5 8 9 12 13 
5 7 8 9 12 13 
4 5 7 8 
4 5 6 7 8 9 14 
4 6 7 8 10 11 14 
3 4 6 7 8 10 11 14 15 
3 4 6 7 8 10 11 14 15 
6 7 10 11 14 15 
6 7 10 
6 10 12 13 16 17 
12 13 16 17 
13 17 
5 9 13 
5 8 9 12 13 
5 7 8 9 11 12 13 
5 7 8 11 12 
6 7 8 10 11 12 
6 7 10 11 
6 10 14 
10 11 
6 7 10 11 
5 7 8 11 12 
5 7 8 9 11 12 
5 8 9 
5 9 
5 9 
5 
10 14 
10 11 14 15 
9 13 17 
9 13 
5 9 12 13 16 17 
5 8 9 12 13 16 17 
4 5 7 8 9 12 13 
4 5 7 8 
4 5 6 7 8 
4 5 6 7 10 11 
4 5 6 7 10 11 
3 4 5 6 7 8 10 
3 4 5 7 8 
3 5 7 10 
2 3 5 6 7 10 
5 6 7 10 11 
5 6 7 10 11 14 
4 5 7 8 10 11 12 14 
4 5 7 8 9 10 11 14 
3 4 5 7 8 9 10 11 
3 4 5 7 8 9 10 11 15 
5 6 7 10 
5 6 7 10 12 13 16 17 
5 6 10 12 13 16 17 
5 6 10 
5 6 7 10 11 
5 6 7 10 11 14 
6 7 8 10 11 14 15 
7 8 10 11 14 15 
7 8 9 10 11 14 15 
4 5 8 9 13 17 
5 9 12 13 16 17 
5 9 13 17 
5 8 9 12 13 
4 5 8 9 12 13 
4 5 7 8 12 
4 5 7 8 
4 5 6 7 10 11 
3 4 5 6 7 8 9 10 11 14 15 
3 4 5 6 7 8 9 10 11 14 15 
3 4 5 6 7 8 9 10 
3 4 5 6 7 8 10 12 13 16 17 
3 4 6 7 8 10 11 16 17 
6 7 10 11 
5 6 7 8 10 11 
6 7 8 10 
5 7 8 9 
4 5 8 9 13 17 
5 9 13 
5 9 13 
5 8 9 12 13 
4 5 7 8 10 11 14 
4 5 7 8 10 11 
4 5 6 7 10 11 14 
4 5 6 7 9 10 11 14 15 
3 4 5 6 7 8 9 10 11 
3 4 5 6 7 8 9 10 11 12 13 16 17 
3 5 6 7 8 9 10 11 17 
5 6 7 8 9 13 
4 5 6 7 8 9 10 13 17 
4 5 8 9 13 17 
5 9 10 13 14 17 
5 9 10 11 14 15 
5 10 11 
5 13 
9 13 
8 9 12 13 16 17 
5 8 9 12 13 17 
4 5 7 8 10 14 
4 5 7 8 10 11 14 15 
4 5 6 7 8 9 10 11 14 15 
4 5 6 7 8 9 10 11 14 15 
3 4 5 6 7 8 10 
3 4 5 6 7 8 10 17 
3 5 6 7 10 11 14 
5 6 7 10 11 14 
2 3 4 6 7 8 10 11 12 14 
2 3 4 6 7 8 10 11 12 
2 3 4 5 6 7 8 9 10 11 12 13 
3 4 5 7 8 9 13 
4 5 8 9 13 
4 5 8 9 10 11 12 13 14 15 
5 7 8 9 10 11 12 13 14 15 
5 7 8 9 10 11 12 
5 6 7 8 11 12 
5 6 7 8 9 11 12 13 
5 6 7 8 9 10 11 12 13 
5 6 9 10 
4 5 8 9 
4 5 8 9 
4 5 8 9 12 13 
5 8 9 12 13 
5 8 9 12 13 17 
5 
5 
9 13 
9 13 
8 9 12 13 
7 8 9 11 12 13 
5 6 7 8 10 14 
4 5 6 7 10 14 
6 7 10 11 14 
4 5 6 7 10 11 
4 5 6 7 8 10 11 12 
4 5 7 8 9 11 12 13 
4 5 7 8 9 12 13 
3 4 5 7 8 9 13 
3 4 5 7 8 9 
3 4 5 7 8 9 
4 5 6 7 8 9 
4 5 6 7 8 9 
4 6 8 10 
4 8 12 
8 12 13 16 17 
8 9 10 12 13 14 16 17 
10 11 12 13 14 15 16 17 
10 11 14 15 17 
10 11 14 15 
9 10 11 13 14 15 
9 12 13 16 17 
8 9 12 13 16 17 
7 8 9 10 12 13 14 16 17 
5 7 8 9 10 11 14 
5 6 7 8 9 10 11 
5 6 7 9 
5 6 9 10 12 13 16 17 
5 6 9 10 12 13 16 17 
9 13 17 
9 13 17 
13 17 
10 14 
10 11 
10 11 15 

16 17 
17 
5 9 13 
5 8 9 12 13 
5 8 9 12 13 
5 7 8 12 
4 5 7 8 
4 5 6 7 10 11 
4 5 6 7 8 9 10 11 
3 4 6 7 8 10 
3 4 6 7 8 10 
5 6 7 10 11 
5 6 7 10 11 
5 6 7 10 11 
5 7 8 
4 5 7 8 9 
4 5 8 9 
5 9 13 
5 9 13 
5 8 9 12 13 
4 5 7 8 
4 5 7 8 
4 5 6 7 
4 5 6 7 10 
3 4 5 6 7 8 10 11 
3 4 5 6 7 8 9 10 11 
3 4 5 6 7 8 9 11 
3 4 5 6 7 8 
2 3 4 5 6 7 8 9 10 
4 5 6 7 8 9 10 13 14 17 
5 6 7 8 9 10 11 12 13 14 15 
5 6 7 8 9 10 11 12 13 14 15 
5 7 8 10 11 12 14 15 
5 6 7 8 10 
4 5 6 7 10 17 
4 5 6 10 17 
3 4 5 6 7 8 10 
3 4 5 6 7 8 9 10 11 
2 3 4 5 6 7 8 9 10 11 
3 4 5 6 7 8 10 11 
3 4 5 6 7 8 10 
3 4 5 6 7 8 9 10 11 14 15 
3 4 5 6 7 8 9 10 11 
5 6 7 9 10 11 14 15 
4 5 13 
5 9 12 13 16 17 
4 5 9 13 17 
8 9 12 13 17 
7 8 
4 5 7 8 
4 5 6 7 
3 4 5 6 7 8 
3 4 5 6 7 8 9 10 
3 4 5 6 7 8 9 10 
4 5 6 7 8 9 
4 5 6 8 9 10 12 13 
4 5 6 7 8 9 10 11 12 13 
3 4 5 6 7 8 9 10 11 13 14 17 
3 4 5 7 8 10 11 13 14 17 
3 5 7 8 10 11 14 15 
4 5 6 7 8 9 10 11 14 15 
4 5 6 9 10 
4 5 9 12 13 16 17 
4 5 9 13 16 17 
8 9 12 13 
5 8 9 12 13 
4 5 7 8 
4 5 7 8 
3 4 5 6 7 8 9 
3 4 5 6 7 8 9 
3 4 5 6 7 8 9 10 
3 4 5 6 7 8 9 10 
6 7 8 9 10 12 13 14 
6 7 9 10 13 14 17 
6 9 10 11 13 14 15 17 
6 7 10 11 13 17 
6 7 10 11 14 15 
7 8 11 
7 8 
7 8 17 
4 5 8 9 13 17 
5 9 
5 9 13 
5 8 9 12 13 
8 9 12 13 
5 7 8 
5 7 8 
5 6 7 
5 6 7 
5 6 9 10 
5 6 9 10 
5 9 
4 5 9 10 14 
4 5 9 10 11 13 14 15 
4 5 9 10 11 13 14 15 17 
4 5 10 11 13 14 15 17 
4 5 10 11 14 15 
3 4 5 6 7 8 10 
3 4 5 6 7 8 10 11 
3 5 6 7 10 11 
5 6 7 8 11 
5 6 7 8 
4 5 6 8 9 10 
5 9 
5 9 
5 9 13 
5 8 9 12 13 
5 7 8 9 10 11 12 13 14 
4 5 7 8 10 11 12 14 15 
4 5 6 7 8 9 10 11 14 15 
4 5 6 7 8 9 10 11 
4 5 6 7 8 9 10 11 12 13 16 17 
3 4 5 6 7 8 9 10 17 
3 4 5 7 8 9 12 13 
3 5 6 7 8 9 12 13 
5 6 7 8 9 10 12 13 16 17 
6 10 13 17 
6 10 
6 7 10 11 14 
6 7 10 11 14 15 
6 7 10 11 14 15 
7 8 10 11 12 
7 8 
4 5 8 9 
4 5 8 9 12 13 16 17 
5 9 12 13 16 17 
5 8 9 12 13 17 
5 8 9 12 13 
5 7 8 9 11 12 13 
5 7 8 9 11 12 
5 6 7 9 
5 6 7 9 10 11 
5 6 9 10 13 
9 13 17 
5 9 13 17 
5 
5 6 10 
3 4 5 6 7 8 9 10 11 14 
3 4 5 6 7 8 10 11 14 
3 4 5 6 7 8 10 11 14 
2 3 4 5 6 7 8 10 11 
2 3 4 5 6 7 8 9 10 11 15 
2 3 4 5 6 7 8 9 
2 3 5 6 7 9 10 11 12 13 16 17 
2 3 5 6 7 10 11 12 13 16 17 
5 10 
4 5 9 
4 5 9 
4 5 9 
3 4 5 7 8 9 13 
3 4 5 7 8 9 13 
3 5 7 9 13 17 
5 6 7 13 17 
5 6 
5 6 10 14 
5 10 11 14 15 
5 9 10 11 13 14 15 
5 9 10 11 13 14 15 
5 8 9 12 13 
5 7 8 9 12 13 16 17 
5 7 8 17 
5 6 7 8 9 
4 5 6 7 9 
4 5 6 7 9 10 
4 5 6 8 9 10 13 
3 4 7 8 9 10 13 
3 4 6 7 8 9 10 13 17 
3 6 7 10 11 14 
6 7 10 11 14 15 
6 7 8 10 11 
6 7 8 9 10 11 14 
4 5 8 9 14 
5 9 17 
5 9 12 13 16 17 
5 17 
9 13 
8 9 12 13 
8 9 12 13 
5 7 8 
5 7 8 
5 6 7 
5 6 7 9 10 
5 6 9 10 
5 9 
4 5 8 9 
5 6 9 10 13 14 
5 6 7 9 10 11 13 14 17 
6 7 10 11 13 17 
6 7 10 11 13 17 
7 8 10 11 
7 8 12 13 16 17 
4 5 8 9 12 13 16 17 
4 5 8 9 13 
5 9 13 
5 8 9 12 13 
5 7 8 12 
5 6 7 8 10 14 
4 5 6 7 10 11 14 15 
4 5 6 8 9 10 11 14 15 
4 5 6 8 9 10 11 14 15 
3 4 5 6 7 8 10 11 14 15 
3 4 5 6 7 8 10 11 
5 6 7 10 11 12 13 16 17 
6 7 8 10 11 17 
4 5 6 7 8 9 10 
4 5 8 9 10 14 
5 9 10 11 14 15 
5 9 10 11 14 15 
5 
5 
5 16 17 
5 9 13 17 
5 8 9 12 13 
5 7 8 9 11 12 13 
5 7 8 11 12 
4 5 6 7 8 
4 5 6 7 10 11 
4 5 6 8 9 10 
4 5 8 9 
3 4 6 7 8 10 14 
3 4 5 6 7 8 10 11 14 
3 5 6 7 10 11 
6 7 8 10 11 12 
6 7 8 10 11 12 
4 5 6 7 8 9 10 12 13 
4 5 8 9 
5 9 
5 9 
5 
5 
4 5 13 17 
4 5 9 13 
4 5 9 13 
4 5 8 9 12 13 
4 5 8 9 12 13 
4 5 7 8 9 11 12 
4 5 7 8 9 14 
4 5 6 7 9 10 13 14 
3 4 5 6 7 8 9 10 11 13 14 17 
3 4 5 6 7 8 10 11 13 17 
3 4 5 6 7 8 10 11 12 
6 7 8 10 11 12 
