6 7 8 10 11 12 14 15 16 17 
6 7 10 11 15 16 17 

8 9 12 13 15 
6 7 8 10 11 12 







9 13 
6 7 8 9 10 11 12 13 
6 7 10 11 













14 15 16 17 
17 






4 5 8 9 12 13 
7 8 9 10 11 12 13 
6 7 10 11 


9 13 
7 8 9 11 12 13 
6 7 10 11 

8 9 12 13 
6 7 8 9 10 11 12 13 
10 





6 
6 
6 7 
6 7 
6 7 8 
6 7 8 
8 9 
8 9 
8 9 
9 
9 
9 13 
9 13 
9 13 

13 17 
13 17 
12 13 16 17 
12 13 16 17 
6 7 8 10 11 12 
6 7 10 11 
10 

















8 
8 
8 12 
7 8 12 
7 8 12 
8 11 12 
7 8 11 12 15 16 
7 8 11 12 15 16 
7 8 11 12 15 16 
7 8 9 12 15 16 
8 9 11 12 15 16 
7 8 9 11 12 15 16 
7 8 9 11 12 15 16 
7 8 9 11 12 14 15 16 
6 7 8 9 10 11 12 14 15 16 
6 7 8 9 10 11 
6 7 8 9 10 11 
6 7 9 10 
6 7 8 9 
6 8 
6 8 
7 8 
7 8 
6 7 
6 7 
6 









14 
10 11 14 15 
10 11 12 14 15 16 
10 11 12 13 14 15 16 17 
11 12 13 14 15 16 17 
8 9 12 13 14 15 16 17 
9 10 11 13 14 15 16 17 
9 10 11 12 13 14 15 16 
9 11 12 13 14 15 16 
8 9 12 13 15 16 17 
9 13 
9 13 
9 13 
9 
8 9 
8 9 
7 8 9 
7 8 9 
6 7 8 9 
6 7 8 
6 7 8 
6 7 9 14 15 16 17 
6 7 9 15 16 17 
6 9 
8 9 
8 9 14 15 16 17 
8 15 16 17 
7 8 
7 8 
6 7 
6 7 
6 9 13 14 15 16 
8 9 12 13 15 16 17 
7 8 9 11 12 13 
6 7 8 10 11 12 
6 7 10 11 
6 9 10 13 
8 9 12 13 
7 8 9 11 12 13 
6 7 8 9 10 11 12 13 
6 7 8 9 10 11 12 13 
6 7 8 10 11 12 
6 7 9 10 11 13 
7 8 9 10 12 13 
6 7 8 9 10 11 12 13 
6 7 8 9 10 11 12 13 
7 8 9 10 11 12 13 
6 7 8 10 11 12 
6 8 9 10 13 
7 8 9 11 12 13 
6 7 8 9 10 11 12 13 
6 7 10 11 
9 13 
7 8 9 11 12 13 
6 7 8 9 10 11 12 13 
6 7 10 11 


9 
9 14 15 16 
8 9 12 13 15 16 17 
7 8 9 10 11 12 13 
6 7 8 9 10 11 12 13 
6 7 8 9 10 11 12 13 
6 7 8 9 10 11 13 
6 7 8 9 11 12 13 
6 7 8 9 11 12 13 
6 7 10 11 
8 9 12 13 
6 7 8 9 10 11 12 13 
6 7 10 11 
9 13 
7 8 9 11 12 13 15 17 
6 7 8 9 10 11 12 13 
7 8 9 11 12 13 
9 13 
7 8 9 11 12 13 
7 8 10 11 12 
6 7 8 9 10 11 12 13 
6 7 10 11 
6 7 
7 8 9 12 13 
7 8 11 12 

7 8 
9 13 
7 8 9 11 12 13 
6 7 8 9 10 11 12 13 
7 8 9 10 11 12 13 
6 7 8 9 10 11 12 13 
11 14 15 16 
8 9 12 13 14 15 16 17 
6 7 8 9 10 11 12 13 
7 8 9 11 12 13 
6 7 10 11 
7 8 9 11 12 13 
7 8 10 11 12 
9 13 14 15 16 17 
7 8 9 10 11 12 13 16 17 
10 




5 9 13 
2 3 4 5 6 7 8 9 10 11 12 13 
2 3 4 5 6 7 8 9 10 11 12 13 
2 3 4 6 7 8 10 11 12 
6 7 8 9 10 11 12 13 
7 8 15 16 17 
7 8 9 11 12 13 16 17 
6 7 8 9 10 11 12 13 
6 7 8 10 11 
8 
8 9 



7 8 
7 8 
7 8 9 11 12 13 
7 8 10 11 12 14 15 16 
6 7 8 10 11 
10 










8 9 12 13 
6 7 8 9 10 11 12 13 
10 


7 8 
7 8 
7 8 11 12 
6 7 10 11 
6 7 10 11 
6 7 9 10 11 
8 9 10 
8 9 
9 
8 9 13 
8 9 13 
9 13 
9 13 
6 9 13 17 
6 7 9 12 13 16 17 
6 7 9 11 12 13 15 16 17 
10 11 12 14 15 16 
7 8 10 11 14 15 17 
10 11 12 13 16 17 
7 8 11 12 13 15 16 17 
11 12 13 15 16 17 
7 8 10 11 12 13 14 15 16 17 
10 11 12 13 15 16 17 
10 11 12 14 15 16 
10 11 
11 17 
12 13 16 17 
6 11 12 13 15 16 17 
6 7 10 11 12 
6 7 8 10 11 
6 7 8 
6 7 8 10 11 
6 7 8 10 11 
7 8 10 
8 
8 
8 
7 8 11 12 
6 7 8 10 11 12 
6 7 10 11 
6 7 10 11 
6 10 


6 
6 7 
6 7 
7 8 
6 7 8 
6 7 8 9 
6 7 8 9 
7 8 9 
7 8 9 
7 8 
7 8 
7 8 
7 8 
6 7 10 11 14 15 16 
7 10 11 14 15 16 17 
10 11 14 15 16 17 
10 11 12 14 15 16 
11 12 13 15 16 17 
10 12 13 14 16 17 
9 10 11 13 14 15 16 
9 10 11 12 13 14 15 16 17 
10 11 12 13 14 15 16 17 
8 9 11 12 13 15 16 17 

