4 5 
4 5 
4 5 
4 5 
4 
4 
4 
4 









4 5 
4 5 
4 5 
4 5 
4 
4 
4 
























8 9 

8 9 
8 9 12 13 
8 9 12 13 
8 9 12 13 
8 9 12 13 
8 9 12 13 
8 9 12 13 
8 12 16 
12 16 
11 12 13 15 16 17 
11 12 15 16 
4 11 12 15 16 
4 13 
4 5 9 13 
4 5 9 13 
4 5 9 13 
5 9 13 
5 9 
9 
9 13 
9 13 
9 13 
9 13 
5 9 13 
5 9 
5 9 
5 9 
5 9 13 
9 13 
5 9 13 
5 9 13 
5 9 13 
5 9 
5 9 
5 9 
5 9 
5 9 
4 5 9 
4 5 

5 9 
4 
4 5 
4 5 
5 
5 

4 
4 5 9 
4 
4 

4 5 
4 5 
5 
4 5 
5 
5 
5 
5 
5 
4 5 
5 
4 5 
4 5 
4 5 
4 5 
4 5 
4 5 
4 5 
4 5 
4 5 
5 
5 
5 
5 
5 
5 
5 
5 
5 
5 
5 
5 
5 
5 
5 
5 
5 
5 
5 
5 
5 

4 5 
5 






9 13 
4 5 8 9 13 

4 
4 
4 5 
4 5 9 13 
5 9 13 
5 
5 8 9 
8 9 
8 9 
8 9 
8 9 12 13 
8 9 12 13 
8 9 12 13 
8 9 12 13 
8 9 12 13 
5 8 9 12 13 16 17 
5 8 9 11 12 13 15 16 17 
5 11 12 15 16 
5 11 12 15 16 
5 11 12 15 16 
4 5 11 12 15 16 
4 5 9 13 
4 5 9 13 
4 9 13 
9 13 
9 13 
9 13 
9 
9 
9 

9 









4 
4 
4 
4 
4 
5 
5 
4 5 
5 
5 
4 5 
4 5 
4 5 
5 
5 
5 
5 
5 
5 
5 
4 5 
4 5 
4 5 
4 5 
4 5 
4 5 






4 
4 
4 
4 5 
4 5 
4 5 8 9 
4 5 
4 5 
4 5 
4 5 
4 5 8 9 
5 8 9 
5 8 9 
5 8 9 
5 8 9 
5 8 9 12 13 
5 8 9 12 13 
8 9 12 13 
8 9 12 13 
8 9 12 13 
5 12 16 
5 12 16 
5 11 12 13 15 16 17 
5 11 12 15 16 
5 
4 5 
4 


12 16 
12 16 
11 12 15 16 
5 11 15 
5 
5 
4 5 
4 5 





8 9 
8 9 
8 9 
8 9 12 13 
8 9 12 13 
8 9 12 13 
8 9 12 13 
8 9 12 13 
8 9 12 13 16 17 
11 12 13 15 16 17 
11 12 15 16 
11 12 15 16 
































4 

4 
4 
4 
4 
4 
4 5 
4 5 
4 5 
4 5 
4 5 
4 5 













4 
4 
4 

4 
4 
4 5 
4 5 


4 5 








4 5 8 9 13 
9 13 
4 5 8 9 13 
8 9 
8 9 13 
8 9 13 
8 9 13 
4 8 9 13 
8 9 
4 8 9 12 13 
4 8 9 12 13 
4 8 9 12 13 
4 5 8 9 12 13 
5 8 12 
4 5 11 12 15 16 
4 5 11 12 15 16 
4 5 11 12 15 16 
4 5 8 9 11 12 15 16 

4 5 
4 5 




4 5 8 9 
4 5 8 9 
8 9 
8 9 
8 9 
8 9 
8 9 
8 9 12 13 
8 9 12 13 
8 9 12 13 
8 9 12 13 
12 
8 9 12 13 16 17 
11 12 15 16 
11 12 15 16 
11 12 15 16 
11 12 15 16 






