2 6 
2 6 8 
6 7 8 
2 6 7 8 
2 6 7 8 
2 6 7 
2 6 7 
6 7 
2 6 7 
2 6 7 11 
2 6 7 11 12 
2 7 11 12 15 16 
2 7 12 13 16 17 
2 7 
2 7 
2 7 8 11 12 
11 12 16 
16 17 
17 
2 
2 
2 
2 6 
2 6 
2 
2 
2 
2 
2 
2 
8 
8 
8 
8 
8 
7 8 
7 
2 7 
2 7 
2 6 7 9 
2 6 7 9 
2 6 8 9 
2 6 8 9 
2 6 8 
2 3 4 7 8 
2 7 
2 6 7 
2 6 
2 6 

2 

2 

9 
9 
8 9 
8 
7 8 
7 
2 6 7 
2 6 
6 
6 
2 6 
2 6 
6 
2 


2 
2 
2 
2 
2 
2 
2 
2 
2 
2 9 
2 8 9 
2 8 
7 8 
7 
6 
2 6 
2 




2 
2 

2 6 10 
2 6 7 
7 
7 8 11 12 
2 8 9 
8 9 
8 9 
7 8 9 
8 9 
8 9 
8 9 
9 
2 6 8 9 12 
8 9 
8 9 
7 8 9 
8 9 
8 9 
9 
9 
8 9 
8 9 
9 
9 
8 9 
8 9 
7 8 
7 8 
6 7 
6 
2 6 
6 
6 
6 
6 
6 
6 
6 
6 
6 
2 6 
2 6 
2 6 13 17 
2 6 13 
13 
12 13 
8 9 12 13 
6 7 8 9 12 13 
6 7 8 
7 8 
7 
7 
7 11 12 
7 11 12 15 16 
3 7 12 13 16 17 


2 

2 


2 

2 







6 
6 
6 
6 
6 
6 7 
6 7 
7 
3 6 7 
2 6 
6 
6 
2 6 
2 6 7 8 9 
2 7 8 9 
2 7 8 11 12 15 16 
2 7 8 
2 3 7 8 16 17 
2 8 16 17 
2 8 
2 8 
2 8 
2 8 13 
2 8 13 
2 8 12 13 
2 8 12 13 
2 9 12 13 16 17 
2 9 12 13 16 17 
2 9 16 17 
2 9 13 
2 9 13 
2 9 13 
2 9 13 
2 9 13 
9 
9 
9 
9 
9 
9 

















2 
2 
2 
2 
2 
2 
2 
2 
2 
2 6 
2 6 7 
2 6 7 9 
7 9 
2 7 8 9 
8 
2 7 8 9 
2 6 7 9 
2 6 9 
2 6 9 
2 9 
2 9 
2 9 
2 8 9 
2 7 8 
2 7 8 9 
6 7 8 9 
6 9 
6 9 
9 
9 
2 








2 






2 

9 
4 5 8 9 
4 8 9 

3 4 7 8 
3 7 
2 3 6 7 
2 6 

2 



2 

2 7 8 
8 9 
8 9 
9 
9 
9 





2 



2 





2 9 
2 9 
9 
2 6 8 9 
2 6 8 9 13 
2 6 8 9 13 
6 8 9 12 13 
6 8 9 
6 8 
6 7 8 13 
6 7 8 13 
6 7 8 9 12 13 
7 8 9 12 13 
3 7 8 
3 7 8 
7 8 11 12 13 
7 11 12 13 15 16 
7 8 9 12 13 16 17 
2 3 7 8 9 12 13 17 
3 7 8 13 17 
2 3 7 8 12 13 16 17 
2 7 8 12 13 
2 7 8 12 
2 3 7 8 11 12 
2 3 7 8 
2 7 8 
2 3 7 
2 7 
2 6 7 
2 6 
2 6 
2 6 
2 6 
2 
2 
2 
2 
2 
2 
2 


























6 
6 
6 
6 9 
6 9 
9 
9 

9 
9 

4 5 8 9 
2 9 
9 
8 9 
9 
8 9 
9 
8 9 
6 7 8 9 
7 8 9 
8 9 
8 9 
8 9 

8 










7 8 9 11 12 
8 9 
9 
9 
9 
9 










9 




8 
8 
8 
7 8 
7 8 9 
7 8 
4 5 7 8 9 13 
7 9 13 
6 7 13 
6 7 9 13 
4 6 7 8 9 13 
4 6 8 9 13 
3 4 7 8 9 13 
3 4 7 8 9 13 
3 4 7 8 9 
3 4 7 8 9 13 
3 7 8 9 13 
3 7 8 9 13 
6 7 8 9 13 
6 8 9 13 
6 9 13 
7 8 9 
7 9 
6 7 9 
6 9 
6 9 
6 








13 
13 
9 13 
9 13 
9 13 
9 13 
9 13 
9 13 
9 13 
9 13 17 
9 13 
9 13 
9 13 
9 12 13 
8 9 12 13 
8 9 12 
8 9 12 
8 9 13 
7 8 9 13 
7 8 9 
7 9 
7 9 
7 9 
7 9 
3 7 9 
9 
9 
2 9 
2 
2 
2 
2 
2 
2 
2 
2 


2 

2 
2 
2 
2 
2 
2 
2 
2 
2 
2 

2 
2 

2 6 
2 6 
2 6 
2 6 7 
2 6 7 
6 7 
2 6 7 
2 7 
2 6 7 
2 11 12 15 16 
2 11 12 15 16 
2 16 17 
2 
2 





6 
6 
