7 8 10 11 14 15 
4 7 11 
4 10 11 14 15 
4 10 11 14 15 
4 8 
4 8 
4 8 
4 8 
4 7 8 
7 8 
7 8 11 
5 6 7 10 11 
5 10 11 14 15 
5 15 
5 
5 
5 
5 
5 
5 
5 
5 
5 
4 5 
5 
5 
4 5 
4 5 
4 5 
4 5 8 
4 5 8 
4 5 8 
4 8 
4 8 
4 8 12 
4 7 8 11 12 
4 7 8 11 12 15 16 
4 7 8 
4 7 8 
4 7 8 11 
7 8 10 11 
5 7 8 10 11 14 15 
5 7 8 
5 7 8 11 
5 7 10 11 14 15 
5 10 11 14 15 
5 
5 
4 5 
4 5 
4 5 
4 5 
4 
4 5 
4 5 
4 5 
4 5 
4 5 8 
4 8 
4 8 
4 5 8 
4 5 8 
4 5 8 
4 8 
4 8 11 14 15 
4 7 8 10 11 12 14 15 16 
4 7 8 11 12 15 16 
4 7 8 
4 5 7 8 
4 7 8 
4 7 8 
4 7 8 
4 7 8 
4 7 8 11 
4 7 8 11 
7 8 11 
4 5 7 8 
7 8 
7 8 
7 8 
5 7 8 
5 7 8 
7 8 
5 7 
5 
4 5 
4 5 
4 5 
4 
5 
4 5 
4 
4 
4 
4 8 14 
4 5 8 14 15 16 
4 8 11 12 14 15 16 
4 5 8 10 11 12 14 15 16 
4 5 8 10 11 12 14 15 16 
8 10 11 14 15 
8 14 15 16 
8 12 13 15 16 17 
8 11 12 15 16 
5 7 8 10 11 12 14 15 16 
5 7 8 10 11 14 15 
4 5 7 8 14 
4 5 7 8 
4 5 7 8 
4 5 
4 5 
4 5 
4 5 8 
4 5 8 
4 5 8 
4 5 8 
4 5 8 
4 5 8 
4 5 8 
4 5 8 
4 5 7 8 
4 5 7 8 
4 5 7 8 
4 7 8 
4 8 
4 8 
4 8 
4 8 
3 4 7 8 
3 4 7 8 
4 5 7 8 
4 7 8 
4 7 
4 7 8 16 
7 11 12 15 16 
4 7 8 10 11 12 14 15 16 
4 6 7 8 10 11 12 14 15 16 
6 7 10 11 14 16 
4 6 7 8 10 11 12 15 16 
6 7 10 11 12 14 15 16 
6 7 10 11 14 15 
6 10 14 
6 10 
6 10 
10 
10 





5 
5 
5 
5 
5 7 11 
5 7 11 
5 7 8 11 
5 7 8 10 11 14 15 
7 8 10 11 14 15 
7 8 10 11 14 15 
4 5 7 8 10 11 14 15 
4 5 7 8 10 11 
4 5 7 8 10 11 14 15 
4 5 7 8 10 11 14 15 
4 5 7 8 10 11 14 15 
4 5 7 8 10 11 14 15 
4 5 7 8 10 11 14 15 
4 5 6 7 8 10 11 14 15 
4 5 6 7 8 10 11 14 15 
4 5 7 8 10 11 14 15 
4 7 8 10 11 14 15 
4 5 7 8 10 11 14 15 
4 5 7 8 10 11 14 15 
4 5 7 8 10 11 
4 5 7 8 10 11 12 14 15 
4 5 7 8 10 11 12 14 15 
4 5 7 8 10 11 12 14 15 16 
4 5 7 8 11 12 15 16 
4 5 7 8 10 11 12 14 15 
4 5 6 7 8 10 11 12 14 15 
4 5 6 7 8 10 11 12 14 15 16 
4 6 7 8 10 11 
4 5 8 10 
4 5 8 
4 5 7 8 12 
4 5 7 8 12 
4 5 7 8 11 12 15 16 
4 5 7 8 10 11 12 15 16 
4 5 7 8 10 11 12 14 15 16 
4 5 7 8 11 12 14 15 16 
4 5 7 8 11 12 15 16 
4 5 7 8 11 12 15 16 
4 5 7 8 10 11 12 14 15 16 
4 5 7 8 11 12 14 15 
4 5 8 10 11 12 14 15 
4 5 7 8 10 11 12 14 15 16 
4 5 7 8 11 12 15 16 
4 5 7 8 11 
4 5 7 8 10 11 12 14 15 
4 5 8 10 11 12 14 15 
4 5 8 11 12 15 16 
4 5 8 15 16 
4 5 8 12 
4 5 8 12 
4 5 7 8 11 12 15 16 
4 5 7 8 11 12 15 16 
5 7 8 11 12 15 16 
4 5 7 8 10 11 12 15 16 
4 5 8 10 11 14 15 16 
4 5 8 15 
4 5 8 12 
4 5 8 11 12 15 16 
4 5 8 11 12 15 16 
4 5 8 15 16 
4 5 8 
4 5 8 
4 5 8 
4 5 8 
4 5 7 8 12 
4 5 7 8 11 12 
4 5 7 8 11 12 15 16 
4 5 7 8 10 11 12 15 16 
4 5 8 10 11 12 14 15 
4 5 8 11 12 15 16 
4 5 7 8 11 12 15 16 
4 5 7 8 11 12 
4 5 7 8 11 12 15 16 
4 5 8 10 11 14 15 16 
4 5 8 10 11 14 15 
4 8 
4 5 8 12 
4 8 11 12 15 16 
4 8 11 12 15 16 
4 7 8 11 12 
4 5 7 8 11 12 15 16 
4 5 8 11 12 15 16 
4 5 8 
4 5 8 
4 5 8 
3 4 5 7 8 
3 4 5 7 8 
3 4 5 7 8 11 12 
2 3 4 5 6 7 8 10 11 12 
2 3 4 5 6 7 8 10 11 12 14 15 
4 5 7 8 10 11 14 15 
4 5 6 7 8 10 11 12 14 15 
4 5 8 11 12 15 16 
4 5 8 11 12 15 16 
5 8 
5 7 8 
5 7 8 
5 7 8 11 12 
4 5 7 10 11 14 15 
4 5 10 11 14 15 
5 14 15 
4 5 
4 5 8 
5 
4 5 8 
8 
8 
8 
5 8 
5 8 12 
5 11 12 15 16 
5 11 12 15 16 
4 5 
5 
5 
4 5 
4 5 
4 5 
4 5 
4 5 8 
4 5 8 
4 8 
4 5 8 
4 5 8 
4 5 8 
4 5 8 12 
4 5 8 12 16 
4 5 8 11 12 15 16 
5 8 15 16 
5 8 
5 8 
5 7 8 
5 7 8 
5 7 8 
7 8 
7 8 
7 11 
5 7 11 
7 11 
5 
5 7 11 14 
5 10 11 14 15 
10 11 12 14 15 16 
11 12 15 16 
12 13 16 17 
11 14 15 
10 11 12 14 15 16 
10 11 12 14 15 16 
5 11 12 15 16 
12 13 16 17 

5 
5 
5 

5 
5 
5 
4 5 
4 5 
4 5 
4 
4 5 
4 5 
4 5 
4 5 
4 5 
4 5 
4 5 8 
4 5 8 
4 5 8 
4 5 8 
4 5 8 
4 5 8 
4 5 8 
4 5 8 
4 5 7 8 
4 7 8 
4 5 7 8 
4 5 7 8 
4 5 7 8 
4 5 7 8 
4 5 7 8 
4 5 7 8 
4 5 7 8 
4 5 7 8 
4 5 7 8 
4 5 8 
4 5 8 
4 5 8 
4 5 8 
4 5 7 8 
4 5 7 8 
4 5 7 8 
4 5 7 8 
4 8 
4 5 8 
4 5 8 
4 5 8 
4 5 7 8 
4 5 7 8 
4 5 7 8 
4 5 8 
4 8 
4 8 12 16 
4 8 11 12 13 15 16 17 
4 8 10 11 12 14 15 16 
4 8 10 11 14 15 

