3 4 8 
3 4 
3 4 
4 5 




4 
4 
4 
4 
4 
4 
3 4 
4 
4 
4 
4 
4 
3 4 


4 
4 



4 
4 
4 8 
4 8 
4 8 
4 8 
4 5 
4 8 
4 8 
4 8 
4 8 
4 8 
4 8 
4 7 8 
4 7 8 
4 7 8 
4 7 8 11 12 
4 7 8 11 12 
4 7 8 11 12 
4 7 8 11 12 
5 8 9 11 12 15 16 
5 8 9 11 12 15 16 
5 8 9 11 12 15 16 
5 8 9 14 15 
4 5 7 8 9 11 12 14 15 
4 5 7 8 9 11 12 
7 8 9 11 12 
7 8 11 12 
8 11 12 15 16 
7 8 11 12 15 16 
7 8 11 12 15 16 
7 8 11 12 14 15 
3 4 7 8 11 12 14 15 
3 4 7 8 11 12 
4 7 8 11 12 
4 5 11 12 15 16 
4 11 12 15 16 
4 11 12 15 16 
4 14 15 
14 15 
14 15 






4 
4 5 




13 17 
13 17 
13 17 
13 17 
8 9 12 13 16 17 
8 9 12 13 
8 9 12 13 
8 9 12 13 
8 9 12 13 
8 9 12 13 
8 9 
8 9 
8 9 
3 4 
4 
4 
4 
4 





6 
4 5 6 8 9 
6 7 
6 7 10 11 
4 5 6 7 10 11 
6 7 10 11 
4 5 6 7 8 10 11 12 
6 7 8 10 11 12 
7 8 11 12 14 
10 14 
6 7 8 10 11 12 14 
6 7 8 10 11 12 
6 7 8 10 11 12 
6 7 8 10 11 12 
6 7 8 10 11 12 
6 8 10 12 
6 7 8 9 10 11 12 13 15 16 17 
3 4 6 8 10 11 12 15 16 
4 6 9 10 11 12 13 15 16 
4 6 9 10 11 12 13 15 16 
6 7 9 10 11 12 15 16 
4 5 7 9 11 14 15 
9 14 15 
7 8 9 14 15 
7 8 9 
4 8 9 
4 8 9 
4 8 9 
4 
4 
4 
4 
4 
4 
3 4 
3 4 
4 
4 
4 
4 
4 

3 4 
4 
4 
4 5 
4 
4 
4 
4 
4 
4 
4 
4 
4 
4 
3 4 
4 
3 4 
4 

4 
4 8 
4 8 
4 8 
4 8 13 17 
4 8 13 17 
4 8 12 13 16 17 
8 12 13 16 17 
8 9 12 13 
7 8 9 12 13 
7 8 9 12 13 
7 8 9 11 12 13 
7 8 9 11 12 13 
7 8 11 12 
8 9 11 12 15 16 
8 9 11 12 15 16 
8 9 14 15 
4 5 8 9 14 15 
4 5 8 9 
4 5 8 9 


4 5 8 9 

4 5 8 9 
4 5 8 9 

4 5 8 9 


3 4 
4 
4 5 



4 



4 
4 


3 4 
4 
4 
4 
4 



4 
4 
4 
4 
3 4 5 


13 17 
13 17 
4 5 13 17 
9 13 
9 13 
9 13 
8 9 13 
8 9 
8 9 
8 9 
8 9 
4 5 8 9 
4 5 8 9 
4 5 8 9 
4 5 8 9 
4 5 8 9 
4 5 8 9 
4 8 
4 5 8 9 
4 
4 
4 

4 
4 
4 

4 

4 
13 17 
13 17 
13 17 
4 8 9 12 13 17 
9 13 
8 9 12 13 
8 9 12 13 
8 9 12 13 
3 4 8 9 
8 9 
4 5 8 9 
4 5 8 9 
4 5 8 9 
4 5 8 9 
4 5 8 9 
4 5 8 9 

4 
4 8 
4 5 
4 5 
4 
4 


4 
4 
4 7 8 
4 7 8 11 12 
4 7 8 11 12 
4 
4 
4 7 8 11 12 
4 7 8 11 12 15 16 
11 12 15 16 
4 11 12 15 16 
4 11 12 15 16 
11 12 15 16 
3 
3 4 13 15 17 
15 
4 9 13 17 
4 9 13 17 
4 9 13 
3 4 9 13 
3 4 8 9 12 13 
4 
4 
4 
4 
4 5 9 
4 5 9 
4 5 9 
4 5 9 
4 5 9 
4 



4 
4 

4 
4 
4 
3 4 
3 4 




4 
4 8 

4 8 
4 8 
4 8 
4 8 
3 4 7 8 
3 4 7 8 
7 8 
7 8 

7 8 
7 8 11 12 
7 8 11 12 
7 8 11 12 
7 8 11 12 
11 12 15 16 
11 12 15 16 
15 
14 15 



4 
13 17 
13 17 
4 13 17 
4 9 13 
9 13 
9 13 
9 13 
9 
9 
3 4 9 
4 9 
4 5 9 
4 5 8 9 
4 5 8 9 
4 5 8 9 
4 5 8 9 
4 5 8 9 
4 8 

