3 4 7 8 
3 4 7 8 
3 4 7 8 
7 8 
4 8 
7 8 
7 8 11 12 
7 8 11 12 
7 8 11 12 
7 8 11 12 
7 8 11 12 15 16 
7 8 11 12 15 16 
7 8 11 12 14 15 16 
5 11 12 14 15 16 
4 11 12 14 15 16 
4 11 12 15 16 
4 5 14 15 16 
4 14 15 

4 
4 

4 
4 
4 
4 17 
4 13 17 
4 9 13 17 
8 9 12 13 
8 9 12 13 
9 13 
8 9 13 
8 9 
8 9 
4 5 8 9 
4 5 8 9 
4 5 8 9 
4 5 
4 5 8 9 
4 5 8 9 
4 5 8 9 




4 5 16 
13 16 17 
12 13 16 17 
4 5 12 13 16 17 
8 9 12 13 16 17 
8 9 12 13 17 
8 9 12 13 17 
8 9 12 13 17 
4 8 9 13 17 
3 4 8 9 13 
8 9 13 
4 5 8 9 12 13 
4 5 8 9 13 
8 9 
4 5 8 9 
4 5 8 9 
4 5 8 9 
4 5 8 9 13 17 
3 4 5 8 9 13 17 
4 5 8 9 13 17 
4 5 8 9 13 
4 5 8 9 13 
4 5 8 9 13 
4 5 8 9 13 
3 4 8 9 
3 4 8 9 
4 8 9 
4 5 8 9 
4 5 8 9 
4 5 8 9 
4 5 8 9 
4 5 8 9 
4 5 8 9 
3 4 5 8 9 
3 4 
3 4 
3 4 
4 
4 
4 

4 




4 
3 4 5 
4 
4 
4 
4 
4 
4 
4 

4 
4 
3 4 
4 
4 
4 

4 5 
4 
4 


4 
3 4 5 
4 
3 4 

3 4 5 
4 8 
4 8 
3 4 
3 4 7 8 
3 4 7 8 
3 4 7 8 
7 8 
4 7 8 
7 8 11 12 
5 7 8 11 12 
4 7 8 11 12 
4 7 8 11 12 15 16 
4 11 12 15 16 
3 4 10 11 12 14 15 16 
14 15 16 
14 15 






4 5 
4 
3 4 
3 















4 
4 

4 


4 

4 

4 
4 
4 
4 




4 


4 
4 

4 






4 8 
4 8 13 17 
13 17 
4 8 12 13 17 
8 9 12 13 
3 4 7 8 9 12 13 
3 4 7 8 9 12 13 
7 8 9 12 13 
7 8 9 
7 8 9 
7 8 9 11 12 
7 8 9 11 12 
4 7 8 9 11 12 
5 7 8 9 11 12 15 16 
4 5 9 11 12 15 16 
3 4 5 9 11 12 15 16 
5 9 11 12 15 16 
14 15 16 
14 15 


3 4 


4 
4 
4 
4 

3 4 5 
4 5 
4 5 





4 5 
4 5 
4 5 
4 5 

4 





4 
4 
4 
4 
4 
4 

4 
4 8 
4 8 13 17 
4 13 17 
4 8 9 13 17 
4 9 13 
9 13 
9 13 
9 13 
9 
3 4 7 8 9 
3 4 7 8 9 
4 5 8 9 
4 5 8 9 
4 5 7 8 9 
4 5 7 8 9 11 12 
4 5 7 8 9 11 12 
4 5 7 8 9 11 12 
4 5 7 8 9 11 12 
4 5 7 8 9 11 12 
4 5 7 8 11 12 15 16 
4 11 12 15 16 
4 11 12 15 16 
4 8 11 12 15 16 
7 8 11 12 14 15 16 
4 7 8 14 15 16 
7 8 14 15 
3 4 7 8 
4 7 8 11 12 
7 8 11 12 
7 8 11 12 
7 8 11 12 
4 11 12 15 16 
4 11 12 15 16 
4 11 12 15 16 
4 14 15 16 
4 14 15 
4 



4 


4 
4 
4 
4 
4 
4 5 
4 8 
4 8 
4 8 
4 5 8 9 
4 5 8 9 
4 5 8 9 
4 5 8 9 12 
5 8 9 12 
4 5 8 12 
4 8 12 
4 5 11 12 15 16 
4 5 11 12 15 16 
3 4 11 12 15 16 
15 16 
4 15 16 
4 


3 4 
4 5 

4 
3 4 
3 4 

3 4 
3 4 5 10 
3 4 

4 
4 10 


3 4 
4 




4 


4 
4 




4 

4 



4 
4 5 
4 

4 
4 
4 8 
3 4 

4 8 
3 4 5 
13 17 
4 8 13 17 
3 4 5 7 8 9 13 17 
3 4 7 8 9 13 
4 7 8 9 12 13 
4 7 8 9 12 13 
4 7 8 9 12 13 
3 4 7 8 9 11 12 
3 4 5 7 8 9 11 12 
3 4 5 7 8 9 11 12 
4 5 7 8 9 11 12 
4 5 7 8 9 11 12 15 16 
4 5 7 8 9 11 12 15 16 
3 4 5 7 8 9 11 12 15 16 
3 4 5 7 8 9 11 12 14 15 16 
4 5 7 8 9 11 12 14 15 
4 5 7 8 9 11 12 
4 5 7 8 9 11 12 15 16 
4 5 11 12 15 16 
4 10 11 12 14 15 16 
10 11 12 14 15 16 
14 15 
7 8 
7 8 11 12 
7 8 11 12 
7 8 11 12 
7 8 11 12 
4 7 8 11 12 15 16 
11 12 15 16 
4 10 11 12 14 15 16 
10 11 12 14 15 16 
14 15 16 
4 14 15 

4 5 
4 
3 4 
3 4 
4 
3 4 
3 4 
3 4 
4 
3 4 
3 4 
4 5 
3 4 
3 4 

3 4 5 





4 





4 
4 

4 


4 
3 4 5 
4 
4 
4 5 
3 4 
4 5 
4 5 
4 
4 5 
4 
4 
4 
4 
4 

4 


3 4 7 8 

4 8 13 17 
4 7 8 13 17 
4 13 17 
3 4 7 8 9 13 
3 4 7 8 9 11 12 13 
3 4 7 8 9 11 12 13 
3 7 8 9 11 12 13 
3 7 8 9 11 12 
3 7 8 9 11 12 15 16 
3 7 8 9 11 12 15 16 
4 5 7 8 9 11 12 15 16 
4 5 7 8 9 11 12 14 15 16 
4 5 7 8 9 11 12 14 15 16 
4 5 8 9 11 12 15 16 
4 5 8 9 12 
5 9 11 12 15 16 
4 5 8 9 11 12 14 15 16 
3 4 5 7 8 9 14 15 16 
4 5 8 9 14 15 
4 8 
3 4 7 8 13 17 
13 17 
13 17 
4 5 9 13 17 
7 8 9 12 13 
4 5 7 8 9 11 12 13 
7 8 9 11 12 13 
7 8 9 11 12 13 
4 7 8 9 11 12 
3 4 8 9 11 12 15 16 
4 8 9 11 12 15 16 
4 8 9 11 12 15 16 


4 5 8 9 
4 5 8 9 


4 8 14 15 16 
11 12 14 15 16 
3 4 5 7 11 12 13 15 16 17 
4 11 12 13 15 16 17 
4 12 13 16 17 
12 13 16 17 
4 12 13 16 17 
3 4 8 9 12 13 


4 8 9 12 13 
4 8 9 12 13 
4 8 9 12 13 
4 8 9 


4 8 9 
4 8 9 
4 5 8 9 
4 5 8 9 
4 


4 5 8 9 
4 5 



4 
4 
4 5 
4 5 
4 

4 5 
4 
4 



3 4 5 

4 
4 
4 
4 
4 
4 
4 
4 
4 


