2 3 4 5 6 7 8 
2 3 4 5 6 7 8 
2 3 4 5 6 7 8 
2 3 4 5 6 7 8 
2 3 4 5 6 7 8 
2 3 4 5 6 7 8 9 
3 4 5 6 7 8 
3 4 5 7 8 
2 3 6 7 8 
2 3 4 5 6 7 8 
2 3 4 5 6 8 
2 3 4 5 6 7 
2 3 4 6 7 
3 6 
2 3 6 7 
2 6 
2 3 4 6 
2 3 5 
2 3 4 5 
2 3 4 5 6 7 
2 3 6 
2 3 4 5 
2 4 6 
2 4 5 6 
4 
2 4 5 
4 5 
3 4 5 
3 4 5 
2 4 5 6 
2 4 5 6 
2 4 5 6 
4 5 8 
2 4 5 8 
2 4 5 7 8 
2 3 4 7 8 
3 4 7 8 
2 3 4 7 8 
2 3 5 6 7 8 
2 3 4 5 6 7 8 
2 3 4 5 6 7 
2 3 4 5 6 7 
2 3 6 7 
2 3 6 7 
2 3 5 6 
5 6 
2 4 5 6 8 9 
2 5 6 8 
2 5 6 
2 3 4 5 6 7 8 
3 5 6 
3 5 6 
3 4 5 
2 3 5 
2 3 5 
2 3 5 
2 3 
2 3 5 6 7 
2 3 6 7 
2 3 7 
2 3 7 
2 3 4 7 8 
2 3 4 7 8 
2 3 4 8 9 
2 3 7 
2 3 4 7 8 
2 3 4 7 8 
2 3 4 7 8 
2 3 4 5 7 8 9 
2 3 5 7 
2 3 4 5 7 
2 3 4 5 7 8 
2 3 4 5 7 8 
2 3 4 7 8 
2 3 4 7 8 
3 6 7 
2 3 6 7 
6 
2 5 6 
2 5 6 
2 5 6 
2 5 6 
2 6 
2 5 6 
2 3 4 6 
2 4 6 
4 6 
2 6 
2 
2 6 


2 
2 
2 
2 3 
2 3 
2 3 6 
2 3 6 
2 3 6 7 
2 3 6 7 
2 3 6 7 
2 3 7 
2 3 7 8 
2 3 8 9 
2 
2 
2 
2 
2 
2 
2 4 
2 6 
2 6 
2 6 
2 6 
4 6 
5 



3 4 




3 4 

2 3 4 
2 

6 
2 6 7 
2 3 4 6 7 
3 4 6 7 
2 6 7 
2 6 7 8 
2 3 6 7 8 
3 4 6 7 8 
2 3 4 6 7 8 
3 4 5 6 7 8 9 
3 4 5 7 8 9 
3 4 5 6 7 8 
2 3 4 5 6 7 8 
2 3 4 5 6 7 8 9 
2 3 5 7 8 
2 3 5 7 8 
2 3 4 5 6 7 8 
2 3 4 5 6 7 8 
2 3 4 5 7 8 9 
2 3 4 5 6 7 8 
2 3 4 5 6 7 8 
2 4 5 7 8 9 
2 4 5 7 8 9 
2 3 4 5 7 8 9 
2 3 4 5 7 8 
2 3 4 5 6 8 9 
2 3 4 5 6 7 
2 3 4 5 6 7 
2 5 6 7 8 
2 4 5 6 7 8 
2 4 5 6 7 8 
2 4 5 7 8 9 
2 4 5 7 8 9 
2 4 5 7 8 9 
2 4 5 6 7 8 9 
2 5 6 7 8 
2 5 7 8 9 
2 5 6 8 
3 4 5 6 7 8 
3 4 5 7 8 9 
2 3 4 5 7 8 9 
2 3 4 5 6 7 8 
2 3 4 5 7 8 
2 3 4 5 6 7 8 9 
2 3 4 5 6 7 8 
2 3 4 5 6 7 8 
3 4 5 7 8 9 
2 3 4 5 6 7 8 9 
2 3 4 5 6 7 8 9 
2 3 4 5 6 7 8 9 
2 3 4 5 6 7 8 
3 4 5 6 7 8 9 
2 3 4 5 6 7 8 9 
2 3 4 5 6 7 8 
2 3 4 5 6 7 8 9 
2 3 4 5 6 7 8 9 
2 3 4 5 6 7 8 
2 3 4 5 6 7 8 9 
2 4 5 6 7 
2 3 4 5 6 7 8 9 
3 4 5 7 8 
2 3 4 5 6 7 8 
2 3 4 5 6 7 
2 3 4 5 6 7 8 
3 4 5 6 7 8 
2 3 4 5 6 7 8 9 
2 3 4 5 6 7 8 
2 3 4 5 6 7 8 
3 4 5 6 
2 3 4 5 6 7 
2 3 4 5 6 7 
2 3 4 5 6 7 8 
2 3 4 5 6 8 9 
2 3 4 5 6 7 8 9 
2 3 4 5 6 7 8 9 
2 3 4 5 6 7 8 
2 3 4 5 6 7 8 
2 3 4 5 6 7 
2 3 4 5 6 7 8 9 
2 3 4 5 6 7 8 
2 3 4 5 6 7 8 
2 3 4 5 7 8 9 
2 3 4 5 6 
3 4 5 6 7 8 
2 3 4 5 6 7 8 
2 3 4 5 6 7 8 
2 3 4 5 6 7 
2 3 4 5 6 7 8 
3 5 6 
3 4 5 6 7 
2 3 5 6 7 8 
2 3 4 5 6 8 
2 3 4 5 6 7 
2 3 4 5 
2 3 4 5 6 7 
2 4 5 6 7 8 
3 4 5 
2 3 4 5 
2 3 4 5 6 7 
2 4 5 6 7 8 
2 3 4 5 
3 4 5 
2 3 4 5 
2 3 4 5 6 7 
2 3 4 5 6 7 
2 3 4 5 6 7 8 
2 3 4 5 7 8 
2 3 4 5 6 7 8 9 
2 3 4 5 6 7 
2 3 4 5 6 7 8 9 
2 3 4 5 6 7 8 9 
2 3 4 5 6 7 
2 3 4 5 6 7 
3 4 5 6 7 8 
2 3 4 5 6 7 8 
2 3 4 5 6 7 8 9 
2 3 4 5 8 9 
2 3 4 5 6 7 
2 3 4 5 6 
2 3 4 5 6 7 
2 3 4 5 6 7 
2 3 4 5 6 7 
2 3 4 5 6 7 
2 3 4 5 6 7 
2 3 4 5 6 7 
2 3 4 5 6 7 8 
3 4 5 
2 3 4 5 6 7 
2 3 4 5 6 7 
2 3 4 5 6 
2 3 4 5 6 7 
2 3 4 5 6 7 
2 3 4 5 6 
2 3 4 5 6 7 
2 3 4 6 7 
2 3 4 5 6 7 
2 3 5 6 7 
2 3 4 5 6 7 
2 3 4 5 6 7 
2 3 4 5 6 7 
2 3 4 5 6 7 
2 3 4 5 6 7 
3 4 5 
3 4 6 
3 4 5 
2 3 4 5 6 7 
2 3 4 5 6 7 
3 4 5 6 
2 3 4 5 
2 3 4 5 6 7 
3 4 5 6 
2 3 4 5 6 7 8 
2 3 4 5 6 7 8 
2 3 4 5 6 7 
3 4 5 6 7 
3 4 
3 4 
2 3 4 
2 4 
2 3 4 
2 4 
2 3 4 
2 3 
2 3 
2 3 
2 3 
2 3 
2 3 4 7 8 
2 3 4 
2 3 4 
2 3 7 
2 3 4 7 8 
3 4 7 8 
2 4 5 6 8 
2 4 6 7 8 
6 
2 
2 5 
2 5 
2 5 
2 5 
5 8 
2 5 8 
2 5 7 8 
2 5 7 
4 5 6 7 
2 6 7 
2 6 7 
2 5 6 
2 3 5 6 7 
2 3 6 7 
2 3 6 7 
2 3 6 7 
2 3 6 7 
2 3 6 7 
2 3 6 7 8 
2 3 4 6 7 8 
2 3 4 6 7 8 
3 4 6 7 8 
3 4 6 7 8 
4 7 8 
4 5 8 9 
4 5 
3 4 5 
4 5 
5 
4 5 8 
5 8 
5 7 8 
5 7 
4 5 7 
5 6 7 
4 5 6 
4 5 6 
4 5 6 
5 
4 5 6 
5 6 7 
4 5 6 7 
5 7 8 
7 8 
4 6 7 8 10 
6 7 8 
6 7 8 9 
2 7 8 
3 4 6 7 8 
2 4 5 6 7 8 
2 4 5 6 7 8 9 
2 4 5 7 8 9 
2 3 4 5 6 7 8 9 
2 5 6 7 8 
2 4 5 7 8 9 
2 4 5 7 8 9 
4 5 7 8 
4 5 6 7 8 9 
2 4 5 6 7 8 9 
2 5 7 8 9 
4 5 8 
2 4 5 7 8 
2 4 5 7 8 9 
2 4 5 6 8 9 
2 5 6 7 8 
2 4 5 7 
2 5 6 7 8 
4 5 6 7 8 
2 4 5 6 7 8 9 
2 4 5 6 7 8 9 
2 5 6 7 8 10 11 
2 4 5 7 8 9 
2 4 5 8 
2 5 6 
2 4 5 6 7 8 9 
5 7 8 
2 4 5 6 7 8 
4 5 7 8 9 
2 4 5 6 7 8 9 
2 3 4 5 6 7 8 9 
2 3 4 5 6 7 8 
2 3 4 5 6 7 8 9 
2 3 4 5 6 7 8 9 
3 5 7 
2 3 4 5 6 7 8 9 
2 3 4 5 6 7 8 
2 3 4 5 6 7 8 9 
4 5 6 8 
3 4 5 6 7 
3 4 5 6 7 8 
3 4 5 6 7 8 
3 4 5 6 7 8 
2 3 4 5 6 7 8 9 
2 3 4 5 6 7 8 9 
3 4 5 6 7 8 9 
3 4 5 7 8 9 
3 4 5 7 8 
2 3 4 5 6 7 8 
2 3 4 5 6 7 8 
2 3 5 6 7 
2 3 4 5 6 7 8 
5 6 7 
3 4 5 6 7 8 11 12 
3 5 6 7 8 
2 3 4 5 8 
2 3 4 5 6 7 
2 3 4 5 6 7 
3 4 5 6 7 
2 3 4 5 6 7 8 
2 3 4 5 6 7 8 9 
2 3 4 5 6 7 8 9 
2 3 4 5 6 7 8 9 
2 3 4 5 6 7 8 9 
2 3 4 5 6 7 8 9 
2 3 4 5 6 7 8 9 
2 3 4 5 6 7 8 9 
2 3 4 5 6 7 8 9 
2 3 4 5 6 8 9 
2 3 4 5 6 7 
2 3 4 5 6 7 
2 3 4 5 6 7 
3 4 5 6 7 8 9 
3 4 5 6 7 8 
2 3 5 6 7 8 9 
2 3 4 5 6 8 
2 3 4 5 6 7 
2 3 4 5 6 7 
2 4 5 6 
3 4 5 6 
3 4 5 
3 4 5 
2 3 4 5 6 
2 3 4 5 6 7 
2 3 4 5 6 8 
3 4 5 6 7 
3 4 5 6 7 8 
2 3 4 5 6 7 8 
2 3 4 5 6 7 
2 3 4 5 6 7 
3 4 5 6 7 
2 3 4 5 6 
2 3 4 5 6 7 
2 3 4 5 6 7 
3 4 5 6 7 
3 4 5 8 
2 3 4 5 
2 3 4 5 6 7 
2 3 4 5 6 7 8 
2 3 4 5 6 7 
2 3 4 5 6 7 
2 3 4 5 6 7 
3 5 6 
3 4 
2 3 5 6 7 
2 3 4 5 6 
2 3 4 5 6 7 10 
2 3 4 5 6 7 
2 3 6 7 8 
2 3 4 6 7 8 
2 4 5 6 
2 3 4 5 6 
2 3 4 5 
2 3 4 5 6 7 
2 3 4 5 6 
2 3 4 5 6 
3 4 5 6 
2 3 4 5 
2 3 4 5 
2 3 4 5 6 7 
2 3 4 5 6 7 8 
2 3 4 5 6 7 
2 3 4 5 6 7 
3 4 5 6 7 
2 3 4 5 6 
2 3 4 5 6 7 
2 3 5 6 
2 3 4 5 6 7 
2 3 4 5 6 7 
2 3 4 5 6 
3 5 6 
2 3 4 5 6 7 
2 3 4 5 6 7 
2 3 4 5 6 
3 4 5 6 
3 4 5 7 
2 3 4 5 6 7 
2 3 4 5 6 7 8 
2 3 4 6 7 
2 3 4 6 
3 5 6 
2 3 4 5 
2 3 5 6 7 
2 3 4 5 6 7 
2 3 4 5 6 7 
3 4 6 
2 3 4 
2 3 4 6 
2 3 4 6 7 
2 3 4 5 6 7 8 
2 3 4 6 8 
2 3 4 6 
2 3 4 
2 3 4 5 6 7 
2 4 5 6 
2 3 4 6 
2 3 4 6 7 
2 3 4 6 7 
2 3 5 6 7 
2 3 4 5 6 7 
2 3 4 5 6 
3 4 5 
2 3 4 5 
2 3 4 5 6 7 8 
2 3 4 5 6 7 8 
2 3 4 5 7 8 
2 3 4 5 7 8 
2 3 4 5 7 8 
2 3 4 6 7 8 
2 3 4 6 7 8 
2 3 4 5 6 8 9 
2 3 4 5 6 7 
2 3 4 5 6 7 
2 3 4 5 6 
2 3 4 6 
2 3 4 5 6 
2 3 4 5 6 7 
2 3 4 5 6 
2 3 4 5 
2 3 4 5 6 7 
2 3 4 5 6 7 
2 4 5 6 
2 3 4 5 
