4 6 7 8 
3 4 7 11 
4 6 7 11 
4 6 9 11 12 
3 6 7 8 9 
6 7 8 9 
3 6 7 8 9 11 
7 8 11 13 
6 7 8 11 12 13 
2 8 13 
2 6 7 8 11 
2 7 8 9 11 
2 7 8 9 11 12 
2 4 8 
2 3 4 8 9 
2 3 4 8 9 
2 3 4 8 9 14 
2 3 8 14 
2 3 8 10 14 
2 3 6 8 10 
6 7 8 10 11 
2 6 7 8 10 11 
2 6 7 8 10 11 14 
3 4 6 7 8 10 11 14 
3 4 6 7 8 10 14 
3 4 6 7 8 10 11 
3 4 6 7 8 10 11 
2 3 4 6 7 8 10 11 14 
3 4 6 7 8 10 11 14 
6 7 8 10 14 
2 3 6 7 8 10 11 
2 3 6 7 8 10 11 
2 3 4 6 7 8 10 11 
2 3 4 6 7 8 10 
2 3 4 6 7 8 10 14 
6 7 8 10 14 
3 4 6 7 8 10 11 13 
3 4 6 7 8 10 11 13 
3 4 7 8 13 
2 3 4 7 8 10 13 14 
2 3 6 7 8 9 10 11 13 
3 6 7 8 10 11 
2 3 4 6 7 8 10 11 14 
2 3 4 6 7 8 10 14 
3 6 7 8 10 11 
3 4 6 7 8 10 11 
4 6 7 8 10 11 14 
4 7 8 10 11 14 
3 6 7 8 10 11 13 17 
3 6 7 8 11 13 
3 4 7 8 13 14 
3 6 7 8 10 12 13 14 
3 6 7 8 10 11 12 13 
2 3 4 6 7 8 11 
3 4 6 7 8 14 
2 3 6 7 8 10 11 14 
3 4 6 7 8 10 11 
3 4 6 7 8 10 11 
3 4 6 7 8 10 
2 3 6 7 8 10 14 
3 4 6 7 8 10 11 
3 4 6 7 8 10 11 
3 4 6 7 8 10 
3 4 6 7 8 
2 3 4 6 7 8 10 11 14 
3 6 7 8 10 11 14 15 
3 4 6 7 8 10 11 12 14 15 
3 4 6 7 8 10 11 12 
2 3 4 6 7 8 11 12 
2 3 4 6 7 8 9 13 
2 3 4 6 7 8 13 
2 3 4 6 7 8 10 13 14 15 
2 3 4 6 7 10 11 13 14 
2 3 6 7 8 9 10 11 13 
2 3 6 7 8 9 10 
2 3 6 7 8 9 10 13 14 
2 3 6 7 8 9 10 11 
3 4 6 7 8 9 11 
2 3 4 6 7 8 
2 3 6 7 8 
2 3 4 6 7 8 10 14 
2 3 4 6 7 8 10 11 
2 3 6 7 8 10 11 
2 3 4 6 7 8 10 11 12 
2 3 4 6 7 8 
2 3 4 6 7 8 
2 3 4 6 7 8 10 11 14 
2 3 4 5 6 7 8 10 11 
2 3 6 7 8 
2 3 6 7 8 
2 3 4 6 7 8 10 14 
2 3 4 6 7 8 10 11 
2 3 6 7 8 11 
2 3 6 7 8 
3 4 6 7 8 
2 3 4 6 7 8 
2 3 4 6 7 8 10 11 14 15 
3 6 7 10 11 
2 3 6 7 8 10 11 12 
2 3 4 6 7 8 10 11 12 
2 3 4 6 7 8 11 12 
2 3 4 6 7 8 
2 3 4 6 7 8 9 
2 3 4 6 7 8 9 
2 3 4 6 7 8 9 
3 6 7 8 9 13 
2 3 6 7 8 9 13 
2 3 6 7 8 9 13 
2 3 6 7 8 9 13 
2 3 6 7 8 9 13 
3 4 6 7 8 9 13 
3 4 7 8 9 13 
3 4 7 8 11 12 
3 7 8 11 12 
2 3 7 
2 3 6 7 
2 3 6 7 
3 6 7 
3 6 7 8 11 12 
2 3 6 7 8 11 12 
2 3 6 7 
3 6 7 
2 3 6 7 
2 3 4 6 7 
3 4 6 7 
3 6 7 
3 7 
2 3 6 7 
2 3 4 6 7 8 11 12 
2 3 4 6 7 11 
2 3 6 7 
2 3 7 8 11 12 
2 3 6 7 11 
2 3 6 7 
2 3 6 7 
2 3 6 9 13 
2 3 8 9 
2 3 6 8 9 
2 3 6 8 9 12 13 
2 3 6 8 9 13 
2 3 6 8 
2 3 6 8 9 12 13 
2 3 6 7 8 13 
3 6 7 8 13 
3 6 7 8 13 
3 7 8 13 
3 7 8 9 12 13 
3 6 7 8 9 13 
2 3 6 7 8 13 
2 3 6 7 8 13 
3 6 7 8 9 12 13 
3 6 7 8 9 12 13 
2 3 6 7 8 9 13 
3 4 6 7 8 13 
3 4 6 7 8 9 12 13 
2 3 6 7 8 
2 3 6 7 8 
2 3 7 8 
2 3 7 13 
2 3 6 7 9 13 
2 3 6 7 8 
3 7 8 
2 3 7 8 13 17 
2 3 6 7 13 
2 3 7 13 
2 3 7 12 13 
2 3 7 12 13 
2 3 6 7 
2 3 
2 3 
2 
2 3 
2 3 6 
2 3 6 
2 6 
2 6 
2 3 6 7 
2 3 6 7 
2 3 6 7 
2 3 6 7 
2 3 6 7 
2 3 6 7 
2 3 6 7 
2 3 4 6 7 8 
2 3 4 6 7 8 11 
2 3 4 6 7 8 11 13 
2 3 6 7 8 11 13 
2 3 6 7 8 11 12 
2 3 6 7 8 11 
2 3 4 5 6 7 8 9 11 12 
2 3 4 5 6 7 8 9 11 
2 3 4 6 7 8 11 12 
3 4 6 7 8 11 
3 6 7 11 
3 6 7 8 11 12 
3 4 6 7 8 11 
6 7 11 
6 7 11 
6 7 8 11 
6 7 8 9 11 
7 8 9 11 
3 7 8 9 11 
3 4 8 9 11 
3 8 11 12 
3 8 9 
3 
3 8 
6 
6 10 14 
3 6 10 14 
3 6 7 
3 6 7 10 11 14 
3 6 7 10 11 
3 6 7 10 11 
3 6 7 10 11 
2 3 7 8 
2 3 4 6 7 8 10 14 
2 3 4 7 8 10 14 
2 3 4 6 7 8 10 11 
2 3 4 6 7 8 10 11 14 
4 6 7 8 10 11 14 
4 6 7 8 10 11 
6 7 8 10 11 
6 7 8 10 11 14 
4 6 7 8 10 11 14 
4 7 8 10 11 
4 6 7 8 10 11 
7 8 11 
4 7 8 
4 8 
4 6 8 10 14 
6 7 10 11 
6 7 10 11 
6 7 10 11 
3 6 7 8 10 11 14 
3 6 7 8 10 11 
2 3 4 6 7 8 10 11 
3 4 7 8 
2 3 4 6 7 8 
2 3 4 6 7 8 10 
2 3 4 5 6 7 8 9 10 
2 3 4 6 7 10 11 14 
2 3 4 6 7 10 11 14 15 
3 6 7 10 11 
2 3 4 6 7 8 10 11 12 
2 3 4 6 7 8 10 11 12 
2 3 4 6 7 8 10 11 12 
2 3 4 6 7 8 
2 3 4 6 7 8 
3 4 6 7 8 
2 3 4 5 6 7 8 9 
3 4 6 8 9 
3 6 7 9 10 11 14 
3 6 7 9 10 11 
3 6 7 9 10 11 
2 3 6 7 8 9 
3 4 6 7 8 9 10 14 
3 4 6 7 8 9 10 14 
3 6 7 8 10 11 
2 3 6 7 10 11 14 
2 3 6 7 8 10 11 14 
2 3 6 7 8 10 11 
2 3 4 6 7 8 10 11 
2 3 6 7 8 10 11 
2 3 4 6 7 8 
2 3 4 6 7 8 10 14 
2 3 4 6 7 8 9 10 11 13 
3 4 6 7 8 10 11 13 
2 3 4 6 7 8 13 
2 3 4 6 7 8 10 11 
2 3 4 6 7 8 10 11 13 
2 3 4 6 7 8 10 11 13 
2 3 4 6 7 8 13 
2 3 6 7 8 10 
2 3 6 7 8 
2 3 4 6 7 8 
3 4 6 7 8 10 14 
3 4 6 7 8 10 11 
3 6 7 11 
3 7 8 
2 3 6 7 8 
2 3 6 7 10 14 
2 3 6 7 10 11 
2 3 6 7 10 11 
2 3 6 7 8 
2 3 6 7 8 
2 3 6 7 8 14 
3 4 6 7 8 10 11 14 15 
3 6 7 8 10 11 
2 3 4 6 7 8 
2 3 4 6 7 8 
2 3 6 7 
2 3 6 7 10 11 
2 3 6 7 11 
2 3 6 7 8 10 
3 6 7 10 11 
3 6 7 10 11 
2 3 6 7 
2 3 4 6 7 8 
3 4 6 7 8 
3 4 6 7 8 
2 3 6 
2 3 6 
2 3 
2 3 6 7 
2 3 6 
2 3 6 7 
2 3 6 7 
2 3 6 
2 6 
2 3 6 7 
2 3 7 
2 3 6 7 
2 7 
2 3 7 
2 3 7 
2 3 6 7 
2 3 6 7 11 
2 3 6 7 11 
2 3 6 7 11 12 
2 3 6 7 
2 3 4 7 
2 3 7 
3 7 11 
2 3 7 11 12 
2 3 6 7 
2 3 6 7 
2 6 7 11 
2 3 6 7 11 13 
3 7 13 
2 3 6 7 9 11 13 
3 6 7 8 9 11 
2 3 6 7 8 9 11 
3 6 7 8 
3 6 7 8 
2 6 7 
2 6 7 8 11 12 
7 8 11 12 



2 6 
2 6 

3 8 9 12 13 
8 
2 3 6 8 
3 8 
2 3 6 7 8 
7 8 
2 7 
2 7 13 17 
2 3 6 7 13 
2 3 6 7 13 
3 6 7 12 13 
2 3 6 8 9 
2 3 6 7 8 9 
2 7 8 
2 6 7 8 
2 6 7 
2 6 7 
2 6 7 
2 3 6 7 
2 3 7 
2 3 7 
2 3 6 7 
2 3 4 

2 
2 
2 
2 
2 


2 6 






6 
6 
2 3 6 
3 6 
3 6 
3 6 
3 6 7 
2 3 6 7 
2 3 6 7 11 13 
2 3 6 7 11 13 
2 3 6 7 11 13 
2 3 6 7 11 
2 3 6 7 11 
2 3 6 7 11 12 
3 6 
3 6 7 
2 3 6 7 
2 3 6 7 
2 3 6 7 10 11 
6 7 10 11 
2 6 7 8 11 12 
2 6 7 11 
2 6 7 11 12 
6 7 11 
2 6 7 11 
2 3 6 7 11 
6 11 12 
3 6 
3 6 7 
3 7 11 
3 7 11 
3 
3 
3 
3 
3 
2 3 
2 3 



2 3 6 
2 6 10 14 
2 3 6 
2 3 6 10 
2 3 6 7 10 11 
2 3 6 7 10 11 
2 3 6 7 10 11 
2 3 6 7 10 11 
2 3 6 7 8 10 
2 3 6 7 10 
2 3 6 7 10 14 
2 3 6 7 8 10 11 14 
2 6 7 10 11 
2 6 7 10 11 
2 6 7 11 
2 6 7 8 
2 3 6 7 8 10 14 
3 4 6 7 8 9 10 11 14 
2 3 6 7 9 10 11 
2 3 6 7 9 10 11 14 
2 3 6 7 9 10 14 
2 4 6 7 8 9 10 11 
2 3 4 6 7 8 10 11 
2 3 7 8 9 11 
2 3 4 7 8 9 
2 3 7 8 9 
2 3 7 10 14 
2 3 6 7 10 11 
2 3 7 9 11 
2 3 7 10 14 
2 3 6 7 8 10 11 
2 3 6 7 10 11 13 
2 3 6 7 10 11 13 14 
2 3 4 6 7 8 9 10 11 13 14 15 
2 3 4 6 7 8 9 10 11 13 14 15 
2 3 4 6 7 8 9 10 11 12 13 14 15 
2 3 4 6 7 8 9 10 11 12 13 
2 3 4 6 7 8 9 11 12 13 
2 3 4 6 7 8 9 12 13 
2 3 4 8 
3 4 8 
2 3 6 7 10 11 14 15 
2 3 6 7 10 11 14 15 
2 3 6 7 10 11 14 15 
2 3 6 7 8 10 11 12 
2 3 4 6 7 8 11 12 
3 4 6 7 8 13 
2 3 4 6 7 8 13 
3 6 7 10 13 14 
2 3 6 7 10 11 13 14 
2 3 6 7 10 11 13 
2 3 6 7 8 11 12 13 
2 3 6 7 8 13 
2 3 4 6 7 8 13 
2 3 6 7 9 10 11 13 
2 3 6 7 8 9 12 13 
3 6 7 8 9 12 13 
2 3 6 7 8 
2 3 6 7 
2 6 7 
6 
2 3 6 
3 
3 6 7 10 11 
3 6 7 10 11 14 
2 3 6 7 10 11 14 
2 3 4 6 7 8 10 11 
2 3 4 6 7 8 
2 3 6 7 8 10 11 14 15 
2 3 6 7 10 11 14 15 
2 3 6 7 10 11 
2 3 4 6 7 8 
2 3 6 7 
2 3 6 7 
2 6 7 8 
2 3 6 7 10 11 
2 3 6 7 9 11 
2 3 6 7 8 9 
2 3 6 7 9 
2 3 6 7 
2 3 6 7 10 11 14 
2 3 6 7 10 11 
6 7 
3 6 7 8 9 13 
3 6 7 
2 3 6 7 9 13 
2 3 6 7 
3 6 7 9 13 
3 6 7 
3 6 7 
2 3 6 7 
3 6 7 
3 6 7 10 11 14 15 
2 3 6 7 10 11 
2 3 6 7 8 10 11 12 
2 3 4 6 7 8 10 11 12 
2 3 4 6 7 8 
2 3 4 6 7 8 
2 3 6 7 
2 3 6 7 
3 6 7 
3 6 7 
2 3 6 7 8 9 
2 3 6 7 8 9 
2 3 6 7 
2 3 6 7 8 9 
3 6 7 
3 6 7 
2 3 6 7 9 13 
3 6 7 
3 6 7 9 13 14 
2 3 6 7 
3 6 7 
2 3 6 7 
2 3 6 7 9 11 
6 7 11 
2 6 7 11 
