4 5 7 8 9 12 16 
4 5 7 8 9 12 16 
5 8 9 12 16 
4 5 7 8 9 11 12 15 16 
4 5 7 8 9 12 15 16 
4 5 7 8 9 11 12 13 15 16 
4 5 7 8 9 11 12 15 16 
4 5 7 8 9 10 11 12 14 16 
4 5 7 8 9 10 11 12 14 16 
4 5 7 8 9 10 12 13 14 16 
4 5 7 8 9 10 11 12 14 16 
4 5 7 8 9 10 11 12 14 16 
4 5 7 8 9 11 12 14 
4 7 8 9 11 12 14 16 
4 5 7 8 9 11 12 
4 5 7 8 9 11 12 
4 5 7 8 9 11 12 13 
4 5 7 8 9 11 12 13 
4 5 7 8 9 11 12 13 
4 5 7 8 11 
4 5 8 9 10 11 12 15 16 
5 7 8 9 10 11 12 15 16 
5 8 9 10 11 14 15 16 
5 7 8 9 10 11 12 14 15 16 
7 8 9 10 11 12 14 15 16 
5 7 8 9 10 11 12 14 15 16 
5 7 8 9 10 11 12 14 15 16 
5 7 8 9 10 11 12 14 15 16 
5 7 9 12 14 15 16 
5 7 9 11 14 15 16 
5 7 8 9 10 14 
5 7 8 9 10 11 14 15 16 
5 7 8 9 10 14 16 
7 8 9 10 11 14 16 
7 8 10 11 12 14 16 
5 7 8 9 10 11 12 13 14 16 
4 7 8 9 11 14 
4 7 8 9 11 12 
7 9 10 11 12 
7 8 9 10 11 12 15 
4 7 8 9 11 12 
4 7 10 11 12 14 
4 7 10 11 12 14 
7 8 10 11 12 14 
4 7 8 10 12 14 
4 5 7 8 9 10 12 14 
4 7 8 10 12 13 14 
4 7 8 9 12 13 
7 8 9 12 13 
7 8 9 10 12 13 14 
4 7 8 9 
4 7 8 9 12 13 
4 5 7 8 9 12 14 
4 5 7 8 9 11 14 
4 7 8 9 12 
4 7 8 9 10 11 14 
4 7 8 9 10 12 14 
7 8 9 10 11 14 
4 7 8 9 
7 8 9 11 
7 8 9 
4 5 7 8 9 
4 7 8 9 10 14 
4 5 7 8 9 10 11 14 
4 5 7 8 9 10 11 14 15 
4 5 7 8 9 10 11 14 15 
4 5 7 8 9 10 11 14 
4 5 7 8 9 10 11 14 
4 5 7 8 9 10 11 14 
4 5 7 8 9 10 11 14 15 
4 5 7 8 9 10 11 14 
4 5 7 8 9 10 11 14 
4 5 7 8 9 10 11 14 
4 7 8 9 11 14 15 16 
4 5 7 8 9 10 11 14 15 16 
4 5 7 8 9 10 11 14 15 16 
4 5 7 8 9 10 11 14 15 16 
4 7 8 9 10 11 14 16 
4 5 7 8 9 10 11 14 15 16 
4 5 7 8 9 10 11 14 16 
4 5 8 9 10 11 14 15 16 
4 5 7 8 9 10 11 14 16 
4 7 8 10 11 14 16 
4 5 7 8 10 11 14 15 16 
4 5 7 8 10 11 14 15 16 
4 5 7 8 10 11 14 15 
4 5 7 8 10 14 
4 7 8 10 11 14 15 
4 5 7 8 10 14 
4 7 8 10 14 
4 5 7 8 10 11 14 15 
4 7 8 10 12 14 16 
4 5 7 8 10 12 14 
4 5 7 8 12 14 
4 5 7 8 10 12 14 
4 5 7 8 10 12 14 
4 5 7 8 10 12 14 
4 5 7 8 12 14 
4 5 7 8 12 
4 5 7 8 10 12 14 
4 5 7 8 10 11 12 14 15 
4 7 8 10 12 14 
7 8 10 12 14 
4 7 8 12 14 
4 7 8 12 14 
3 4 7 8 14 
4 7 8 14 
3 4 7 8 14 
3 7 8 14 
3 4 7 8 
3 4 7 8 
3 4 7 
3 7 
4 
7 
3 4 7 8 
3 7 
4 

4 

4 

4 12 
12 
4 12 
12 
4 12 
12 
4 8 12 
12 
4 12 
12 
4 8 12 13 
12 
8 9 12 13 15 16 
8 9 15 16 
4 8 9 15 16 
8 9 15 16 
8 9 10 14 16 
8 9 10 14 16 
8 9 10 14 16 
8 14 16 
8 9 14 
8 9 
8 9 16 
8 9 
9 
8 9 15 16 
8 9 15 16 
7 8 9 15 16 
7 8 9 16 
7 8 9 12 15 16 
5 9 12 15 16 
7 8 9 12 15 16 
5 9 12 15 16 
5 9 12 15 16 
5 7 8 9 12 15 16 
5 12 15 16 
5 12 15 16 
5 12 13 15 16 
5 12 13 15 16 
15 16 
4 5 15 16 
5 7 8 9 15 16 
4 5 8 9 15 16 
4 5 9 15 16 
4 5 8 9 12 15 16 
4 9 12 15 16 
4 9 12 15 16 
4 9 12 15 16 
4 5 9 12 15 16 
4 9 12 15 16 
4 5 9 12 13 15 16 
4 9 12 15 16 
4 5 7 8 9 12 13 15 16 
4 7 9 12 15 16 
4 7 8 9 12 13 15 16 
4 7 9 12 15 16 
4 5 7 8 9 11 12 13 15 16 
4 5 7 8 9 11 12 13 16 
5 7 8 9 11 12 13 16 
5 7 8 9 11 12 15 16 
5 7 8 9 11 12 13 15 16 
5 7 8 9 11 12 15 16 
5 7 8 9 11 12 15 16 
4 5 7 8 9 11 12 15 
7 8 9 11 12 13 15 
4 5 7 8 9 11 12 15 
7 8 9 11 12 15 
5 7 8 9 10 11 12 15 
5 7 8 9 10 11 12 15 16 
5 7 8 9 10 11 12 15 16 
5 7 8 9 10 11 12 13 15 16 
4 5 7 8 9 10 11 12 15 16 
5 7 8 9 10 11 12 13 14 15 16 
5 7 8 9 10 11 12 13 14 15 16 
5 7 8 9 10 11 12 13 14 15 16 
5 7 8 9 10 11 12 14 15 16 
4 5 8 9 10 11 12 13 14 15 16 
4 5 7 8 9 10 11 12 13 14 15 16 
4 7 8 9 10 11 12 13 14 15 16 
4 5 7 8 9 10 14 15 16 
4 5 7 8 9 10 12 14 15 16 
7 8 9 10 12 14 15 16 
4 7 8 9 10 11 12 14 15 16 
4 5 7 8 9 10 11 12 14 15 16 
4 5 7 8 9 10 12 14 15 16 
5 7 8 9 10 12 14 15 16 
4 5 7 8 9 10 12 14 15 16 
4 5 7 8 9 12 14 15 16 
4 5 7 8 9 12 14 15 16 
4 5 7 8 9 12 14 15 16 
4 5 7 8 9 10 12 14 15 16 
4 5 7 8 9 10 12 14 15 16 
4 5 7 8 9 10 12 14 15 16 
4 5 7 8 9 10 12 14 15 16 
4 5 7 8 9 10 12 14 15 16 
4 5 7 8 10 12 14 15 16 
5 7 8 9 10 11 12 14 15 16 
4 5 7 8 9 10 11 12 14 15 16 
4 5 7 8 9 10 11 12 14 15 16 
4 5 7 8 9 10 11 12 14 15 16 
4 5 7 8 9 10 11 12 14 15 16 
4 5 7 8 9 12 13 14 15 16 
4 5 7 8 9 11 12 13 14 15 16 
4 5 7 8 9 11 12 13 14 15 16 
4 5 7 8 9 11 12 13 15 16 
4 5 7 8 9 11 12 13 15 16 
4 5 7 8 9 10 11 12 13 14 15 16 
4 5 7 8 9 10 12 13 14 15 16 
4 5 7 8 9 12 13 14 15 16 
4 5 7 8 9 12 13 14 16 
4 5 7 8 9 10 12 13 14 16 
4 5 8 9 10 12 14 16 
4 5 7 8 9 10 11 12 14 16 
4 5 7 8 9 10 12 14 16 
4 5 7 8 9 10 12 14 16 
2 4 5 7 8 9 10 12 14 16 
4 5 7 8 9 10 12 14 
4 5 7 8 9 10 12 14 
4 5 7 8 9 10 12 14 
4 5 7 8 9 10 12 14 15 16 
4 5 7 8 9 10 12 14 15 16 
4 8 9 10 12 14 15 16 
4 7 8 9 10 12 13 14 15 16 
4 7 8 9 10 12 13 14 15 16 
4 5 7 8 9 10 12 13 14 16 
4 5 7 8 9 10 14 16 
4 5 7 8 9 10 12 13 14 16 
4 5 7 8 9 10 14 16 
4 5 7 8 9 10 14 16 
4 5 7 8 9 10 14 16 
4 5 7 8 9 10 14 15 16 
4 5 7 8 9 10 11 14 15 16 
4 5 7 8 9 10 14 15 16 
5 7 8 9 10 12 14 15 16 
5 7 8 9 12 14 16 
4 5 7 8 9 12 14 16 
5 7 8 9 10 12 14 16 
4 5 7 8 9 10 11 12 14 16 
4 5 7 8 9 10 11 12 14 16 
4 5 7 8 9 10 11 12 14 15 16 
4 5 7 8 9 10 11 12 14 15 16 
4 5 7 8 9 10 11 12 14 15 16 
2 5 7 8 9 11 12 14 15 16 
4 5 7 8 10 11 12 14 15 16 
4 5 7 8 10 12 14 15 16 
4 5 7 8 10 12 14 15 16 
4 5 7 8 10 12 13 14 15 16 
3 4 5 7 12 14 15 16 
4 5 7 8 10 11 12 14 16 
3 4 5 7 8 11 12 14 16 
3 4 5 7 8 11 12 14 16 
3 4 5 7 10 11 12 13 14 16 
4 5 7 8 10 11 12 13 14 15 16 
3 4 5 8 10 11 13 14 16 
3 4 5 8 10 11 14 16 
3 4 5 8 10 11 14 
3 4 5 7 8 11 12 13 14 
3 4 5 8 10 11 12 13 14 
3 4 5 8 9 12 13 14 
3 4 5 8 10 12 14 
3 4 5 8 10 12 14 
2 4 5 8 10 12 14 
3 4 5 8 10 12 14 
4 5 8 10 11 14 15 
2 3 4 5 8 10 11 12 14 15 
4 5 7 8 10 14 
4 5 7 8 9 10 11 14 15 
4 5 7 8 9 10 14 
4 5 7 8 9 10 14 
3 4 5 7 8 9 10 11 12 14 15 
3 4 5 7 8 9 10 14 
3 4 5 7 8 9 10 14 
2 3 4 7 9 10 14 
3 4 7 9 14 
3 4 7 8 9 14 
4 7 9 14 
4 7 8 9 14 
2 3 4 9 14 
4 5 9 14 
2 4 5 9 
4 5 7 9 12 13 
4 5 12 
4 5 8 12 
4 5 8 12 
4 5 7 8 12 
4 5 7 8 12 
4 5 7 8 
4 5 8 
4 5 7 8 
4 5 7 8 
4 5 8 
2 4 5 7 8 
4 5 8 9 
4 7 8 
3 4 5 7 8 9 
2 4 5 7 8 9 
4 5 7 8 9 
4 5 7 8 9 
2 4 5 7 8 9 12 
4 5 7 8 9 12 
4 5 7 8 9 12 
4 5 7 8 9 12 
4 5 7 8 9 12 13 
4 5 7 8 9 12 
2 4 5 7 8 9 12 
4 5 7 8 9 12 
2 4 5 7 8 9 12 
4 5 7 8 12 
4 5 7 8 9 12 13 
3 4 5 7 8 12 
4 5 7 8 9 12 
3 4 5 7 8 9 12 
3 4 5 7 8 9 12 
4 5 8 9 
4 5 7 8 
2 4 5 7 8 
4 5 7 8 
4 7 8 9 14 15 
4 5 7 8 9 14 15 
4 7 15 16 
4 5 7 8 9 15 16 
4 7 15 16 
4 5 7 8 9 15 16 
4 7 15 16 
4 5 7 8 9 15 16 
4 7 15 16 
4 7 9 15 16 
4 7 15 16 
4 5 7 9 15 16 
4 7 15 16 
4 5 9 15 16 
4 7 12 15 16 
4 5 7 8 9 12 15 16 
4 12 15 16 
2 4 5 8 9 12 14 15 16 
4 12 15 16 
4 5 8 12 15 16 
4 12 16 
4 5 8 12 14 15 16 
2 4 5 8 12 14 15 
2 4 5 8 12 15 16 
8 12 15 16 
4 5 8 12 15 16 
2 4 7 8 11 12 15 16 
2 4 5 7 8 11 12 15 16 
7 8 11 12 15 16 
4 5 7 8 11 12 15 16 
4 7 8 11 12 15 16 
2 5 7 8 11 12 15 16 
4 7 8 11 12 15 16 
5 7 8 9 11 12 13 15 16 
4 5 7 8 12 15 16 
2 4 5 7 8 9 12 15 16 
2 5 7 8 9 12 15 16 
4 7 8 9 12 15 16 
4 7 8 9 12 16 
4 7 8 9 12 15 16 
4 5 7 8 9 12 15 16 
4 5 7 8 9 12 15 16 
4 5 7 8 9 12 15 16 
4 5 7 8 9 12 13 15 16 
2 4 8 9 12 13 15 16 
4 5 8 9 12 13 15 16 
4 5 7 8 9 12 13 15 16 
2 4 5 7 8 9 12 13 15 16 
4 5 7 8 9 12 13 15 16 
4 5 7 8 9 11 12 13 15 16 
2 4 5 7 8 9 11 12 13 15 16 
4 5 7 8 9 11 12 13 15 16 
4 5 7 8 9 10 11 12 13 15 16 
4 5 7 8 9 11 12 13 15 16 
5 7 8 9 11 12 13 15 16 
5 7 8 9 11 12 13 15 16 
5 7 8 9 11 12 13 15 16 
5 7 8 9 11 15 16 
2 5 7 8 9 10 11 12 16 
5 7 8 9 10 11 12 16 
5 8 9 11 12 16 
2 5 8 9 10 11 12 14 16 
2 5 7 8 9 10 11 12 14 16 
5 7 8 9 10 11 12 13 14 16 
4 5 7 9 10 11 12 14 
2 5 7 9 10 11 12 13 14 15 16 
2 5 7 9 10 11 12 14 15 16 
5 7 8 9 11 12 13 14 15 16 
5 7 9 10 11 12 14 15 16 
5 7 8 9 10 11 12 13 14 15 16 
5 7 9 10 11 12 14 15 16 
5 7 8 9 10 11 12 13 14 15 16 
4 5 7 8 9 10 11 12 13 14 15 16 
4 5 8 9 10 11 12 13 14 15 16 
4 5 8 9 10 11 12 14 15 16 
2 4 5 8 9 10 12 13 14 15 16 
5 8 9 10 12 14 15 16 
2 5 8 9 10 12 14 15 16 
2 5 8 9 10 14 16 
2 3 4 5 8 9 10 12 13 14 16 
5 9 10 12 13 14 16 
4 5 8 9 10 12 13 14 16 
2 5 8 9 10 12 14 15 16 
5 8 9 10 12 14 15 16 
5 8 9 10 11 12 14 15 16 
5 7 8 9 10 12 14 15 16 
4 5 7 8 9 10 12 14 15 16 
4 5 7 8 9 10 12 14 15 16 
4 5 7 8 9 10 12 14 16 
5 7 8 9 10 12 14 16 
5 7 8 9 10 12 14 16 
5 7 8 9 10 12 13 14 16 
5 7 8 9 12 14 16 
5 7 8 9 12 13 14 
4 5 7 8 9 12 14 16 
4 5 7 8 9 12 13 14 
5 7 8 9 
4 5 7 8 9 
2 5 7 8 9 
2 4 5 7 8 9 
4 5 7 8 9 
4 5 7 8 9 
5 7 8 9 
4 5 7 8 9 10 11 12 13 14 15 
2 5 7 8 9 10 12 14 
4 5 7 8 9 10 12 14 15 16 
5 7 8 9 12 14 
2 4 5 7 8 9 12 14 16 
7 8 9 12 14 16 
4 5 7 8 9 12 14 16 
5 7 9 12 14 15 
5 7 8 9 12 13 15 
5 7 9 10 12 14 15 
7 10 11 14 15 
5 7 9 10 12 14 15 
2 5 10 14 15 
5 7 9 10 14 15 
5 7 9 14 15 
5 7 8 9 10 14 15 16 
5 8 9 10 14 15 16 
5 9 10 14 15 16 
5 9 10 14 15 16 
5 9 10 12 14 15 16 
5 9 10 12 14 15 
5 9 10 12 14 15 16 
4 5 9 12 14 15 16 
2 5 9 10 12 14 15 16 
3 4 5 9 10 12 14 15 16 
4 5 9 10 12 14 16 
4 5 9 10 12 14 16 
4 5 9 10 12 14 16 
4 5 9 10 12 14 16 
5 9 10 12 13 14 16 
4 5 8 9 10 12 13 14 16 
4 5 8 9 10 12 14 16 
4 5 9 10 12 14 
4 5 9 10 12 14 
5 8 9 10 12 14 
5 8 9 10 12 14 
4 5 8 9 12 14 
4 5 8 9 12 
4 5 8 9 12 
4 5 8 9 12 
4 5 8 9 12 
4 5 8 9 12 
4 5 8 9 12 
4 5 8 9 12 
4 8 9 12 
4 5 8 9 12 
4 5 8 9 12 
4 8 9 12 
4 5 8 9 12 15 
4 5 8 9 12 13 15 
4 5 8 9 12 13 15 
4 5 8 9 15 
4 5 8 9 15 16 
5 8 9 15 16 
5 8 9 16 
5 8 9 
5 8 9 
5 8 9 
5 7 8 9 
3 4 5 7 8 9 
5 7 8 9 
5 7 8 9 
5 7 8 9 
5 7 8 9 12 
5 7 8 9 12 
5 7 8 9 12 
5 7 8 9 12 
5 7 8 9 12 
5 8 9 12 
5 8 12 
5 7 8 
5 7 8 
5 8 
5 8 
5 8 
5 8 
5 8 
5 8 10 14 
2 5 8 10 14 
5 7 8 10 12 13 14 15 
5 7 8 10 12 13 14 15 
5 7 8 12 13 14 15 16 
5 7 8 12 14 15 16 
5 7 8 11 12 13 15 16 
5 7 12 13 15 16 
5 7 12 15 16 
5 8 12 15 16 
5 8 12 15 16 
5 15 16 
5 7 8 15 16 
5 8 15 16 
5 8 15 16 
15 16 
4 5 8 15 16 
12 15 16 
8 12 15 16 
4 12 15 16 
