4 
6 7 10 11 
6 7 10 11 
6 7 11 
6 7 8 
6 7 8 
6 7 8 10 11 
6 7 8 10 11 
3 4 6 7 8 11 
3 4 6 7 8 
2 3 4 6 7 8 
2 3 4 6 7 8 10 11 13 
3 4 6 7 8 10 11 13 
2 3 4 6 7 8 9 13 
2 3 4 6 7 8 
2 3 4 6 7 8 
2 3 4 6 7 8 
2 3 4 6 7 8 
2 3 4 6 7 8 
2 3 4 5 6 7 8 9 10 11 
2 3 4 5 6 7 8 10 11 
2 3 4 6 7 8 10 11 12 
2 3 4 6 7 8 10 11 12 
2 3 4 6 7 8 10 11 12 
2 3 4 6 7 8 10 11 12 
2 3 4 6 7 8 11 12 
2 3 4 6 7 8 
2 3 4 6 7 8 10 11 
2 3 4 6 7 8 10 11 
2 3 4 7 8 11 
2 3 4 5 6 7 8 9 10 11 
2 3 4 5 6 7 8 9 10 11 
2 3 4 6 7 8 11 
2 3 4 5 7 8 9 
2 3 4 7 8 11 
2 3 4 5 6 7 8 9 10 11 
2 3 4 7 8 
2 3 4 7 8 
2 3 4 5 8 
2 3 4 5 6 7 8 
3 4 5 6 7 8 10 11 
3 4 6 7 8 11 
2 3 4 5 6 7 8 
2 3 4 5 6 7 8 
2 3 4 5 6 7 8 9 10 11 
2 3 4 5 6 7 8 
2 3 4 5 6 7 8 
2 3 4 5 6 7 8 
2 4 6 8 
4 8 
4 5 6 8 
4 5 6 8 
3 4 6 
3 4 5 
3 4 5 
4 5 6 
4 6 7 10 11 
3 4 6 7 8 10 11 12 
3 4 6 7 8 10 11 12 
2 3 4 6 7 8 10 11 12 
3 4 6 7 8 
3 4 6 7 8 
3 4 6 8 
3 4 8 
3 4 6 7 8 10 11 
3 4 6 7 8 10 11 
2 3 4 6 7 8 11 
2 3 6 7 8 
3 4 6 8 
3 4 6 8 
4 6 8 
3 4 6 
3 4 
3 4 
3 6 
3 6 
3 6 
3 
3 
3 
2 3 9 13 
2 3 4 9 13 
2 3 4 
2 3 4 
2 3 4 
2 3 6 9 13 
2 3 6 13 
2 6 13 
2 6 13 
2 4 13 
2 4 6 
2 4 6 
2 3 4 6 
2 3 4 6 
2 3 4 6 
2 3 4 6 7 
2 3 4 6 7 10 11 
2 3 4 6 7 8 
2 3 4 6 8 
3 4 6 8 
3 4 6 8 
3 7 
2 3 6 
3 6 
2 3 6 
2 3 
2 3 6 
2 
2 3 4 
2 3 
2 3 
2 3 4 6 
2 3 6 
2 3 
2 6 7 
6 




6 
8 9 12 13 
3 6 8 9 12 13 
3 8 9 12 13 
8 9 12 
8 
7 8 13 
7 8 13 
7 8 
3 7 8 13 
3 6 7 8 13 
3 6 7 8 9 13 
2 3 6 7 8 9 12 13 
2 3 8 9 12 13 
2 3 6 7 8 9 13 
2 3 7 8 
2 3 7 8 
2 3 7 8 
2 3 7 8 
2 3 7 8 
2 3 7 8 
2 3 
2 6 
2 
2 4 
2 
2 6 
2 6 
2 6 
2 6 
2 3 6 16 17 
2 3 6 16 17 
2 3 6 
2 3 6 
2 3 6 
2 3 6 
3 6 
2 3 6 
2 6 
2 6 
2 3 6 7 
2 3 6 7 
2 3 6 7 
2 3 6 7 
2 3 6 7 8 
2 3 6 7 8 11 
3 4 6 7 8 11 12 
3 4 6 7 8 11 12 16 
4 6 7 8 12 16 17 
2 4 6 7 8 11 17 
2 4 6 7 8 11 12 
2 4 6 7 8 11 12 
2 4 6 7 11 12 13 15 16 17 
2 6 7 8 12 13 16 17 
2 4 6 7 8 11 
2 4 6 7 8 11 12 
2 4 6 7 8 11 12 16 
2 3 4 6 7 8 12 16 17 
2 3 4 6 7 8 11 16 17 
3 7 11 12 
3 7 11 12 16 
3 4 7 8 12 16 17 
3 4 7 8 9 13 16 17 
4 8 9 13 
4 13 
4 13 
4 

3 


6 7 10 11 
6 7 11 
6 7 8 
6 7 8 
6 7 8 
6 7 8 
4 6 7 8 10 11 
3 4 6 7 8 10 11 
3 4 6 7 8 
3 4 6 7 8 
2 3 6 7 8 
4 6 7 8 
2 3 4 6 7 8 
2 3 4 6 7 8 12 16 
2 3 4 6 7 8 12 16 
3 4 6 7 8 12 13 16 17 
2 3 4 6 7 10 11 12 13 16 17 
2 3 4 6 7 8 10 11 12 13 17 
2 3 7 8 11 12 13 17 
2 3 4 7 8 13 17 
2 3 4 6 8 13 
2 3 4 6 7 8 10 11 13 
2 3 4 7 8 11 
2 3 4 7 8 
2 3 4 6 7 8 
2 3 4 5 7 8 
2 3 4 6 7 8 
2 3 4 6 7 8 
3 4 7 8 
3 4 5 6 8 9 
3 4 6 7 8 
3 4 6 7 8 
3 4 6 7 8 
3 4 6 8 
3 4 6 
3 4 
3 4 
3 4 6 7 

2 3 4 6 7 8 
2 3 4 6 7 8 
3 4 7 8 
2 3 4 6 7 8 
4 6 8 
4 6 8 13 
4 8 13 
4 8 13 
8 13 
4 8 13 
3 4 8 9 13 
3 4 9 13 
2 3 4 6 7 
4 6 13 
4 13 
4 13 
4 13 
4 13 
3 4 13 
3 4 13 
3 4 6 7 
3 4 6 
3 4 6 7 
3 4 6 
3 4 6 
3 4 6 
3 6 
3 
2 3 4 
2 3 
2 3 6 7 
2 3 4 6 
2 4 6 
2 4 
2 4 
2 4 
2 4 
2 4 
2 3 4 
2 3 4 
3 4 
3 4 7 
3 4 6 7 
2 3 4 6 7 
2 3 4 6 7 8 
2 3 4 6 7 8 12 
2 3 4 6 7 8 12 13 
2 3 4 6 7 12 13 16 17 
2 3 4 6 7 17 
2 3 6 7 
2 3 6 7 8 11 12 
2 3 6 7 8 11 12 
2 6 7 12 13 16 17 
2 4 6 7 8 12 13 16 17 
2 4 6 7 8 11 12 13 
2 6 7 8 11 12 
2 4 6 12 13 16 17 
2 4 6 12 13 16 17 
2 3 4 6 17 
2 3 4 6 7 
2 4 6 
3 4 6 
3 4 
3 4 
2 3 4 6 7 
2 3 4 6 7 
3 4 6 7 
2 3 6 7 
2 3 6 7 8 
2 3 6 7 8 11 12 
3 7 8 11 12 
2 3 7 12 13 16 17 
2 3 7 8 12 13 16 17 
2 7 8 11 12 17 
2 8 12 
2 12 13 16 17 
2 4 17 
2 
2 4 8 9 12 13 
2 8 9 12 13 
2 4 8 9 12 13 
2 4 8 
4 8 13 
4 7 8 9 13 17 
4 7 8 9 13 17 
4 7 8 13 
3 4 7 8 9 12 13 
3 4 7 8 12 
3 4 7 8 13 
2 3 6 7 8 13 
2 3 4 6 7 8 9 13 
2 3 4 7 8 
2 3 4 7 8 13 
2 3 4 6 7 8 13 17 
2 3 4 6 8 13 
2 3 6 7 8 9 12 13 
2 4 8 9 12 13 
2 4 8 
2 4 8 
2 4 7 8 13 
2 4 7 8 13 
2 7 8 
3 7 8 
3 7 8 
2 3 4 6 7 8 
2 3 7 
2 3 7 
2 3 
2 3 
2 3 6 
2 3 
2 3 
2 3 
2 
2 6 
2 6 
2 6 
2 6 13 
2 6 13 
2 3 6 7 9 13 17 
2 3 6 7 13 17 
2 3 6 7 13 
2 3 6 7 13 
2 3 6 7 8 9 11 12 13 
2 3 4 6 7 8 9 11 12 13 
2 3 4 6 7 8 9 12 13 16 17 
2 3 4 6 7 8 11 12 13 16 17 
3 4 7 8 11 12 
3 4 7 8 11 12 13 15 16 17 
3 4 7 8 
3 4 7 8 
4 8 
4 5 8 9 
4 
4 
4 
4 






4 




6 
6 
6 7 10 11 
4 6 7 10 11 
6 7 11 
6 7 8 
3 6 7 8 
3 4 6 7 8 10 11 
2 3 4 6 7 8 11 
2 3 4 6 7 8 
2 3 4 6 7 8 10 11 
2 4 6 7 8 10 11 
2 3 4 6 7 8 
2 3 4 7 8 
2 3 4 6 7 8 
2 4 5 8 
2 4 5 6 7 8 10 11 
2 4 7 8 11 
2 4 5 6 7 8 10 11 
4 6 7 8 10 11 
2 4 7 8 
2 4 8 
2 4 5 8 9 
2 3 4 6 7 8 10 11 
2 3 4 5 7 8 11 
2 3 4 5 7 8 
2 3 4 5 6 8 
2 3 4 6 7 8 10 11 
2 3 4 6 7 8 9 11 13 
2 3 4 6 7 8 
2 3 4 5 6 7 8 13 
2 3 4 6 7 8 13 
2 3 4 6 7 8 13 
2 3 4 6 7 
2 3 4 6 7 8 13 
2 3 4 6 8 13 17 
2 3 4 6 8 13 17 
2 3 4 6 7 13 17 
2 3 4 6 7 
2 3 6 7 
2 3 6 7 
2 3 6 7 
2 3 6 7 
2 6 







8 




2 4 6 
2 3 4 6 
2 3 4 6 
2 6 7 
2 4 6 
2 4 6 
2 3 4 6 
2 6 
2 6 7 
2 6 
2 6 
2 6 
4 

3 4 

3 
3 
3 4 
3 4 
2 3 4 
2 3 7 
2 3 4 6 7 
2 6 
2 4 6 
2 4 6 
2 4 6 
2 4 6 
2 4 6 
2 4 6 
4 6 7 
3 4 6 7 8 
3 4 6 8 
3 4 6 7 8 
2 3 4 6 7 8 11 
2 3 4 5 6 7 8 
2 3 4 6 7 8 
2 3 4 6 8 
2 3 4 5 6 8 
3 7 
2 3 6 7 
2 3 6 7 
2 3 6 7 
6 


4 
4 
4 8 12 
3 4 
3 4 
3 4 7 11 12 15 16 
3 4 6 7 11 12 13 15 16 17 
3 4 6 12 13 16 17 
3 4 11 12 13 15 16 17 
3 4 11 12 13 15 16 17 
3 4 6 7 
3 6 17 
2 3 
2 3 4 
2 3 4 
2 3 4 
2 3 4 
2 3 4 
2 3 4 8 12 
2 3 4 8 12 
2 3 8 9 12 13 
2 4 8 
2 4 8 
2 4 7 8 
2 4 7 8 
2 4 7 8 
2 4 7 8 13 17 
4 7 8 13 
3 4 7 8 13 
3 4 7 8 9 12 13 
2 3 4 6 7 8 9 12 13 
2 3 6 7 8 
2 3 7 8 
2 3 7 8 
2 3 6 7 8 
2 3 7 
2 3 7 13 
2 3 7 9 13 
2 3 4 6 7 9 13 
2 3 8 
2 3 4 8 9 13 
2 3 4 8 13 
2 3 7 8 9 13 
2 3 7 8 
2 3 7 8 13 
2 3 7 8 13 
3 4 7 8 13 
2 3 8 
3 8 13 
2 3 6 8 13 
2 3 4 6 8 9 13 
2 3 4 6 8 9 13 
2 3 4 6 8 
2 3 4 6 8 13 
2 3 4 6 8 13 
2 3 4 6 13 
2 3 4 6 13 
4 6 13 
2 3 4 6 
2 3 4 6 
