4 5 6 9 
3 4 5 9 
3 5 9 
2 3 5 6 7 9 
5 6 9 
2 5 6 
2 5 6 
2 6 
4 5 6 
6 
4 
4 
4 
4 
4 
4 

4 
4 
2 4 
2 5 
2 5 
2 5 
2 5 
2 5 
2 4 5 
4 5 
2 4 5 
2 4 5 
4 5 
4 5 
4 
3 4 5 
3 4 7 8 
2 3 4 5 6 7 8 
2 3 4 5 6 7 8 
3 4 5 6 7 8 
3 4 5 7 8 
3 4 5 7 8 
3 4 7 8 12 
3 4 5 7 8 9 12 13 
4 5 7 8 
4 5 8 
3 4 5 8 12 
3 4 7 8 9 12 13 
3 4 7 8 9 12 13 
4 7 8 
4 7 8 
3 4 8 
3 4 7 8 12 
3 4 7 8 9 12 13 
3 4 7 8 
3 4 7 8 
3 4 7 8 
3 4 7 8 
3 4 7 8 9 
2 3 7 8 9 
2 3 7 8 9 
2 3 8 9 
2 8 9 12 13 
2 8 9 12 13 
2 
2 
2 5 
2 5 
2 5 
2 5 
2 5 
2 5 
2 4 5 9 
2 4 8 9 
2 4 6 8 9 
2 3 4 6 7 8 
2 3 4 6 7 8 
2 3 4 6 7 
2 3 4 6 7 
2 3 4 6 7 
2 3 4 6 7 
3 4 6 7 8 
2 3 4 6 7 8 12 
2 3 4 8 9 12 13 
2 4 
2 
2 
2 
2 
2 
2 
2 6 10 
2 10 
2 6 10 
2 6 10 
14 
2 10 14 
2 14 
2 6 10 14 
2 6 7 10 11 14 
2 6 7 10 11 
2 6 7 10 11 
2 6 7 10 11 
2 6 7 8 11 12 
2 6 7 8 
2 4 6 7 8 10 
2 3 4 5 6 7 8 9 10 11 
3 4 5 6 7 8 9 
3 4 5 7 8 9 
3 5 7 8 9 
3 4 5 8 9 
3 4 5 8 9 14 
3 4 5 8 9 10 14 
3 5 6 7 9 10 11 14 
3 5 6 7 9 10 11 
2 3 4 5 6 7 8 10 11 12 
2 3 4 5 7 8 11 12 14 
2 3 4 5 6 7 8 10 11 14 
2 4 5 6 7 8 9 10 11 
2 4 5 7 8 9 11 
2 4 5 7 8 9 11 12 
2 4 5 7 8 9 
2 4 5 7 8 9 14 
2 4 5 6 7 8 9 10 11 14 15 
2 4 5 6 7 8 9 10 11 14 15 
2 4 5 6 7 8 9 10 11 12 
2 3 4 5 6 7 8 9 10 11 12 
2 3 4 5 7 8 9 
2 4 5 8 9 14 
2 4 5 8 9 10 11 14 
2 4 5 6 7 8 9 10 11 
2 4 5 7 8 9 11 12 
2 4 5 7 8 9 
2 4 5 8 9 
2 4 5 8 9 
2 4 5 8 9 14 
2 4 5 6 7 9 10 11 
2 4 5 6 7 8 9 10 11 12 
2 4 5 7 8 9 10 11 12 14 
2 4 5 6 7 8 9 10 11 
2 4 5 6 7 8 9 10 11 12 
2 4 5 6 7 8 9 10 11 12 14 
2 4 5 6 7 8 9 10 11 14 
2 4 5 6 7 8 9 10 11 
2 4 5 6 7 8 9 11 12 
2 4 5 7 8 9 
2 4 5 8 9 
2 4 5 8 9 
2 4 5 9 
2 5 9 10 14 
2 5 6 7 9 10 11 
2 7 8 11 12 
2 4 6 8 10 
2 4 5 6 7 8 9 10 11 
2 5 6 7 8 9 10 
2 4 5 6 7 8 9 10 11 14 
2 4 5 6 7 8 9 10 11 
2 4 5 6 8 9 
2 3 4 5 6 8 9 10 
2 3 4 5 6 8 9 
2 3 4 5 6 9 
2 3 4 5 9 
2 3 4 5 
3 4 6 10 
2 3 4 5 6 7 
2 3 4 5 6 7 8 10 
2 3 4 5 6 7 8 9 10 11 
2 3 4 5 6 7 8 9 
2 3 4 5 6 7 8 9 
3 4 5 6 8 9 
2 3 4 5 6 7 9 
2 3 4 5 6 9 
2 3 4 5 6 
2 3 4 5 6 7 
2 3 4 5 6 7 
2 3 4 5 6 7 
3 4 5 6 
3 4 5 
2 3 4 5 6 
2 4 5 6 
3 4 6 
3 4 5 
2 3 4 6 7 
2 3 4 5 6 7 
3 4 5 6 
2 3 4 5 6 7 
2 3 4 5 6 7 
2 3 4 6 7 
2 4 6 
2 4 6 
2 4 6 
4 6 
4 6 


2 


2 




6 10 
6 7 10 
5 7 8 
4 5 8 
4 5 8 9 
4 5 9 
2 5 9 
3 4 5 
3 4 5 
2 3 4 5 6 7 
4 6 
2 4 
3 4 
3 4 5 
2 3 4 5 6 7 
2 5 6 
4 5 
3 4 5 
2 3 4 5 
2 3 4 5 6 7 
2 3 4 6 
2 3 4 5 
2 3 4 5 6 7 
2 3 4 5 6 
2 3 4 5 6 7 8 
2 3 4 5 6 7 8 
2 3 4 5 7 8 
2 3 4 5 7 8 
2 3 4 5 7 8 12 
2 3 4 5 7 8 12 
3 4 7 8 9 12 13 
2 3 4 6 7 8 12 13 
2 3 4 6 7 8 
2 3 4 6 7 8 
2 3 4 5 6 7 8 
2 3 4 5 6 7 8 12 
4 5 6 7 8 9 12 13 
4 5 7 8 9 12 13 
4 7 8 
4 7 8 12 
3 4 8 9 12 13 
3 4 8 9 12 13 
2 3 4 6 7 12 13 
2 4 6 
2 6 
2 6 
2 6 7 8 
2 6 7 8 
6 8 
6 8 12 
8 12 


2 
2 9 
2 9 
2 3 8 9 
2 3 5 8 9 
2 3 5 8 
2 3 5 7 8 
2 3 4 5 7 
2 3 4 5 6 7 9 
2 3 4 6 7 8 9 14 
2 3 4 6 7 8 14 
2 3 4 6 7 8 9 14 
2 3 4 7 8 9 
2 3 4 7 8 
3 4 6 7 8 
3 4 5 6 7 8 9 
3 4 5 6 7 8 9 
3 4 5 6 7 8 9 
4 5 6 8 9 
3 4 5 6 8 9 
3 4 5 6 8 9 
5 9 
5 9 
5 9 
5 9 
5 9 

5 9 
5 10 
4 5 10 


9 
9 
9 
9 
9 
4 9 
9 
5 9 
5 9 
4 5 9 
4 5 9 
4 5 9 
4 5 9 
5 9 
5 9 
4 5 9 
4 5 9 
5 9 
4 5 
5 

5 
4 5 
4 5 
4 

4 
4 10 11 14 
4 6 7 10 11 
4 6 7 10 11 
4 6 7 10 11 
6 7 8 10 11 12 
4 6 7 8 10 11 12 14 
4 6 7 8 10 14 
6 7 8 10 11 14 
4 6 7 8 9 10 11 14 
3 4 6 7 8 9 10 11 12 14 
3 4 5 6 7 8 9 10 11 12 
3 4 5 6 7 8 9 10 11 12 
3 4 5 6 7 8 9 10 
3 4 5 6 7 8 9 10 11 
2 3 4 5 6 7 8 9 
2 3 4 5 7 8 9 
2 3 6 7 8 10 
2 3 4 5 6 7 8 9 10 11 14 
2 3 4 5 6 7 8 9 10 11 14 
2 3 4 5 6 7 8 9 10 11 14 15 
2 3 4 5 6 7 8 9 10 11 14 15 
2 3 4 5 7 8 9 
2 3 4 5 6 7 8 9 10 11 12 14 15 16 
2 3 4 5 6 7 8 9 10 11 
2 3 4 5 6 7 8 9 10 11 12 14 15 16 
2 3 4 5 6 7 8 9 10 11 12 13 
2 3 4 5 6 7 8 9 10 11 12 13 
2 3 4 5 6 7 8 9 11 12 13 
2 3 4 5 7 8 9 
2 3 4 5 8 9 14 
2 3 4 5 8 9 10 11 14 
2 3 4 5 6 7 8 9 10 11 
2 3 4 6 7 11 
2 3 4 5 7 8 9 14 
2 3 4 5 8 9 10 11 14 
2 3 4 5 6 7 8 9 10 11 
2 3 4 5 6 7 8 9 11 
2 3 5 6 7 8 9 
2 3 4 5 6 8 9 10 
2 3 4 5 6 7 8 9 
3 4 5 6 7 8 9 
3 4 5 6 8 9 10 
3 4 5 6 7 9 10 11 
2 3 4 5 7 8 9 
2 3 4 5 6 7 8 9 10 
2 3 4 5 6 7 8 9 10 
2 3 4 5 6 7 8 9 
2 3 4 5 6 7 8 9 
2 3 4 5 6 7 8 
2 3 4 5 6 7 8 9 10 
2 3 4 5 6 7 8 9 
2 3 4 5 6 8 9 
2 3 4 5 8 9 14 
2 3 4 5 6 7 8 9 10 11 14 
2 3 4 5 6 7 8 9 10 11 14 15 
2 3 4 6 7 8 10 11 12 14 15 
2 3 4 5 6 7 8 
4 5 8 9 
2 3 4 5 6 7 8 9 10 11 12 14 15 16 
2 3 4 5 6 7 8 9 10 11 12 13 
2 3 4 5 7 8 9 11 12 13 
2 3 4 5 7 8 9 
3 4 5 8 9 10 
2 3 4 5 6 7 8 9 10 14 
2 3 4 5 6 7 8 9 10 11 
2 3 4 5 6 7 8 9 10 11 12 
3 4 5 6 7 8 9 10 
2 3 4 5 6 7 8 9 10 14 
2 4 5 6 7 8 9 10 11 14 
4 5 6 7 8 9 10 11 12 
4 5 7 8 9 11 12 
4 5 8 9 
3 4 5 8 9 
3 4 5 8 9 
2 3 4 5 9 
2 3 4 5 6 7 9 
2 4 5 6 9 
2 4 5 9 
2 3 4 5 9 
2 3 5 9 
2 3 5 6 7 9 
2 5 6 9 
2 6 
2 5 
2 4 5 
2 4 5 
2 4 
4 5 
3 4 
2 3 4 6 7 
2 4 6 
4 6 
3 4 
3 4 
2 3 6 7 
2 3 6 7 
6 
5 

4 5 
4 5 
4 5 
3 4 5 
3 4 7 8 
3 4 
2 3 4 7 8 
2 3 4 6 7 8 
2 3 4 5 6 7 8 
3 4 6 7 8 12 
3 4 7 8 9 12 13 
4 
3 4 5 7 8 
3 5 7 8 
2 3 6 7 8 
2 6 8 
2 6 8 9 12 13 
5 8 9 12 13 
4 5 
3 4 5 
3 4 5 9 
2 3 6 9 
2 4 5 6 9 
3 4 9 
3 4 9 
3 9 
2 3 4 6 7 9 
6 9 
4 9 
4 5 9 
2 3 4 5 9 
2 3 4 5 6 
2 3 4 5 6 9 
2 3 6 
2 3 4 5 6 9 
2 3 6 
2 3 4 5 6 
2 3 
2 3 4 7 8 
2 3 4 8 9 12 13 
2 3 4 5 8 9 
3 4 5 7 8 9 
2 4 5 7 8 9 
2 4 5 7 8 9 12 13 
2 4 5 7 8 9 
2 4 5 6 7 8 9 
2 4 5 6 7 8 9 
2 5 6 7 8 9 
2 5 6 7 9 
2 6 7 
5 6 7 
5 6 
5 6 



2 6 
2 6 
2 6 
6 
6 

9 
9 
8 9 
8 9 14 
3 4 7 8 10 14 
3 4 7 8 10 
3 4 7 8 9 10 
3 9 
3 9 
3 9 
2 3 9 
2 3 9 
2 3 9 
2 5 9 10 
2 5 9 
2 4 5 9 
2 4 5 9 
2 4 5 8 9 
2 5 8 9 
5 8 
5 7 8 9 
7 14 
5 6 7 10 11 14 15 
5 6 7 
5 6 10 11 
4 5 6 10 11 12 
4 5 9 11 12 
2 4 6 10 
2 4 6 7 10 
2 4 6 7 10 11 
2 4 5 6 7 10 11 12 14 
2 4 6 7 10 11 14 
2 3 5 7 8 11 12 14 
2 3 4 7 8 14 
2 3 4 6 7 8 10 11 14 15 
2 3 4 5 6 7 8 9 10 11 
2 3 4 5 6 7 8 9 10 11 12 
2 3 4 5 7 8 9 
2 3 4 5 6 7 8 9 10 14 
2 3 4 5 8 9 10 14 
2 3 4 5 6 7 8 9 10 11 
2 3 4 5 6 7 8 9 10 11 12 
2 3 4 5 6 7 8 9 10 11 12 
2 3 4 5 6 7 8 9 10 11 12 
2 3 4 5 6 7 8 9 10 11 12 
2 3 4 5 6 7 8 9 14 
2 3 4 5 7 8 9 10 14 
2 3 4 5 6 7 8 9 10 11 
2 3 4 5 6 7 8 9 10 11 12 
2 3 4 5 6 7 8 9 14 
2 3 4 5 7 8 9 10 14 
2 3 4 5 6 7 8 9 10 11 
2 3 4 5 6 7 8 9 10 11 
2 4 5 6 7 8 9 
2 4 5 6 7 8 9 10 14 
2 3 4 5 6 7 8 9 10 11 
2 3 4 5 6 7 8 9 10 11 
2 3 4 5 7 8 9 
2 3 4 5 7 8 9 14 
2 3 4 5 6 7 8 9 10 11 
2 3 4 5 6 7 8 9 10 11 12 
2 3 4 5 6 7 8 9 10 
2 3 4 5 6 7 8 9 14 
2 3 4 5 6 7 8 9 10 11 
2 3 4 5 6 7 8 9 11 
2 3 4 5 6 7 8 9 
2 3 4 5 6 7 8 9 10 
