3 4 5 6 7 8 9 10 11 12 14 15 16 
2 3 4 6 7 8 9 10 11 12 13 14 15 16 
2 3 4 5 6 7 8 10 11 12 16 
3 4 6 7 8 9 10 11 12 
3 4 6 7 8 9 10 11 14 15 
3 4 5 6 7 8 10 11 12 16 
2 3 4 5 6 7 8 9 10 11 12 14 15 

2 3 4 5 6 7 8 9 11 12 15 
3 4 5 6 7 8 9 10 11 12 
3 4 5 6 7 8 9 10 11 12 
3 4 5 6 7 8 9 10 14 
2 3 4 5 6 7 8 9 10 11 13 14 15 
2 3 5 6 7 9 10 11 12 15 16 
2 3 5 6 7 8 9 10 11 12 14 15 16 
2 3 4 5 6 7 8 9 10 11 12 
2 3 4 6 7 8 10 11 12 15 
2 3 4 6 7 8 11 12 
2 3 4 6 7 8 10 11 14 
3 4 6 7 8 10 11 12 15 16 
3 4 6 7 8 10 11 12 
3 4 5 7 8 9 
3 4 5 7 8 9 11 
3 5 6 9 10 11 13 
3 5 6 7 9 11 12 13 16 
3 6 7 8 9 10 11 12 14 15 
2 3 4 6 7 8 9 10 11 12 
3 4 7 8 12 
3 4 5 6 7 8 9 
2 3 4 5 6 7 8 9 
2 3 4 5 9 
4 5 7 8 9 11 12 13 15 
2 3 4 5 7 8 9 11 
3 4 5 6 7 8 9 10 11 14 15 
2 3 4 5 6 7 8 9 10 11 12 
3 4 5 7 8 9 
3 4 5 7 8 9 
4 5 6 7 8 9 10 11 12 13 
2 4 5 6 7 8 9 10 11 12 
3 4 5 6 7 8 9 10 11 13 14 15 
2 3 5 6 7 11 
3 4 5 7 8 11 12 15 16 
3 4 7 8 9 11 12 
3 4 5 7 8 9 10 11 12 14 15 
3 4 6 7 8 9 10 11 12 14 15 
3 4 5 6 7 8 10 11 
3 4 5 6 7 
3 4 5 6 9 
3 4 5 6 7 8 9 12 16 
3 4 5 6 7 8 9 11 12 15 
4 5 7 8 9 11 12 16 
3 4 5 6 7 8 9 10 12 14 16 
3 4 5 6 7 8 9 10 11 12 13 
2 3 4 5 6 7 8 9 10 11 12 14 15 16 
3 4 5 7 8 9 10 11 12 13 14 15 
3 4 5 7 8 9 
3 4 5 7 9 
3 4 5 6 7 9 10 11 
2 3 4 5 6 7 8 9 10 11 
2 3 4 5 7 8 9 11 13 
2 3 4 5 6 7 8 9 10 11 12 16 
2 3 5 6 7 8 9 10 11 12 14 
2 3 4 5 6 7 8 9 
2 3 4 5 7 8 9 
2 3 4 5 6 7 9 10 11 
3 4 5 6 7 8 9 12 16 
2 4 5 6 7 8 9 11 12 13 
2 3 4 5 6 7 8 9 10 11 12 13 14 15 
2 3 4 5 6 7 8 9 10 11 12 13 14 15 16 
2 3 4 5 6 7 8 9 10 11 13 
2 3 4 5 6 7 8 9 11 12 15 16 
2 3 4 5 6 7 8 9 10 11 12 13 15 16 
3 4 5 6 7 8 9 10 11 12 14 15 16 
3 4 5 6 7 8 9 10 11 12 14 15 16 
3 4 5 6 7 8 9 10 11 12 15 16 
2 3 4 5 6 7 8 9 10 11 13 14 15 
3 4 5 6 7 8 10 11 14 15 
2 3 4 5 6 7 8 10 11 12 14 15 16 
2 3 4 5 6 7 8 9 10 11 12 14 15 
2 3 4 5 6 7 8 9 10 11 12 13 14 15 16 
2 3 4 5 6 7 8 9 10 11 12 14 15 
3 4 5 6 7 8 9 10 11 
3 4 5 7 8 9 
3 4 5 7 9 11 12 16 
3 4 5 7 8 9 11 12 16 
2 3 4 5 6 7 8 9 10 11 14 15 
2 3 4 5 6 7 8 9 11 
3 4 5 6 7 9 10 11 14 
3 4 5 6 7 8 9 10 11 12 13 15 16 
3 4 5 6 7 8 9 
3 4 5 6 7 8 9 
3 4 5 7 9 10 11 14 15 
3 4 5 7 9 11 
3 4 7 9 13 
3 6 7 8 9 10 11 12 14 15 16 
3 4 6 7 8 9 10 11 
3 4 5 6 7 8 9 10 11 12 14 15 16 
3 4 5 6 7 8 9 10 11 12 
2 3 4 5 6 7 8 9 11 13 
2 3 4 5 6 7 8 11 12 16 
2 3 4 5 6 7 8 9 11 12 
3 4 5 7 8 9 11 12 16 
3 4 5 6 7 8 9 10 11 12 14 15 
3 4 5 6 7 8 9 10 
2 3 4 5 6 7 8 9 11 13 
2 3 4 5 7 9 
2 3 4 5 7 8 9 11 
2 3 4 5 6 7 9 10 11 
2 3 4 5 7 9 13 
2 3 4 5 7 8 9 11 12 13 16 
2 3 4 5 7 8 9 12 
2 3 4 5 6 7 8 9 12 16 
2 4 5 6 7 8 9 10 11 12 13 14 15 
2 4 5 7 8 9 11 
2 3 4 5 7 8 9 11 12 15 16 
3 4 5 7 8 9 11 12 13 
3 4 5 7 8 9 
3 4 5 8 9 
2 3 4 5 9 13 
2 3 4 5 9 13 
2 4 5 7 9 11 13 
2 3 4 5 7 8 9 13 
3 4 5 7 9 10 14 
3 4 5 6 7 8 9 10 11 12 16 
3 4 5 7 8 9 11 13 
3 4 5 7 8 9 10 11 12 13 15 16 
3 4 5 7 8 9 12 13 
3 4 5 6 7 8 9 10 11 13 14 15 
2 3 4 5 6 7 8 9 10 11 14 15 
2 3 4 5 6 7 9 10 11 14 15 
2 3 4 5 6 7 9 10 11 
2 3 4 5 6 7 8 9 12 13 16 
2 3 4 5 6 7 8 9 10 12 14 
3 4 5 6 7 8 9 10 11 14 15 
2 3 4 5 6 7 8 9 10 11 12 14 15 16 
2 3 4 5 6 7 8 10 11 12 14 15 
2 3 4 5 6 7 9 10 11 
2 3 4 5 6 7 8 9 11 12 15 
2 3 4 5 6 7 8 9 10 11 12 

3 4 5 6 7 8 9 10 11 12 
2 3 4 5 6 7 8 9 10 
2 3 4 5 6 7 8 9 10 11 12 15 
2 3 4 5 6 7 8 9 10 11 
2 3 4 5 6 7 8 9 10 11 14 15 
2 3 4 5 6 7 9 10 11 13 
3 4 5 7 9 10 11 13 
3 4 5 7 8 9 12 
3 4 5 6 7 8 9 
3 4 5 7 8 9 11 12 13 16 
3 4 5 7 8 9 11 12 15 16 
3 4 5 7 8 9 10 11 12 13 
3 4 5 7 8 9 12 13 16 
3 4 5 7 8 9 11 12 13 
3 4 5 6 7 8 9 10 11 13 14 15 
3 4 5 6 7 8 9 10 11 
3 4 5 7 9 13 
3 4 5 6 7 9 11 13 
3 4 5 7 9 
3 4 5 9 10 11 14 15 
3 4 5 6 7 8 9 10 11 14 15 
3 5 6 7 8 9 10 11 12 16 
2 3 4 5 6 7 8 9 10 12 
2 3 4 5 6 7 8 9 10 11 12 14 15 16 
3 4 5 6 7 8 9 10 11 12 14 
3 4 6 7 8 9 10 11 12 15 
3 4 5 6 7 8 9 10 11 12 14 16 
3 4 6 7 8 9 10 11 12 13 14 
3 4 7 8 11 12 15 16 
3 4 6 7 8 10 11 12 16 
3 4 7 8 11 12 15 16 
3 4 7 8 9 11 12 
3 4 5 7 8 9 10 11 12 13 14 15 16 
3 4 5 6 7 8 9 10 11 14 15 
3 4 5 7 9 11 
3 4 5 6 7 9 10 11 
3 4 5 6 7 9 10 11 
3 4 5 7 9 11 12 13 15 16 
3 4 5 6 7 8 9 10 11 12 14 15 
3 4 5 6 7 8 9 10 11 12 16 
3 4 5 6 7 8 9 12 16 
3 4 5 7 8 9 
3 4 5 6 7 8 9 10 11 12 13 14 15 16 
3 4 5 6 7 8 9 11 12 16 
3 4 5 7 8 9 12 
3 4 5 6 7 8 9 10 11 
3 4 5 6 7 8 9 11 13 
3 4 5 7 8 9 
3 4 5 8 9 
3 4 5 7 9 
3 4 5 8 9 13 
3 4 5 7 9 11 13 15 
3 4 5 7 9 10 11 12 14 16 
3 5 6 7 8 9 10 11 12 13 16 
3 5 6 7 8 9 10 11 12 13 14 15 16 
3 4 5 6 7 8 9 10 11 12 16 
3 4 5 6 7 8 9 10 11 12 14 15 
3 4 5 6 7 8 9 11 12 13 14 15 16 
2 3 4 5 6 7 8 10 11 12 14 15 
2 3 4 5 6 7 8 10 11 12 14 15 16 
3 4 5 6 7 8 9 11 12 15 16 
2 3 4 5 6 7 8 9 11 12 
2 3 4 5 6 7 8 9 11 12 15 16 
3 4 5 6 7 8 9 11 12 13 
3 4 5 7 8 9 10 11 15 
3 4 5 6 7 8 9 11 
3 4 5 7 8 9 11 12 16 
3 4 5 7 8 9 10 11 12 15 
2 3 4 5 7 8 9 11 
2 3 4 5 7 8 9 12 
2 3 4 5 8 9 
2 3 4 5 6 7 8 9 10 11 13 15 
2 3 4 5 6 7 8 9 10 11 12 14 15 16 
2 3 4 5 6 7 8 9 10 11 12 15 
2 3 4 5 6 7 8 9 10 11 14 15 
2 3 4 5 7 9 11 13 
2 3 4 5 6 7 8 9 10 11 12 14 15 
2 3 4 5 6 7 8 9 10 11 12 15 16 
3 4 5 7 8 9 11 12 
2 3 4 5 7 8 9 
2 3 4 5 7 8 9 10 11 12 14 15 16 
2 3 4 5 6 7 8 9 10 11 12 13 14 15 
2 3 4 5 6 7 8 9 11 13 
2 3 4 5 7 8 9 10 14 
3 4 5 6 7 9 10 11 
3 4 5 6 7 8 9 
3 4 5 6 7 8 11 12 15 16 
3 4 5 6 7 8 9 10 11 
3 4 5 6 7 8 9 10 
3 4 5 6 7 9 
2 3 4 5 6 7 8 9 11 12 
2 3 4 5 6 7 8 9 10 11 12 15 16 
3 4 5 6 7 8 9 11 12 13 14 15 16 
3 4 5 6 7 8 9 10 11 12 13 14 15 16 
2 3 4 5 6 7 8 9 11 12 
3 4 5 6 7 8 9 10 11 12 13 14 15 16 
2 3 4 5 6 7 8 9 10 11 12 14 15 
3 4 5 6 7 8 9 10 11 14 15 
3 4 5 6 7 8 9 10 11 
3 4 5 6 7 8 9 10 11 12 15 16 
2 3 4 5 6 7 8 9 10 11 12 14 15 
3 4 5 7 8 9 10 11 13 15 
3 4 5 7 8 9 11 
3 4 5 7 8 9 12 
3 4 5 8 9 
3 4 5 7 8 9 11 12 16 
3 4 5 7 8 9 10 11 12 13 14 15 
3 4 5 7 8 9 11 12 15 16 
3 4 5 6 7 8 9 10 11 12 14 15 16 
2 3 4 5 6 7 8 9 10 11 12 14 15 
2 3 4 5 6 7 8 9 10 11 12 14 15 
2 3 4 5 6 7 8 9 10 11 12 13 14 15 16 
2 3 4 5 6 7 8 9 10 11 12 14 15 
3 4 5 6 7 8 9 10 11 12 16 
3 4 5 6 7 8 9 12 
2 3 4 5 6 7 8 9 10 11 14 15 
2 3 4 5 6 7 9 10 11 12 15 16 
2 3 4 5 6 7 8 9 10 11 12 14 15 16 
3 4 5 7 8 9 11 12 13 
3 4 5 7 8 9 
3 4 5 7 8 9 10 11 14 15 
3 4 5 6 7 8 9 10 11 12 14 16 
3 4 5 6 7 8 9 10 11 12 13 14 15 
2 3 4 5 6 7 8 9 10 11 13 15 
3 4 5 7 8 9 11 12 15 16 
3 4 5 7 8 9 10 11 12 13 14 16 
3 4 5 6 7 8 9 10 11 12 14 15 
3 4 5 6 7 8 9 10 11 12 14 15 
2 3 4 5 6 7 8 9 10 11 12 16 
2 3 4 5 6 7 8 9 10 11 12 13 14 
2 3 4 5 6 7 8 9 10 11 12 13 15 16 
2 3 4 5 6 7 8 9 10 11 12 14 15 
2 3 4 5 6 7 8 9 10 11 12 15 16 
2 3 4 5 6 7 8 9 10 11 12 14 
2 3 4 5 6 7 8 9 10 11 12 14 15 
2 3 4 5 6 7 8 9 10 11 12 14 15 16 
2 3 4 5 6 7 8 9 10 11 12 15 16 
2 3 4 5 6 7 8 9 10 11 12 14 16 
2 3 4 5 6 7 8 9 10 11 12 14 
2 3 4 5 6 7 8 9 10 11 13 14 15 
2 3 4 5 6 7 8 9 11 12 16 
2 3 4 5 6 7 8 9 12 
2 3 4 5 6 7 8 9 10 11 12 15 16 
2 3 4 5 6 7 8 9 10 11 12 15 16 
2 3 4 5 6 7 8 9 10 11 14 15 
2 3 4 5 6 7 8 9 11 12 13 15 16 
2 3 4 5 6 7 8 9 10 11 12 13 
2 3 4 5 6 7 8 9 10 11 14 
2 3 4 5 6 7 8 9 10 11 12 14 15 16 
2 3 4 5 6 7 8 9 10 11 12 
2 3 4 5 6 7 8 9 
2 3 4 5 6 7 8 9 10 11 12 13 16 
2 3 4 5 6 7 8 9 10 11 12 13 16 
2 3 4 5 6 7 8 9 10 11 
2 3 4 5 6 7 8 9 12 
2 3 4 5 6 7 8 9 12 13 
2 3 4 5 6 7 8 9 10 11 12 13 14 15 16 
2 3 4 5 6 7 8 9 10 11 12 
2 3 4 5 6 7 8 9 10 11 12 13 14 15 
2 3 4 5 6 7 8 9 10 11 13 14 15 
2 3 4 5 6 7 8 9 10 11 
3 4 5 6 7 8 9 11 12 15 16 
2 3 4 6 7 8 9 10 11 14 
2 3 4 6 7 8 9 10 11 
3 4 6 7 10 11 14 15 
3 4 5 6 7 8 10 11 12 15 
3 4 5 6 7 8 10 11 14 15 
2 3 4 5 6 7 8 9 10 11 14 15 
3 4 5 6 7 9 10 11 
3 4 5 6 7 8 9 10 11 12 13 14 15 16 
3 4 6 7 8 9 10 11 12 15 16 
2 3 4 5 6 7 8 9 12 16 
2 3 4 5 6 7 8 9 10 12 
3 4 5 6 7 8 9 11 12 13 
2 3 4 5 6 7 8 9 
2 3 4 5 6 7 8 9 
3 4 5 6 7 8 9 10 11 14 15 
3 4 5 6 7 9 10 11 13 14 
3 5 6 7 9 10 13 
3 5 6 7 9 11 12 13 15 16 
3 5 7 8 11 12 
3 4 5 7 8 
3 4 5 6 7 8 10 11 12 16 
3 5 7 8 9 10 11 12 14 15 16 
3 4 5 6 7 8 9 11 12 13 16 
2 3 4 5 6 7 8 9 11 12 16 
3 4 5 6 7 8 9 10 11 12 14 15 
3 4 5 6 7 8 9 10 11 12 14 15 16 
3 4 5 6 7 8 9 10 11 12 15 
3 4 5 6 7 8 9 10 11 12 15 16 
3 4 5 6 7 8 9 10 11 12 
3 4 5 6 7 8 9 11 12 16 
3 4 5 6 7 8 9 10 11 13 15 
3 4 5 6 7 8 9 10 11 12 15 16 
3 4 5 6 7 8 9 10 11 12 15 16 
2 3 4 5 6 7 8 9 10 11 12 14 15 16 
3 4 5 6 7 8 9 10 11 12 15 16 
2 3 4 5 6 7 8 9 10 11 12 14 15 
3 4 5 6 7 8 9 11 
2 3 4 5 6 7 8 9 11 
3 4 5 6 7 9 
3 4 5 7 8 9 11 12 15 
3 4 5 7 8 9 11 12 
3 4 5 7 8 9 11 13 
3 4 5 7 8 9 11 13 
3 4 5 6 7 9 10 14 
3 4 5 6 7 9 10 11 14 15 
3 4 5 6 7 9 10 11 
3 4 5 6 7 8 9 11 12 
3 4 5 7 8 9 
3 4 5 7 8 9 10 11 12 14 15 16 
3 4 5 6 7 8 9 10 11 12 
3 4 5 6 7 8 9 11 12 15 16 
3 4 5 7 8 9 10 11 12 13 14 15 
3 4 5 6 7 8 9 10 11 12 13 14 15 16 
3 4 5 6 7 8 9 10 11 12 15 
2 3 4 5 6 7 8 9 10 11 12 14 15 
2 3 4 5 6 7 8 9 10 11 12 15 
2 3 4 5 6 7 8 9 11 
3 4 5 6 7 8 9 10 11 14 15 
3 4 5 6 7 8 9 10 11 12 15 16 
3 4 5 6 7 8 9 10 11 12 14 15 
3 4 5 6 7 8 9 10 11 12 13 15 16 
3 4 5 7 8 9 11 12 
3 4 5 6 7 8 9 10 11 12 13 14 15 
3 4 5 6 7 8 9 10 11 13 
3 4 5 6 7 8 10 11 14 15 
2 3 4 5 6 7 9 10 11 14 15 
3 4 5 6 7 8 9 10 11 12 14 15 16 
3 4 5 6 7 8 10 11 12 15 
3 4 5 6 7 8 9 10 11 12 14 15 16 
2 3 4 5 6 7 8 9 10 11 12 14 15 
3 4 5 6 7 8 9 10 11 13 
2 3 4 5 6 7 8 10 11 14 15 
2 3 4 5 6 7 8 9 10 11 14 15 
2 3 4 5 6 7 8 9 10 11 12 14 15 16 
2 3 4 5 6 7 8 9 10 11 12 14 15 
2 3 4 5 6 7 8 9 10 11 14 15 
2 3 4 5 6 7 8 9 10 11 
2 3 4 5 6 7 8 9 10 11 12 15 16 
2 3 4 5 6 7 8 9 10 11 12 16 
2 3 4 5 7 8 9 11 12 
3 4 5 6 7 8 9 10 11 14 15 
2 3 4 5 6 7 8 9 10 11 12 16 
2 3 4 5 6 7 8 9 10 11 12 13 14 15 
2 3 4 5 6 7 8 9 11 
2 3 4 5 6 7 8 9 10 11 14 15 
2 3 5 6 7 8 9 10 11 12 14 
3 6 7 8 9 10 11 14 15 
3 4 6 7 8 10 11 12 15 16 
3 4 6 7 8 11 12 
3 4 5 6 7 8 10 11 12 14 16 
3 4 5 6 7 8 10 11 12 14 15 
3 4 5 6 7 8 9 10 11 12 15 
2 3 4 5 6 7 8 9 10 11 12 15 16 
2 3 4 5 6 7 8 9 10 11 12 13 14 16 
2 3 4 5 6 7 8 9 10 11 12 13 14 15 
2 3 4 5 6 7 8 9 10 11 12 14 15 16 
3 4 5 7 8 9 10 11 12 14 15 16 
3 4 5 6 7 8 9 10 11 12 14 
3 4 5 6 7 8 9 10 11 14 15 
3 4 5 6 7 8 9 10 11 12 13 14 15 
2 3 4 5 6 7 8 9 10 11 12 14 15 
3 4 5 6 7 8 9 10 11 14 15 
3 4 5 6 7 8 9 11 
2 3 4 5 6 7 8 10 11 12 14 15 16 
2 3 4 5 6 7 8 9 10 11 12 14 
3 4 5 7 8 9 12 16 
2 3 4 5 6 7 8 9 10 11 12 14 15 16 
2 3 4 5 6 7 8 9 10 11 12 14 15 
2 3 4 5 6 7 8 9 10 11 14 15 
2 3 4 5 6 7 8 9 10 11 
3 4 5 6 7 8 9 10 11 12 15 16 
3 4 5 7 8 9 11 12 15 
3 4 5 7 8 9 11 12 15 16 
3 4 5 7 8 9 10 11 12 14 15 16 
3 4 5 6 7 8 10 11 12 14 
2 3 4 5 6 7 8 9 10 11 12 14 15 
2 3 4 5 6 7 8 9 10 11 12 14 15 
2 3 4 5 6 7 8 9 10 11 
2 3 4 5 6 7 8 9 
2 3 4 5 6 7 8 9 11 12 
3 4 5 7 8 9 11 
3 4 5 7 8 9 11 12 15 16 
3 4 5 6 7 8 9 11 12 13 
2 3 4 5 6 7 8 9 12 
2 3 4 5 6 7 8 9 11 12 15 16 
2 3 4 5 6 7 8 9 11 12 
2 3 4 5 7 8 9 13 
2 3 4 5 7 8 9 11 12 16 
2 3 4 5 7 8 9 11 12 
3 4 5 7 8 9 10 11 12 15 
3 4 5 7 8 9 10 11 12 14 15 16 
3 4 5 6 7 8 9 10 11 12 15 16 
3 4 5 7 8 9 12 16 
3 4 5 7 8 9 12 16 
3 4 5 7 8 9 
3 4 5 7 8 9 12 13 16 
3 4 5 6 7 8 9 11 12 15 
3 4 5 7 8 9 11 13 
3 4 5 6 7 8 9 
3 4 5 7 8 9 10 11 12 14 15 
3 4 5 6 7 8 9 10 11 12 14 15 16 
3 4 5 6 7 8 9 10 11 12 16 
3 4 5 6 7 8 9 13 
3 4 5 7 8 9 13 
3 4 5 6 7 9 10 11 
3 4 5 7 8 9 11 15 
3 4 5 6 7 8 9 10 11 14 15 
3 4 5 6 7 8 9 10 11 12 16 
2 3 4 5 6 7 8 9 12 13 
2 3 4 5 6 7 8 9 
2 3 4 5 6 7 8 9 13 
2 3 4 5 6 7 9 10 11 13 14 15 
2 3 4 5 6 7 9 11 13 
2 3 4 5 7 8 9 10 11 12 13 15 16 
2 3 4 5 7 8 9 11 12 16 
2 3 4 5 6 7 8 9 10 11 12 13 14 15 
2 3 4 5 6 7 8 9 10 11 
2 3 4 5 6 7 8 9 13 
2 3 4 5 6 7 8 9 11 12 13 15 16 
2 3 4 5 6 7 8 9 10 11 13 
2 3 4 5 6 7 8 9 11 
2 3 4 5 6 7 9 10 11 
2 3 4 5 6 7 8 9 
2 3 4 5 6 7 9 10 11 13 14 15 
2 3 4 5 6 7 8 9 11 
2 3 4 5 6 7 8 9 10 11 13 14 15 
2 3 4 5 6 7 9 
2 3 4 5 6 7 9 10 11 14 15 
2 3 4 5 6 7 8 9 10 11 13 
2 3 4 5 6 7 8 9 11 12 15 16 
3 4 5 6 7 8 9 11 12 13 
3 4 5 6 7 8 9 
3 4 5 6 8 9 12 16 
3 4 5 6 7 8 9 10 12 13 
3 4 5 6 7 8 9 10 11 12 15 16 
3 4 5 6 7 8 9 10 11 12 15 
3 4 5 6 7 8 9 10 11 14 
3 4 5 6 7 8 9 10 11 12 13 15 16 
3 4 5 7 8 9 11 12 
3 4 5 7 8 9 13 
3 4 5 6 7 8 9 10 11 14 15 
2 3 4 5 6 7 8 9 10 11 12 14 15 
2 3 4 5 6 7 8 9 10 11 12 16 
2 3 4 5 6 7 8 9 11 12 13 
3 4 5 7 8 9 11 12 13 15 
3 4 5 7 8 9 11 12 13 15 16 
3 4 5 7 8 9 10 11 12 
3 4 5 7 8 9 12 
3 4 5 6 7 8 9 10 11 12 14 15 16 
3 4 5 6 7 8 9 10 11 14 
3 4 5 6 7 8 9 10 11 12 15 16 
3 4 5 6 7 8 9 10 11 12 
3 4 5 6 7 8 9 10 11 12 14 
3 4 5 6 7 8 9 10 11 13 14 15 
2 3 4 5 6 7 8 9 10 11 12 
2 3 4 5 6 7 8 9 10 11 12 15 16 
3 4 5 6 7 8 9 11 12 
3 4 5 7 8 9 
3 4 5 7 8 9 10 11 13 14 15 
3 4 5 6 7 9 10 11 13 
2 3 4 5 6 7 9 
3 4 5 6 7 8 9 10 11 12 
2 3 4 5 6 7 8 9 10 11 12 14 
3 4 5 6 7 8 9 10 11 
3 4 5 7 8 9 11 15 
3 4 5 7 8 9 11 15 
3 4 5 6 7 8 9 10 11 
3 4 5 6 7 8 9 
2 3 4 5 6 7 8 9 11 
2 3 4 5 6 7 9 10 11 
3 4 5 7 9 
3 4 5 6 7 9 10 
3 4 5 6 7 8 9 10 12 16 
3 5 7 8 9 10 11 12 14 15 
3 4 5 7 8 9 11 12 16 
3 4 5 7 8 9 
3 4 5 6 7 8 9 10 
3 4 5 6 7 9 10 11 14 15 
3 4 5 6 7 8 9 10 
3 4 5 6 7 8 9 12 16 
2 3 4 5 6 7 8 9 12 
2 3 4 5 6 7 8 9 10 11 12 15 16 
2 3 4 5 6 7 8 9 10 11 12 
3 4 5 6 7 8 9 10 11 
3 4 5 6 7 9 11 
3 4 5 6 7 9 13 
3 4 5 6 7 8 9 11 12 
3 4 5 6 7 8 9 12 16 
3 4 5 6 7 8 9 10 11 12 14 15 
3 4 5 6 7 8 9 11 
2 3 4 5 6 7 8 9 10 
2 3 4 5 6 7 8 9 10 14 
2 3 4 5 6 7 9 10 13 
2 3 5 6 7 9 11 
2 3 5 6 7 9 10 
2 3 4 5 6 7 9 10 11 
2 3 4 5 6 7 8 9 11 13 
2 3 5 6 7 9 10 
2 3 4 5 6 7 8 9 11 12 13 15 16 
3 4 5 6 7 8 9 10 11 12 13 
3 4 5 6 7 8 9 10 11 12 16 
2 3 4 5 6 7 8 9 12 
3 4 5 7 8 9 11 15 
3 4 5 7 8 9 
3 4 5 6 7 8 9 10 11 14 15 
3 4 5 7 8 9 10 11 12 14 15 16 
2 3 4 6 7 8 10 11 12 14 15 
2 3 4 5 6 7 8 10 11 12 15 16 
2 3 4 5 7 8 9 11 12 15 16 
2 3 4 5 7 8 9 10 11 12 15 16 
3 4 7 8 9 11 12 16 
3 4 5 6 7 8 10 11 12 
2 3 4 6 7 8 9 11 12 15 16 
2 3 4 5 6 7 8 9 10 11 14 15 
2 3 4 5 6 7 8 9 
2 3 4 5 6 7 8 9 10 11 12 15 16 
2 3 4 5 6 7 8 9 11 12 
2 3 4 5 6 7 8 9 10 11 12 14 15 
2 3 4 5 6 7 8 9 10 11 12 14 15 16 
2 3 4 5 6 7 8 9 11 12 
2 3 4 5 6 7 8 9 11 
2 3 4 5 6 7 8 9 
2 3 4 5 6 7 8 9 11 15 
2 3 4 5 7 8 9 11 12 15 
3 4 5 7 8 9 11 12 
3 4 5 6 7 8 9 10 11 13 14 15 
2 3 4 5 6 7 8 9 10 11 13 
3 4 5 6 7 8 9 10 11 13 
2 3 4 5 7 8 9 11 12 
3 4 5 7 8 9 11 
3 4 5 7 8 9 11 12 13 15 
3 4 5 7 8 11 
3 4 5 6 7 8 10 11 12 
3 4 5 6 7 8 9 10 11 12 
2 3 4 5 6 7 8 9 
3 4 5 7 8 9 
3 4 5 6 7 8 9 10 11 13 14 15 
2 3 4 5 6 7 8 9 10 11 12 13 14 15 16 
2 3 4 5 6 7 8 9 10 11 12 13 14 15 
2 3 4 5 6 7 8 9 10 11 12 15 16 
2 3 4 5 6 7 8 9 11 12 13 
3 4 5 7 8 9 12 16 
3 4 5 7 8 9 11 12 15 16 
3 4 5 6 7 8 9 10 11 12 14 16 
3 4 5 6 7 8 9 10 11 
3 4 5 6 7 8 9 11 12 15 16 
3 4 5 7 8 11 12 15 16 
3 4 5 7 8 9 11 12 
3 4 5 7 8 9 12 16 
3 4 5 7 8 9 10 11 12 16 
3 4 5 6 7 8 9 10 11 14 15 
3 4 5 7 8 9 10 11 12 16 
3 4 5 6 7 8 9 10 11 12 
3 4 5 6 7 8 9 10 11 12 
3 4 5 7 8 9 11 12 15 16 
3 4 5 7 8 9 11 12 13 15 16 
3 4 5 7 8 9 11 12 
3 4 5 6 7 8 9 10 11 12 14 15 
2 3 4 5 6 7 8 9 10 11 
3 4 5 6 7 8 9 11 12 15 16 
3 4 5 6 7 8 9 10 11 12 15 16 
3 4 5 6 7 8 11 12 15 16 
3 4 5 7 8 9 10 11 12 14 
3 4 5 6 7 8 9 10 11 14 15 
3 4 5 6 7 8 9 10 11 12 15 16 
2 3 4 5 6 7 8 9 10 11 12 14 
2 3 4 5 6 7 8 9 10 11 12 16 
2 3 4 5 6 7 8 9 10 11 12 13 14 15 
2 3 4 5 6 7 8 9 10 11 12 
2 3 4 5 6 7 8 9 10 
2 3 4 5 6 7 8 9 10 11 14 15 
2 3 4 5 6 7 10 11 
3 4 5 6 7 8 9 11 12 15 16 
2 3 4 5 7 8 11 12 
2 3 4 5 7 8 
2 3 4 5 7 8 12 
2 3 4 5 6 7 8 9 10 11 
3 4 5 7 8 9 11 12 
3 4 5 6 7 8 9 12 13 16 
3 4 5 6 7 8 9 10 11 12 14 15 
3 4 5 7 8 9 10 11 12 13 14 15 16 
2 3 4 5 6 7 8 9 10 11 12 14 15 
2 3 4 5 6 7 8 9 10 11 
2 3 4 5 6 7 8 9 11 12 16 
3 4 5 6 7 8 9 10 11 12 
3 4 5 6 7 8 9 10 11 12 14 15 16 
3 4 5 6 7 8 9 10 11 12 14 15 16 
3 4 5 6 7 8 10 11 
2 3 4 5 6 7 8 9 10 12 16 
2 3 4 5 6 7 8 9 10 11 12 14 15 
2 3 4 5 6 7 8 9 10 11 12 14 15 16 
3 4 5 7 8 9 10 11 12 14 15 16 
3 4 5 7 8 9 11 12 16 
3 4 5 7 8 9 10 11 12 14 
3 4 5 6 7 8 9 10 11 
3 4 5 6 7 8 9 10 11 12 14 15 16 
3 4 5 6 7 8 9 11 12 15 
3 4 5 7 8 9 11 12 15 16 
3 4 5 7 8 9 12 
3 4 5 7 8 9 12 16 
3 4 5 6 7 8 9 10 11 12 13 15 
3 4 5 6 7 8 9 10 11 12 14 15 16 
2 3 4 5 6 7 8 9 11 12 16 
2 3 4 5 6 7 8 9 10 11 12 14 15 16 
2 3 4 5 6 7 8 9 10 11 12 14 
3 4 5 6 7 8 9 10 11 
3 4 5 6 7 8 9 10 11 13 14 15 
3 4 5 6 7 8 9 10 11 12 13 15 
3 4 5 6 7 8 9 10 11 12 14 15 
2 3 4 5 6 7 8 9 10 11 12 14 
3 4 5 6 7 8 9 10 11 12 
3 4 5 6 7 8 9 11 12 
2 3 4 5 6 7 8 9 10 11 14 15 
3 4 5 6 7 8 9 10 11 12 16 
3 4 5 7 8 9 11 12 13 
2 3 4 5 6 7 8 9 10 11 14 15 
3 4 5 7 8 9 11 
2 3 4 5 7 8 9 10 11 12 14 15 16 
2 3 4 5 6 7 8 9 10 11 12 13 14 15 
3 4 5 6 7 8 9 10 11 
2 3 4 5 6 7 8 9 10 11 14 15 
2 3 4 5 6 7 9 10 11 14 15 
2 3 5 6 7 8 9 10 11 12 13 16 
3 5 6 7 8 9 10 11 12 15 16 
3 4 5 6 7 8 9 11 12 
2 3 4 5 6 7 8 9 10 11 12 14 15 16 
2 3 4 5 6 7 8 9 10 11 12 14 15 16 
3 4 5 6 7 8 9 10 11 12 16 
2 3 4 5 6 7 8 9 10 11 12 15 
2 3 4 5 6 7 8 9 10 11 
2 3 4 5 6 7 8 9 10 11 14 15 
2 3 4 5 6 7 8 9 10 11 
3 4 5 6 7 9 10 11 14 15 
3 4 5 6 7 9 10 11 12 16 
3 4 5 6 7 8 9 10 11 12 
3 4 5 6 7 8 9 10 11 14 15 
3 4 5 6 7 8 9 10 11 15 
3 4 5 6 7 9 
3 4 5 6 7 9 
3 4 5 7 8 9 11 12 15 16 
3 4 5 7 8 9 11 12 
3 4 5 7 8 9 12 
3 4 5 6 7 8 9 10 11 12 14 15 
3 4 5 6 7 8 9 10 11 
3 4 5 7 8 9 11 12 16 
3 4 5 7 8 9 11 12 13 
3 4 5 7 8 9 
3 4 5 6 7 8 9 10 11 12 13 14 15 16 
3 4 5 6 7 8 9 11 12 
3 4 5 7 8 9 11 12 15 16 
3 4 5 7 8 9 11 12 
3 4 5 7 8 9 13 
3 4 5 7 8 9 
3 4 5 7 8 9 11 
3 4 5 7 8 9 11 12 15 16 
3 4 5 7 8 9 11 12 
3 4 5 6 7 8 9 10 11 12 13 14 15 16 
2 3 4 5 6 7 8 9 11 12 
2 3 4 5 6 7 8 9 10 11 13 14 15 
2 3 4 5 6 7 8 9 10 11 12 16 
2 3 4 5 6 7 8 9 10 11 12 13 14 15 16 
3 4 5 7 8 9 11 
3 4 5 7 8 9 11 12 13 15 16 
3 4 5 7 8 9 11 12 
3 4 5 7 8 9 11 13 
2 3 4 5 7 8 9 10 11 14 15 
3 4 5 6 7 8 9 10 11 12 15 16 
2 3 4 5 6 7 8 9 11 12 
2 3 4 5 6 7 8 9 10 11 12 14 15 16 
2 3 4 5 6 7 8 9 10 11 12 14 15 
2 3 4 5 6 7 8 9 10 11 12 16 
2 3 4 5 6 7 8 9 10 11 12 
2 3 4 5 6 7 8 9 10 11 12 14 15 
2 3 4 5 6 7 8 9 11 12 13 16 
2 3 4 5 6 7 8 9 10 11 12 14 15 16 
3 4 5 6 7 8 9 10 11 12 13 14 15 
3 4 5 6 7 8 9 10 11 12 14 15 16 
3 4 5 6 7 8 9 11 12 
3 4 5 6 7 8 9 10 13 
3 4 5 6 7 8 9 
3 4 5 6 7 8 9 10 11 13 
3 4 5 6 7 8 9 10 11 14 15 
3 4 5 6 7 8 9 10 11 12 
3 4 5 6 7 8 9 10 11 14 15 
3 4 5 6 7 8 9 10 11 12 15 16 
3 4 5 6 7 8 9 10 11 12 14 15 16 
3 4 5 6 7 8 9 10 11 12 14 15 16 
3 4 5 7 8 9 11 12 13 16 
3 4 5 6 7 8 9 10 11 12 
3 4 5 6 7 8 9 10 11 12 15 16 
3 4 5 6 7 8 9 10 11 12 13 14 15 
3 4 5 6 7 8 9 10 11 15 
3 4 5 7 8 9 11 12 16 
3 4 5 6 7 8 9 12 
3 4 5 6 7 8 9 10 11 14 
3 4 5 6 7 8 9 10 11 12 15 16 
2 3 4 5 6 7 8 9 10 11 12 14 15 
3 4 5 6 7 8 9 10 11 12 16 
3 4 5 6 7 8 9 10 11 12 13 
3 4 5 6 7 8 9 11 12 15 16 
2 3 4 5 6 7 8 9 11 12 13 
2 3 4 5 6 7 8 9 11 12 15 16 
2 3 4 5 6 7 8 9 11 12 15 
3 4 5 7 8 9 11 
3 4 5 7 8 9 11 12 16 
3 4 5 6 7 8 9 10 12 
3 4 5 6 7 8 9 10 
3 4 5 7 8 9 12 13 16 
3 4 5 6 7 8 9 10 11 12 
3 4 5 7 8 9 10 11 15 
3 4 5 6 7 8 9 10 11 12 15 16 
3 4 5 6 7 8 9 12 13 
3 4 5 7 8 9 11 13 15 
3 4 5 7 8 9 11 12 15 16 
3 4 5 7 8 9 11 12 15 16 
3 4 5 7 8 9 11 15 
3 4 5 7 8 9 11 12 16 
3 4 5 7 8 9 12 16 
3 4 5 7 8 9 11 15 
3 4 5 6 7 8 9 10 
3 4 5 6 7 8 9 11 12 13 
3 4 5 7 8 9 13 
3 4 5 7 8 9 11 12 15 16 
2 3 4 5 6 7 8 9 11 12 
2 3 4 5 6 7 8 9 10 11 12 15 16 
2 3 4 5 6 7 8 9 10 11 12 16 
2 3 4 5 6 7 8 9 10 11 12 13 
3 4 5 6 7 8 9 10 11 12 
3 4 5 6 7 8 9 16 
3 4 5 6 7 8 9 10 11 12 13 
3 4 5 6 7 8 9 11 
3 4 5 6 7 8 9 
3 4 5 6 7 9 10 
2 3 4 5 6 7 8 9 11 12 
2 3 4 5 6 7 8 9 10 11 12 16 
2 3 4 5 7 8 9 12 
2 3 4 5 7 8 9 11 
2 3 4 5 7 8 9 11 12 15 16 
2 3 4 5 7 8 9 11 12 13 
2 3 4 5 7 8 9 11 12 15 16 
2 4 5 6 7 8 9 11 12 15 
2 3 4 5 6 7 8 9 11 12 13 
2 3 4 5 6 7 8 
2 3 4 5 6 7 8 
2 3 4 5 6 7 8 9 10 11 14 15 
2 3 4 5 6 7 8 9 10 11 
2 3 4 5 6 7 8 9 10 11 15 
2 3 4 5 6 7 8 11 
2 3 4 5 6 7 8 9 10 
2 3 4 5 6 7 8 9 
2 3 4 5 6 7 9 10 11 13 14 15 
2 3 4 5 6 7 9 10 11 
2 3 4 5 7 8 9 
2 3 4 5 7 8 9 
2 3 4 5 7 8 9 13 
2 3 4 5 7 8 9 11 
2 3 4 5 7 9 
3 4 5 7 9 11 
3 4 5 7 8 9 11 12 15 16 
3 4 5 7 8 9 11 12 13 
3 4 5 7 8 9 11 
3 4 5 7 8 9 
3 4 5 7 8 9 11 13 15 
3 4 5 6 7 8 9 10 11 12 14 15 16 
3 4 5 6 7 8 9 10 11 12 14 
3 4 5 6 7 8 9 10 11 
3 4 5 6 7 8 9 11 12 13 16 
3 4 5 6 7 8 9 10 11 12 
3 4 5 6 7 8 9 10 11 12 15 16 
3 4 5 6 7 8 9 12 
3 4 5 7 8 9 11 
3 4 5 7 8 9 
3 4 5 6 7 8 9 10 11 12 15 16 
3 4 5 7 8 9 11 
3 4 5 7 8 9 
3 4 5 8 9 
2 3 5 7 8 9 11 12 13 16 
5 6 7 8 9 10 11 12 14 15 
3 4 5 6 7 8 9 10 11 12 
3 5 6 7 8 9 10 11 12 14 15 
3 5 6 7 8 9 10 11 12 15 16 
3 4 5 6 7 8 10 11 12 14 15 16 
2 3 4 5 6 7 8 9 10 11 12 15 16 
2 3 4 5 6 7 8 10 11 12 14 
3 4 5 6 7 8 9 10 11 12 14 15 
2 3 4 5 6 7 8 9 10 11 12 14 15 16 
2 3 4 6 7 8 9 10 11 12 
2 3 4 5 6 7 8 10 11 12 14 15 
3 4 5 6 7 8 9 10 11 12 16 
3 4 5 6 7 8 10 11 12 14 15 16 
3 4 5 6 7 8 10 11 12 15 
2 3 4 5 7 8 11 12 16 
3 4 5 6 7 8 9 10 11 12 15 
3 4 5 6 7 8 9 11 15 
2 3 4 5 6 7 9 11 
2 3 4 5 6 7 8 9 10 11 12 14 15 16 
3 4 5 6 7 8 9 10 11 12 14 
3 4 5 6 7 8 9 10 11 12 
3 4 5 6 7 8 9 10 11 12 15 16 
2 3 4 5 6 7 8 9 10 11 12 
2 3 4 5 6 7 8 9 10 11 12 15 16 
2 3 4 5 6 7 8 9 10 11 12 14 15 
3 4 5 6 7 8 9 10 11 12 14 
3 4 5 6 7 8 9 10 11 14 15 
3 4 5 6 7 8 9 10 11 14 15 
3 4 5 6 7 8 9 10 11 12 13 15 16 
3 4 5 6 7 8 9 11 12 13 
2 3 4 5 6 7 8 9 11 12 
3 4 5 7 8 9 10 11 12 14 15 
2 3 4 5 6 7 8 9 10 11 12 14 15 
2 3 4 5 6 7 8 9 10 11 14 
2 3 4 5 6 7 8 9 10 11 14 
3 4 5 6 7 8 9 10 11 12 13 
2 3 4 5 6 7 8 9 10 11 12 14 15 16 
2 3 4 5 7 8 9 11 12 
2 3 4 5 7 8 9 11 12 13 
3 4 5 7 8 9 11 12 15 16 
2 3 4 5 6 7 8 9 10 11 12 
3 4 5 6 7 8 9 11 
3 4 5 6 7 8 9 11 12 15 16 
2 3 4 5 6 7 8 11 12 
3 4 5 6 7 8 9 10 14 
2 3 4 5 6 7 8 9 10 11 12 14 15 16 
2 3 4 5 6 7 8 9 10 11 12 13 14 15 16 
3 4 5 6 7 8 9 11 12 15 16 
2 3 4 5 6 7 8 9 11 12 
2 3 4 5 6 7 8 9 10 11 
3 4 5 6 7 8 9 11 12 16 
3 4 5 7 8 9 11 12 15 
2 3 4 5 6 7 8 9 10 11 12 13 14 15 16 
2 3 4 5 6 7 8 9 10 11 12 13 14 15 16 
2 3 4 5 6 7 8 9 10 11 12 13 
2 3 4 5 7 8 9 11 12 13 15 
3 4 5 6 7 8 9 10 11 12 14 15 16 
3 4 5 6 7 8 9 10 11 12 14 15 
3 4 5 6 7 8 9 10 11 
3 4 5 6 7 8 9 10 11 12 16 
2 3 4 5 6 7 8 9 11 12 13 
3 4 5 7 8 9 
3 4 5 6 7 8 9 10 11 12 15 16 
3 4 5 6 7 8 9 11 12 13 
3 4 5 7 8 9 11 
3 4 5 7 8 9 
3 4 5 6 7 8 9 10 11 12 15 16 
3 4 5 7 8 9 11 12 13 
3 4 5 7 8 9 13 
3 4 5 7 8 9 11 13 
3 4 5 7 8 9 12 13 
3 4 5 7 8 9 12 16 
3 4 5 6 7 8 9 10 11 12 14 15 
2 3 4 5 6 7 8 9 10 11 12 14 15 16 
2 3 4 5 6 7 8 9 10 11 12 14 15 
2 3 4 5 6 7 8 9 10 11 
2 3 4 5 6 7 9 13 
3 4 5 7 8 9 11 12 13 15 16 
3 4 5 7 8 9 11 12 13 
3 4 5 6 8 9 13 
3 4 5 8 9 
3 4 5 7 8 9 11 12 15 16 
3 4 5 7 8 9 
3 4 5 7 8 9 11 12 15 
3 4 5 7 8 9 12 13 16 
3 4 5 7 8 9 13 
3 4 5 8 9 
4 5 9 
4 5 9 13 
4 5 8 9 10 11 12 13 14 15 16 
4 5 7 8 9 11 12 15 
4 5 7 8 9 11 
3 4 5 7 9 
3 4 5 6 7 9 10 11 12 15 16 
3 4 5 7 8 9 11 12 15 16 
3 4 5 7 8 9 11 12 13 
3 4 5 7 8 9 10 11 12 13 15 16 
3 4 5 7 8 9 11 12 
3 4 5 7 8 9 
3 4 5 7 8 9 11 13 
3 4 5 6 7 8 9 10 11 
3 4 5 7 9 
3 4 5 8 9 11 12 15 16 
3 4 5 7 8 9 11 12 16 
3 4 5 7 8 9 12 13 
3 4 5 7 8 9 11 12 13 15 16 
3 4 5 7 8 9 11 12 
3 4 5 7 8 9 
3 4 5 7 8 9 12 13 16 
3 4 5 8 9 12 
4 5 8 9 10 11 
4 5 7 8 9 11 13 14 
4 5 6 7 9 10 11 
3 4 5 6 7 9 13 
3 4 5 6 7 9 
3 4 5 6 7 8 9 10 11 12 14 15 16 
3 4 5 6 7 8 9 10 11 12 
3 4 5 7 8 9 11 12 16 
3 4 5 7 8 9 11 12 13 
3 4 5 7 8 9 
3 4 5 7 8 9 12 16 
3 4 5 7 8 9 12 16 
3 4 5 8 9 12 13 
3 4 5 8 9 
3 4 5 8 9 13 
3 4 5 6 7 8 9 10 11 12 13 15 16 
2 4 5 7 8 9 11 12 
2 3 4 5 7 8 9 11 15 
2 3 4 5 7 8 9 11 12 15 16 
2 3 4 5 7 8 9 11 12 16 
2 3 4 5 7 8 9 11 12 15 16 
2 3 4 5 7 8 9 11 12 13 15 
2 3 4 5 6 7 8 9 11 13 15 
2 3 4 5 6 7 8 9 11 
2 3 4 5 6 7 8 9 10 11 15 
2 3 4 5 6 7 8 9 10 11 12 13 16 
2 3 4 5 6 7 8 9 10 11 12 13 14 15 
2 3 4 5 6 7 8 9 10 11 12 13 14 15 16 
2 3 4 5 6 7 8 9 10 11 12 13 16 
2 3 4 5 6 7 8 9 10 11 12 14 
2 3 4 5 6 7 8 9 10 
2 3 4 5 6 7 8 9 12 13 16 
2 3 4 5 6 7 8 9 12 13 
2 3 4 5 7 8 9 11 12 15 16 
2 3 4 5 6 7 8 9 10 11 12 14 15 
3 4 5 6 7 8 9 10 11 12 
2 3 4 5 6 7 8 9 10 11 12 13 15 16 
2 3 4 5 6 7 8 9 11 12 13 15 
2 3 4 5 6 7 8 9 11 12 16 
2 3 4 5 6 7 8 9 11 12 16 
2 3 4 5 6 7 8 9 11 12 15 
3 4 5 6 7 8 9 10 11 13 
3 4 5 6 7 8 9 10 11 12 15 16 
3 4 5 6 7 8 9 10 11 12 
2 3 4 5 6 7 8 9 10 11 12 13 15 16 
2 3 4 5 6 7 8 9 10 11 12 
3 4 5 6 7 8 9 10 11 14 15 
3 4 5 6 7 8 9 10 11 12 13 16 
3 4 5 6 7 8 9 12 
3 4 5 6 7 8 9 
3 4 5 6 8 9 10 13 
3 4 5 6 7 8 9 10 11 12 13 14 
3 4 5 6 7 8 9 10 11 
3 4 5 7 8 9 
3 4 5 8 9 13 
3 4 5 8 9 
3 4 5 7 8 9 12 16 
3 4 5 6 7 8 9 10 11 12 13 14 15 
3 4 5 6 7 8 9 10 11 12 13 14 15 16 
3 4 5 6 7 8 9 11 12 
3 4 5 7 8 9 11 12 13 15 16 
3 4 5 7 8 9 11 12 
3 4 5 7 8 9 
2 3 4 5 6 7 8 9 10 11 12 13 14 15 
3 4 5 6 7 8 9 10 11 13 
3 4 5 7 8 9 12 16 
3 4 5 7 8 9 11 12 15 
2 3 4 5 7 8 9 13 
3 4 5 7 8 9 13 
2 3 4 5 
3 4 5 7 8 9 11 13 
2 3 4 5 6 7 8 9 
2 3 4 5 6 7 9 11 13 15 
2 3 4 5 6 7 8 9 10 11 
2 3 4 5 6 7 8 9 13 
2 3 4 5 6 7 9 13 
3 4 5 6 7 8 9 10 12 
3 4 5 7 8 9 

2 3 4 5 7 8 9 
2 3 4 5 7 8 9 11 
2 3 4 5 7 8 9 
3 4 5 8 9 
2 3 4 5 7 9 11 
2 3 4 5 7 8 9 11 12 13 15 16 
2 3 4 5 7 8 9 11 12 13 
2 3 4 5 6 7 8 9 10 11 14 15 
2 3 4 5 6 7 8 9 10 11 
2 3 4 5 6 7 9 10 11 12 14 15 16 
2 3 4 5 6 7 8 9 10 11 12 13 
2 3 4 5 7 8 9 
2 3 4 5 6 7 8 9 10 12 13 16 
2 3 4 5 6 7 8 9 12 
2 3 4 5 6 7 8 9 
2 3 4 5 7 9 11 
3 4 5 6 7 9 10 11 12 16 
2 3 4 5 7 8 9 10 11 12 14 15 
2 3 4 5 7 8 9 11 13 
2 3 4 5 7 8 9 12 13 16 
3 4 5 7 8 9 11 12 13 
3 4 5 7 8 9 
2 3 4 5 7 8 9 13 
2 3 4 5 7 8 9 13 
2 3 4 5 9 
2 3 4 5 7 8 9 11 12 15 16 
4 5 7 8 9 10 11 12 14 
3 4 5 6 7 8 9 10 11 13 14 
3 4 5 6 7 8 9 10 13 
3 4 5 6 7 8 9 10 11 12 13 
3 4 5 6 7 8 9 10 
3 4 5 6 7 8 9 11 13 
2 3 4 5 6 7 8 9 11 12 
2 3 4 5 6 7 8 9 12 16 
2 3 4 5 6 7 8 9 11 12 15 
2 3 4 5 6 7 8 9 10 11 14 15 
3 4 5 7 8 9 11 12 16 
3 4 5 7 8 9 10 11 12 13 14 15 
3 4 5 6 7 8 9 10 11 14 15 
3 4 5 6 7 8 9 10 11 14 15 
3 4 5 6 7 9 10 11 
3 4 5 7 9 11 
3 4 5 6 7 8 9 10 11 12 13 15 16 
3 4 5 6 7 8 9 10 11 12 
3 4 5 6 7 8 9 10 12 16 
3 4 5 6 7 8 9 12 
3 4 5 6 7 8 9 11 15 
3 4 5 6 7 8 9 10 11 
3 4 5 6 7 8 9 10 12 
3 4 5 6 7 8 9 10 11 12 14 15 16 
2 3 4 5 6 7 8 9 10 11 12 14 
2 3 4 5 6 7 8 9 10 11 15 
2 3 4 5 6 7 8 9 10 11 12 14 15 
3 4 5 6 7 8 9 10 11 12 13 14 15 16 
2 3 4 5 6 7 8 9 10 11 12 13 14 
3 4 5 6 7 8 9 10 11 14 15 
3 4 5 6 7 8 9 10 11 13 
3 4 5 7 8 9 11 12 13 15 16 
3 4 5 6 7 8 9 10 11 12 14 
3 4 5 6 7 8 9 10 11 12 13 
3 4 5 6 7 8 9 10 11 12 13 
3 4 5 7 8 9 11 12 16 
3 4 5 7 8 9 12 13 16 
3 4 5 6 7 8 9 10 11 12 13 14 
2 3 4 5 6 7 8 9 12 16 
3 4 5 7 8 9 12 13 
3 4 5 6 7 8 9 10 11 12 13 15 16 
3 4 5 6 7 8 9 11 12 13 
3 4 5 6 7 8 9 10 11 12 
2 3 4 5 6 7 8 9 10 11 13 14 15 
3 4 5 6 7 8 9 11 12 13 15 16 
3 4 5 6 7 8 9 10 11 12 13 14 15 
3 4 5 6 7 8 9 10 11 13 15 
3 4 5 6 7 8 9 11 
3 4 5 6 7 8 9 10 11 12 13 14 15 
3 4 5 6 7 8 9 10 11 12 13 15 
3 4 5 6 7 8 10 11 14 15 
2 3 4 5 6 7 8 10 11 
3 4 5 7 8 9 11 12 15 16 
3 4 5 6 7 8 9 10 11 12 15 
2 3 4 5 6 7 8 9 10 11 12 14 15 16 
2 3 4 5 6 7 8 9 10 11 12 13 14 15 16 
3 4 5 6 7 8 9 10 12 13 
3 4 5 6 7 8 9 12 16 
2 3 4 5 6 7 8 9 11 12 15 
2 3 4 5 7 8 9 10 11 13 14 15 
2 3 4 5 6 7 8 9 10 11 13 14 15 
2 3 4 5 6 7 8 9 10 11 12 16 
2 3 4 5 7 8 9 11 12 13 
2 3 4 5 7 8 9 11 12 15 16 
2 3 4 5 7 8 9 10 11 12 15 16 
2 3 4 5 6 7 8 9 10 11 
2 3 4 5 6 7 8 9 
2 3 4 5 7 8 9 11 12 15 16 
2 3 4 5 6 7 8 9 10 14 
2 3 4 5 6 7 8 9 10 11 12 13 
2 3 4 5 6 7 8 9 11 12 15 16 
2 3 4 5 6 7 8 9 11 12 
2 3 4 5 6 7 8 9 11 
2 3 4 5 6 7 9 10 11 14 15 
2 3 4 5 6 7 8 9 10 11 15 
2 3 4 5 6 7 9 10 11 12 14 15 16 
2 3 4 5 6 7 8 9 10 11 12 16 
2 3 4 5 6 7 8 9 11 12 13 15 16 
2 3 4 5 7 8 9 11 12 13 15 16 
2 3 4 5 7 8 9 11 12 
2 3 4 5 7 8 9 11 13 
2 3 4 5 7 8 9 13 
2 3 4 5 6 7 9 10 11 12 15 16 
2 3 4 5 6 7 8 9 12 16 
2 3 4 5 7 8 9 12 
2 3 4 5 6 8 9 10 13 
2 3 4 5 6 7 8 9 13 
2 3 4 5 7 8 9 11 
2 3 4 5 7 9 13 
3 4 5 7 9 13 
3 4 5 9 
4 5 6 7 8 9 10 11 12 
3 4 5 7 8 9 
2 3 4 5 7 8 9 11 
2 3 4 5 7 8 9 12 
2 3 4 5 6 7 8 9 10 11 
2 3 4 5 7 8 9 11 13 
2 3 4 5 7 8 9 
2 3 4 5 7 8 9 10 14 
2 3 4 5 8 9 10 14 
2 3 4 5 6 7 9 10 11 14 
2 3 4 5 6 7 9 10 11 
3 4 5 6 7 8 9 10 11 12 13 15 16 
2 3 4 5 6 7 8 9 10 11 14 15 
2 3 4 5 6 7 8 9 11 12 16 

2 3 4 5 6 7 8 9 10 11 14 
2 3 4 5 6 7 8 9 10 11 14 15 
3 4 5 6 7 9 11 
2 3 4 5 7 9 
3 4 5 7 8 9 13 
3 4 5 7 8 9 10 11 12 13 14 15 
2 3 4 5 7 8 9 11 12 16 
2 3 4 5 7 8 9 10 11 12 14 15 
2 3 4 5 7 8 9 10 11 13 14 15 
2 3 4 5 7 8 9 10 12 14 16 
2 3 4 5 7 8 9 11 12 13 
3 4 5 6 7 8 9 10 11 
3 4 5 7 8 9 11 
3 4 5 7 9 
3 5 9 
3 5 9 
3 5 8 9 12 13 
2 3 4 5 6 7 8 9 10 11 14 
2 3 4 5 6 7 8 9 10 11 14 15 
2 3 5 7 9 11 13 
2 3 4 5 7 9 
3 4 5 9 
3 4 5 9 
3 4 5 8 9 
3 4 5 8 9 
3 4 5 9 
4 5 8 9 
4 5 9 13 
4 5 8 9 13 
2 4 5 8 9 
3 4 5 7 8 9 13 
4 5 9 13 
3 4 5 9 
2 3 4 5 7 8 9 11 13 
2 3 4 5 6 7 9 10 
2 3 4 5 6 7 8 9 
2 3 4 5 6 7 9 
2 3 4 5 6 9 
2 3 4 5 6 9 
2 3 4 5 9 
2 3 4 5 9 13 
2 3 4 5 9 
2 4 5 6 7 9 10 11 
2 3 4 5 7 9 
2 3 4 5 6 7 9 
2 3 4 5 9 13 
2 3 4 5 6 7 9 13 
2 3 4 5 6 7 8 9 11 
2 3 4 5 6 7 8 9 13 
3 4 5 7 8 9 11 
3 4 5 7 8 9 13 
2 3 4 5 8 9 13 
2 3 4 5 9 13 
2 3 5 6 7 9 10 11 14 15 
2 3 4 5 7 9 11 15 
3 4 5 6 7 8 9 10 11 
2 3 4 5 6 7 8 9 10 11 12 14 15 16 
2 3 4 5 7 8 9 11 12 15 16 
2 3 4 5 6 7 8 9 11 12 
3 4 5 6 7 8 9 10 11 12 16 
2 3 4 5 6 7 8 9 10 11 12 
2 3 4 5 6 7 8 9 10 11 
2 3 4 5 6 7 8 9 11 
2 3 4 5 6 7 8 9 10 11 12 13 14 15 16 
2 3 4 5 6 7 8 9 10 11 12 13 
2 3 4 5 6 7 8 9 11 12 15 16 
2 3 4 5 6 7 8 9 10 
2 3 4 5 6 7 8 10 
2 3 4 5 6 7 9 
2 3 4 5 6 9 
2 3 4 5 6 7 9 11 
2 3 4 5 6 7 8 9 11 12 15 16 
3 4 5 6 7 8 9 10 11 12 15 16 
3 4 5 6 7 8 9 10 11 12 
2 3 4 5 6 7 8 9 10 
2 3 4 5 6 7 8 9 10 11 
2 3 4 5 7 8 9 11 13 15 
2 3 4 5 7 8 9 11 12 15 16 
2 3 4 5 7 8 9 11 12 
2 3 4 5 7 8 9 
2 3 4 5 7 8 9 11 15 
2 3 4 5 7 8 9 10 11 14 
2 3 4 5 6 7 8 9 10 11 12 13 15 16 
2 3 4 5 7 8 9 11 12 13 
2 3 4 5 7 8 9 10 11 14 15 
2 3 4 5 6 7 9 10 11 12 15 16 
2 3 4 5 7 8 9 11 12 
3 4 5 7 8 9 
3 4 5 7 8 9 13 
3 5 9 13 
3 5 8 9 12 16 
3 5 6 7 8 9 10 11 12 13 
3 4 6 7 8 9 10 11 14 15 
3 4 7 11 
3 4 5 6 7 10 11 
3 4 5 6 7 8 9 10 11 12 14 15 
3 4 5 7 8 9 11 12 
3 4 5 6 7 8 9 10 11 
3 5 6 7 9 10 11 14 
3 4 5 6 7 9 10 11 14 15 
2 3 4 5 6 7 9 10 11 13 
2 3 4 6 7 
3 4 5 7 8 9 
3 4 5 7 9 11 12 16 
3 4 5 7 8 9 11 12 15 
3 4 5 7 8 9 11 
3 4 5 6 7 8 9 10 11 14 15 
2 3 4 5 6 7 9 10 11 13 14 15 
2 3 4 5 6 7 9 10 11 13 
2 3 4 5 6 7 9 11 
3 4 5 7 8 9 
3 4 5 9 
3 4 5 6 7 9 10 11 
3 4 5 7 8 9 10 11 12 14 15 16 
3 4 5 7 8 9 11 12 13 
3 4 5 6 7 8 10 11 14 15 
3 4 5 7 8 9 11 12 14 15 16 
3 4 5 6 7 8 9 10 11 14 15 
3 4 5 6 7 8 9 10 11 
2 3 4 5 6 7 9 10 11 
3 4 5 7 8 9 11 
3 4 5 6 7 8 9 
3 4 5 6 7 9 10 11 14 15 
3 4 5 6 7 8 9 10 11 12 13 15 16 
3 4 5 6 7 8 9 11 12 15 16 
3 4 5 6 7 8 9 10 11 12 14 15 
3 4 5 6 7 8 9 10 11 13 14 15 
3 4 5 7 8 9 11 12 15 16 
3 4 5 6 7 8 9 11 12 15 
3 4 5 6 7 8 9 10 11 12 
3 4 5 6 7 8 9 
3 4 5 7 8 9 12 16 
3 4 5 6 7 8 9 10 11 12 
3 4 5 6 7 8 9 11 12 16 
3 4 5 6 7 8 9 11 12 13 
3 4 5 7 8 11 15 
3 4 5 7 8 11 12 16 
3 4 5 7 8 9 12 
3 4 5 6 7 8 9 10 11 12 16 
3 4 5 6 7 8 9 10 11 12 14 15 
3 4 5 6 7 8 9 10 11 
3 4 5 7 9 
3 4 5 7 9 
3 4 5 8 12 16 
3 4 5 6 7 8 10 11 12 
3 4 5 6 7 8 9 10 11 14 15 
3 4 5 6 7 8 9 10 11 
3 4 5 6 7 9 10 11 14 
3 4 5 6 7 9 10 11 
3 4 5 6 7 8 9 10 12 16 
3 4 5 6 7 8 9 11 12 
3 4 5 6 7 8 
3 7 8 
3 4 7 8 11 12 
3 4 8 
3 4 5 6 7 8 10 11 12 14 15 
4 5 6 7 8 9 10 11 12 14 
3 4 5 6 7 8 9 10 11 12 14 15 16 
3 4 5 6 7 8 9 10 11 12 
3 4 5 6 7 8 
3 4 5 7 8 9 11 
3 4 5 7 8 9 10 11 12 14 15 
3 4 5 7 8 9 11 12 
3 4 5 7 8 9 10 11 12 15 
3 4 5 7 8 9 11 12 16 
3 4 5 7 8 9 10 11 12 13 
3 4 7 8 9 11 12 15 16 
3 4 5 7 8 9 10 11 12 14 15 16 
3 4 5 7 8 9 10 13 
3 4 5 6 7 8 10 11 12 15 
3 4 5 7 8 9 11 12 
3 4 5 7 8 9 
3 4 5 6 7 8 9 10 11 14 15 
3 4 5 6 7 8 9 10 11 12 16 
3 4 5 6 7 8 9 10 11 12 13 14 15 
3 4 5 6 7 8 9 10 11 12 13 14 16 
3 4 5 6 7 8 9 10 11 12 15 
3 4 6 7 8 9 10 11 12 13 14 15 16 
3 4 5 6 7 8 9 10 11 
3 4 7 8 11 
3 4 7 8 12 16 
3 4 5 6 7 8 10 11 12 15 
3 4 6 7 8 9 11 12 15 16 
3 4 6 7 8 9 10 11 12 14 15 
3 4 5 6 7 8 10 11 12 14 15 16 
3 4 5 6 7 8 9 10 11 12 16 
3 4 5 6 7 8 9 11 12 15 16 
3 4 5 6 7 8 9 11 12 16 
3 4 5 6 7 8 10 11 12 14 15 16 
3 4 5 6 7 8 9 10 11 12 14 15 16 
3 4 5 6 7 8 9 10 11 12 16 
3 4 5 6 7 8 9 10 11 12 14 15 16 
3 4 5 6 7 8 9 11 
3 4 5 6 7 8 9 10 11 
3 4 5 6 7 8 9 10 11 13 14 15 
3 4 5 6 7 9 10 11 13 14 15 
3 4 5 6 7 8 9 10 11 12 13 15 16 
3 4 5 6 7 8 9 10 11 12 15 16 
3 4 5 6 7 8 9 10 11 12 13 15 
3 4 5 6 7 8 9 10 11 12 16 
3 4 5 7 8 9 10 11 12 14 15 
3 4 5 6 7 8 9 10 11 14 15 
3 4 5 7 8 9 11 12 16 
2 3 4 5 6 7 8 9 10 11 12 15 
2 3 4 5 6 7 8 9 10 11 12 14 15 16 
2 3 4 5 6 7 8 9 10 11 12 14 15 16 
3 4 5 7 8 9 10 11 12 14 15 
3 4 5 7 8 9 11 12 16 
3 4 6 7 8 9 10 11 12 14 15 
3 4 5 6 7 8 9 10 11 13 
3 4 5 7 8 10 11 12 14 15 16 
3 4 5 6 7 8 9 10 11 12 15 
3 4 5 6 7 8 9 10 11 14 
3 4 5 6 7 8 9 10 11 12 15 16 
3 4 5 6 7 8 9 10 11 12 13 14 15 
3 4 5 6 7 8 9 10 11 13 14 15 
3 4 5 6 7 8 9 10 11 12 14 15 16 
3 4 5 6 7 8 9 10 11 12 14 15 16 
3 4 5 6 7 8 9 10 11 12 14 15 
3 4 5 6 7 8 9 10 11 12 13 15 16 
3 4 5 7 8 9 10 11 12 14 15 
3 4 5 7 8 9 10 11 12 14 15 
3 4 5 7 8 9 11 12 15 16 
3 4 5 7 8 9 11 12 
3 4 5 6 7 8 9 10 11 12 14 15 16 
3 4 5 6 7 8 9 10 11 12 14 15 16 
3 4 5 6 7 8 9 10 11 12 13 15 
3 4 5 7 8 9 11 12 16 
3 4 5 7 8 9 10 11 12 14 15 16 
3 4 5 6 7 8 9 10 11 12 13 14 15 
3 4 5 7 8 9 11 12 16 
2 3 4 5 6 7 8 9 10 11 12 14 15 
2 3 4 5 6 7 8 9 10 11 12 14 15 16 
2 3 4 5 6 7 8 9 11 12 16 
2 3 4 5 6 7 8 9 11 12 13 15 16 
3 4 5 6 7 8 9 10 11 12 13 16 
3 4 5 6 7 8 9 10 11 12 14 15 16 
3 4 5 6 7 8 9 10 11 12 13 14 15 16 
3 4 5 6 7 8 9 10 11 12 13 14 
3 4 5 6 7 8 9 10 11 12 14 15 16 
3 4 5 6 7 8 9 10 11 12 14 15 16 
3 4 5 6 7 8 9 10 11 12 15 16 
2 3 4 5 6 7 8 9 10 11 12 13 15 16 
2 3 4 5 6 7 8 9 10 11 12 14 15 
3 4 5 6 7 8 9 10 11 12 15 16 
3 4 5 6 7 8 9 10 11 12 14 15 
2 3 4 5 6 7 8 9 10 11 13 
3 4 5 6 7 8 9 10 11 12 14 15 16 
3 4 5 6 7 8 9 10 11 12 13 15 
3 4 5 6 7 8 9 10 11 12 16 
3 4 5 6 7 8 9 10 11 12 13 
3 4 5 6 7 8 9 10 11 12 16 
2 3 4 5 6 7 8 9 10 11 12 14 15 16 
3 4 5 6 7 8 9 10 11 12 14 15 16 
3 4 5 6 7 8 9 10 11 12 14 16 
3 4 5 6 7 8 9 10 11 12 14 15 16 
3 4 5 6 7 8 9 10 11 12 14 15 16 
2 3 4 5 6 7 8 9 10 11 12 13 14 15 16 
3 4 5 6 7 8 9 10 11 12 15 16 
3 4 5 6 7 8 9 10 11 12 14 15 16 
2 3 4 5 6 7 8 9 10 11 12 14 15 
2 3 4 5 6 7 8 9 10 11 12 14 15 
2 3 4 5 6 7 8 9 10 11 12 14 15 
2 3 4 5 6 7 8 9 10 11 
2 3 4 5 6 7 8 9 
2 3 4 5 6 7 8 9 
3 4 5 7 9 11 
3 4 5 7 9 11 15 
3 4 5 7 11 
3 4 5 7 9 10 11 14 15 
3 4 5 6 7 9 10 11 
3 4 5 6 7 8 9 10 11 
3 4 5 7 8 9 
3 4 5 7 8 9 
3 4 7 9 11 
3 4 7 9 
3 4 6 7 11 15 
3 4 5 6 7 11 
3 5 6 7 10 
3 5 6 7 
3 5 6 7 9 
3 4 5 7 8 9 12 16 
3 4 5 6 8 9 10 11 12 14 15 
4 5 6 7 8 9 10 11 
3 4 5 6 7 8 9 12 13 
2 3 4 5 6 7 8 9 11 
3 4 5 7 8 9 11 
3 4 5 7 9 
3 4 5 7 9 10 11 14 15 
3 4 5 7 9 11 
3 4 7 
3 4 5 7 8 9 
3 4 5 7 8 10 11 12 14 15 16 
3 4 5 6 7 8 9 10 11 12 14 15 
3 4 5 6 7 8 9 
3 4 5 7 8 9 
3 4 5 8 9 
3 4 5 7 8 9 11 12 
3 4 5 7 8 9 
3 4 5 7 8 9 11 12 15 
3 4 5 6 7 8 9 10 11 12 13 
3 4 5 7 8 9 
3 4 5 6 7 8 9 10 11 12 15 16 
3 4 5 7 8 9 11 
3 4 5 7 8 9 
3 4 5 6 7 8 9 10 11 
3 4 5 6 7 9 10 11 
3 4 5 6 7 9 
3 4 5 6 7 9 10 11 13 15 
2 3 4 5 6 7 9 10 11 12 16 
2 3 4 5 6 7 8 9 10 12 16 
3 4 5 6 7 8 9 11 
2 3 4 5 6 7 8 9 12 16 
2 3 4 5 6 7 8 9 10 11 12 13 15 
2 3 4 5 6 7 8 9 10 11 14 15 
2 3 4 5 6 7 8 9 10 11 12 
3 4 5 7 8 9 10 11 14 15 
3 4 5 6 7 8 9 10 11 12 14 15 16 
2 3 4 5 6 7 8 9 10 11 12 15 16 
2 3 4 5 6 7 8 9 11 12 13 
3 4 5 7 8 9 
3 4 5 6 7 8 9 10 11 
3 4 5 7 9 11 12 15 16 
3 4 5 7 8 9 10 11 12 14 15 16 
3 4 5 7 8 9 
3 4 5 7 8 9 
3 4 5 9 
4 5 6 7 9 10 11 13 
4 5 6 7 9 10 
5 6 7 9 10 11 14 
2 3 4 5 6 7 8 9 13 
2 3 4 5 6 7 8 9 10 11 12 
3 4 5 6 7 8 9 10 11 14 15 
3 4 5 6 7 8 9 10 11 
3 4 5 7 9 
3 4 5 6 7 9 10 
3 4 5 6 7 8 9 10 11 12 15 16 
3 4 5 6 7 8 9 10 11 15 
3 4 5 6 7 8 9 10 
3 4 5 6 7 8 9 10 11 15 
3 4 5 7 8 9 11 13 
3 4 5 7 8 9 12 16 
2 3 4 5 6 7 8 9 10 11 12 
2 3 4 5 6 7 8 9 10 11 12 14 15 16 
2 3 4 5 7 8 9 11 
2 3 4 5 6 7 8 9 13 
2 3 4 5 6 7 8 9 11 13 
2 3 4 5 7 8 9 11 12 16 
2 3 4 5 7 8 9 
2 3 4 5 7 8 9 
2 3 4 5 6 7 8 9 11 12 15 16 
2 3 4 5 6 7 8 9 10 11 12 
2 3 4 5 6 7 8 9 11 
2 3 4 5 6 7 9 11 13 
2 3 4 5 6 7 8 9 11 
2 3 4 5 6 7 9 
2 3 4 5 6 8 9 10 12 13 
2 3 4 5 6 8 9 10 
2 3 4 5 6 7 8 9 12 16 
2 3 4 5 6 7 8 9 12 
2 3 4 5 7 8 9 12 16 
2 3 4 5 8 9 12 13 
2 3 4 5 6 7 8 9 10 11 12 15 16 
2 3 4 5 7 8 9 11 12 13 
2 3 4 5 7 8 9 10 11 13 14 15 
2 3 4 5 6 7 8 9 10 11 
2 3 4 5 6 7 9 11 15 
3 4 5 6 7 9 10 11 13 
2 3 4 5 7 8 9 
2 3 4 5 7 8 9 
2 3 4 5 7 8 9 10 
2 3 4 5 6 7 8 9 10 11 14 15 
2 3 4 5 6 7 8 9 
2 3 4 5 7 8 9 12 16 
2 3 4 5 7 8 9 10 11 12 14 15 
2 3 4 5 6 7 8 9 10 11 12 14 15 
2 3 4 5 6 7 8 9 10 11 12 14 15 16 
2 3 4 5 6 7 8 9 10 11 12 13 15 16 
2 3 4 5 7 8 9 11 12 15 16 
2 3 4 5 6 7 8 9 10 11 12 16 
2 3 4 5 6 7 8 9 11 
2 3 4 5 6 7 8 9 10 11 12 14 15 16 
2 3 4 5 6 7 8 9 10 11 12 14 15 
2 3 4 5 7 8 9 11 13 
2 3 4 5 7 8 9 12 16 
2 3 4 5 6 7 8 9 10 11 12 13 14 
2 3 4 5 6 7 8 9 10 11 
2 3 4 5 6 7 8 9 12 16 
2 3 4 5 6 7 8 9 11 12 13 
2 3 4 5 6 7 8 9 10 11 12 16 
3 4 5 7 8 9 12 
3 4 5 7 8 9 
3 4 5 7 8 9 11 12 16 
3 4 5 7 8 9 11 12 16 
3 4 5 7 8 9 11 12 15 16 
3 4 5 7 8 9 11 12 15 16 
3 4 5 6 7 8 9 10 11 12 13 14 15 16 
3 4 5 6 7 8 9 10 11 12 13 14 15 
3 4 5 7 8 9 11 12 13 15 16 
3 4 5 6 7 8 9 10 11 14 15 
2 3 4 5 6 7 8 9 10 11 12 13 15 
2 3 4 5 6 7 8 9 11 12 16 
2 3 4 5 6 7 8 9 10 11 12 13 14 15 16 
2 3 4 5 6 7 8 9 10 11 12 14 15 16 
2 3 4 5 6 7 8 9 11 12 
2 3 4 5 6 7 8 9 11 12 15 16 
2 3 4 5 6 7 8 9 10 11 14 15 
2 3 4 5 6 7 8 9 10 11 13 15 
2 3 4 5 6 7 8 12 16 
2 3 4 5 6 7 8 9 10 11 12 14 16 
2 3 4 5 7 8 9 10 11 12 14 15 16 
2 3 4 5 6 7 8 9 10 11 12 13 
2 3 4 5 6 7 8 9 10 11 12 13 15 16 
2 3 4 5 6 7 8 9 10 11 12 13 16 
2 3 4 5 6 7 8 9 11 12 15 
2 3 4 5 6 7 8 9 11 12 13 15 16 
2 3 4 5 6 7 8 9 11 12 15 16 
2 3 4 5 6 7 8 10 11 12 14 15 
2 3 4 5 6 7 8 9 10 11 12 14 15 16 
2 3 4 6 7 8 9 10 11 12 
2 3 4 6 7 8 9 10 11 12 14 15 16 
2 3 4 6 7 8 10 11 12 16 
2 3 4 5 6 7 8 9 10 11 12 14 15 16 
2 3 4 6 7 8 10 11 12 14 15 16 
2 3 4 5 6 7 8 9 10 11 12 15 16 
3 4 5 6 7 8 9 11 12 
3 4 5 6 7 8 9 11 12 13 15 16 
2 3 4 5 6 7 8 9 11 12 13 
3 4 5 7 8 9 10 11 12 13 14 15 
3 4 5 6 7 8 9 10 11 12 16 
3 4 5 6 7 8 9 10 11 12 16 
3 4 5 6 7 8 9 10 11 12 14 15 
3 4 6 7 8 9 10 11 13 
3 4 6 7 8 10 11 12 15 16 
2 3 4 5 6 7 8 10 11 12 14 15 16 
2 3 4 5 6 7 8 10 11 12 14 15 
3 4 5 6 7 8 11 12 16 
2 3 4 5 6 7 8 10 11 12 14 15 16 
3 4 5 6 7 8 9 10 11 12 14 15 16 
2 3 4 5 6 7 8 9 10 11 12 14 15 16 
3 4 5 6 7 8 9 10 11 12 
3 4 5 6 7 8 9 11 12 15 16 
2 3 4 5 6 7 8 9 10 11 12 13 14 15 
3 4 5 6 7 8 9 10 11 12 14 
3 4 5 6 7 8 9 10 12 13 14 16 
3 4 5 6 7 8 9 10 11 12 14 15 
2 3 4 5 6 7 8 9 10 11 12 16 
2 3 4 5 6 7 8 9 11 12 15 
3 4 5 6 7 8 9 11 12 
3 4 5 6 7 8 9 10 11 12 16 
3 4 5 6 7 8 9 11 12 15 
3 4 5 6 7 8 9 11 12 13 16 
3 4 5 6 7 8 9 10 11 12 14 15 
2 3 4 5 6 7 8 9 10 11 12 14 15 
