6 7 8 
6 7 
6 7 8 11 12 
6 7 8 11 12 
6 7 8 11 12 
6 7 8 12 
6 8 12 
6 8 
6 7 8 
6 7 8 
6 7 8 
6 8 10 11 
6 8 10 
6 8 10 12 
6 7 8 10 12 
6 7 8 12 
6 7 8 12 
6 7 8 12 
6 7 8 12 
6 7 8 10 11 
6 7 8 10 11 
6 7 8 10 
6 7 8 
6 7 8 10 11 
6 7 8 10 
6 7 8 
6 7 8 
6 7 8 
6 7 8 
6 7 
6 7 
6 7 
6 7 10 
6 7 
6 7 8 
6 7 8 
6 7 8 
6 7 8 
6 7 8 
7 8 
6 7 8 
7 8 
6 7 8 10 11 
6 7 8 10 11 
6 7 8 10 11 
6 7 8 10 11 
6 8 10 12 
6 7 8 12 
6 7 8 12 
6 7 8 12 
6 7 
6 7 8 
6 7 8 
6 7 8 
6 8 12 
6 8 12 
6 8 12 
6 7 8 12 
7 8 
7 8 
6 7 8 10 11 
6 7 8 10 11 
6 7 8 11 
6 7 8 10 11 
6 7 10 11 
6 7 8 10 
6 8 
6 8 
6 7 8 
7 8 
6 7 8 
6 7 8 
6 7 8 
6 7 8 
7 8 
6 7 8 10 11 
6 7 8 10 11 
6 7 8 10 
7 8 10 
6 7 8 
6 7 8 12 
12 
