2 3 4 6 7 8 
2 3 4 6 7 8 
2 3 6 7 
2 3 7 8 11 12 
2 3 4 7 8 
2 3 4 7 8 
2 3 4 6 7 8 
2 3 6 7 8 
2 3 4 6 7 8 
2 3 4 7 8 11 12 
2 3 4 6 7 8 
2 3 4 6 7 8 
2 3 4 6 7 8 
2 3 4 6 7 8 12 
2 3 4 6 7 8 12 
2 3 4 6 7 
2 3 4 6 7 8 11 12 
2 3 6 7 8 11 12 
2 4 6 8 
2 3 4 6 7 8 
2 3 4 6 7 8 
2 3 
2 3 6 
2 3 6 7 
2 3 6 7 10 11 
2 3 6 7 10 11 
2 3 6 7 8 10 11 12 
2 6 7 8 10 11 12 
2 6 7 8 10 11 12 
2 
2 
2 6 
2 6 
2 3 6 7 
2 3 6 7 8 
2 3 4 7 8 11 12 
3 4 7 8 
2 3 
2 3 6 
2 3 6 7 
2 3 6 7 8 
2 3 4 7 8 11 12 
2 3 4 7 8 
2 3 
2 3 
2 3 
2 3 6 
2 3 6 7 
2 3 6 7 10 11 
2 3 6 7 10 11 
2 3 6 7 10 11 
2 3 6 7 8 
2 6 7 8 10 11 12 
2 3 4 7 8 11 12 
2 3 4 7 8 11 12 
2 3 4 7 8 
2 3 4 7 8 
2 3 4 7 8 
2 3 4 8 
2 3 
2 3 
3 
2 3 8 
2 3 4 7 8 
3 4 7 8 
