2 3 4 6 7 8 
2 3 4 6 7 8 10 11 12 
2 3 4 6 7 8 11 12 
3 4 7 8 10 
2 3 4 6 7 8 10 11 12 
2 3 4 6 7 8 9 
3 4 6 7 8 11 12 
2 3 4 6 7 8 10 
2 3 4 6 7 8 11 12 
2 3 4 6 7 8 9 
2 3 4 6 7 8 10 11 
2 3 4 6 7 8 
2 3 4 6 7 8 10 11 12 
2 3 4 6 7 8 
2 3 4 6 7 8 
2 3 4 6 8 
2 3 4 6 7 8 
2 3 4 6 7 8 10 11 12 
2 3 4 6 7 8 9 11 12 
2 3 4 6 7 8 
2 3 4 6 7 8 10 11 12 
2 3 6 7 8 11 12 
4 8 
2 3 4 6 7 8 10 11 12 
2 3 4 6 7 8 12 
3 4 7 8 
2 3 4 6 7 8 10 11 12 
2 3 6 7 8 
2 4 6 7 8 10 11 12 
3 4 6 7 8 10 11 
2 3 4 6 7 8 
2 3 4 6 7 8 12 
2 3 4 6 7 8 10 
2 3 6 7 8 
2 3 4 6 7 8 
3 4 7 
2 3 4 6 
2 3 4 6 7 8 
2 3 4 6 7 8 10 11 12 
2 3 4 6 7 8 10 11 12 
3 4 7 8 
2 3 4 6 7 8 10 11 
2 3 4 6 7 8 11 12 
2 3 4 6 7 8 
2 3 4 6 7 8 10 11 12 
2 3 4 6 7 8 12 
3 4 6 7 8 
2 3 4 6 7 8 
2 3 4 6 7 8 
2 3 4 6 7 8 10 
3 4 6 7 8 
2 3 4 6 7 8 10 11 12 
2 3 4 6 7 8 
2 3 4 6 7 
3 4 6 7 
2 3 4 6 7 8 
2 3 4 6 7 8 10 11 12 
2 3 4 6 7 8 9 
2 3 4 6 7 8 
2 3 4 6 7 8 10 11 
2 3 4 6 7 8 10 11 
2 3 4 6 7 8 11 12 
6 
3 4 6 7 8 10 11 
4 6 7 8 
3 4 6 7 8 10 11 
2 3 4 6 7 8 10 11 12 
2 3 6 7 8 11 12 
4 6 7 8 10 11 
3 4 6 7 8 10 11 12 
