2 3 6 7 
2 6 7 8 12 
2 7 8 
2 7 8 
2 7 8 
2 3 6 7 8 
2 3 6 7 8 11 12 
2 3 6 7 8 
2 3 6 7 8 
2 3 6 7 8 12 
2 3 6 7 8 
2 3 6 7 
2 3 6 7 
2 3 6 7 8 
2 3 4 6 7 8 
2 8 12 
2 3 7 8 
2 3 6 7 8 
2 3 6 7 8 
2 3 6 7 8 
2 6 7 
2 3 6 7 
2 3 6 7 
2 3 7 8 
2 7 8 
2 7 8 
2 3 6 7 8 
2 3 4 6 7 8 
2 3 4 8 
2 3 4 6 7 8 12 
2 3 4 6 7 8 12 
2 3 4 6 7 8 
2 3 4 6 7 8 12 
2 3 4 6 7 8 12 
2 3 4 6 7 8 
2 4 6 7 8 
2 3 4 6 7 8 12 
2 3 4 6 7 8 12 
2 3 4 6 7 8 
2 3 4 6 7 8 
2 3 4 6 7 8 
2 3 4 6 7 8 
2 3 6 7 
2 3 
2 3 
2 3 
2 7 8 12 
7 8 
2 3 6 7 8 
2 3 4 6 7 8 
2 3 4 7 8 
2 3 7 8 
2 7 8 12 
2 7 8 
3 4 7 8 
2 3 4 6 7 8 
2 3 6 7 8 
2 3 4 6 7 8 
2 3 4 6 7 8 
2 3 6 7 8 12 
2 3 6 7 8 12 
2 3 4 7 8 
2 3 6 7 
2 3 6 7 
2 3 6 7 8 
2 3 6 7 8 
2 3 7 
2 3 6 7 8 
2 3 4 6 7 8 
2 3 6 7 
2 3 7 
2 3 6 7 
2 3 6 7 
2 3 7 8 
2 3 7 8 
2 3 6 7 
2 3 6 7 8 12 
2 3 6 7 8 
2 3 7 
2 3 6 7 8 
2 3 4 6 7 8 
2 3 7 8 
2 3 7 8 
2 3 4 7 8 
