2 3 6 7 8 10 11 12 
2 3 4 6 7 8 10 11 12 
2 3 4 6 7 8 
2 4 6 7 8 10 11 12 
2 3 6 7 8 10 11 12 
2 3 4 6 7 8 10 
2 3 4 6 7 8 10 11 12 
2 3 6 7 10 
2 4 6 7 8 10 11 12 
2 3 4 6 7 8 11 12 
2 3 4 7 8 
2 3 4 6 8 
2 3 4 6 7 8 
2 3 4 6 7 8 
2 3 4 6 7 8 10 11 12 
2 3 4 6 7 8 12 
2 3 4 6 7 8 10 11 
2 3 4 6 7 8 10 11 12 
2 3 6 7 
2 3 6 7 8 
2 3 6 7 8 12 
2 3 4 6 7 8 11 12 
2 3 4 6 7 8 11 12 
2 3 4 6 7 8 12 
2 3 4 6 7 8 10 11 
2 3 4 6 7 8 10 12 
2 3 4 6 7 8 
2 3 4 6 7 8 10 11 12 
2 3 4 6 7 8 
2 3 4 6 7 8 12 
2 3 4 6 7 8 11 12 
2 3 4 6 7 8 
2 3 6 7 8 10 11 12 
2 3 4 6 7 8 10 
2 3 6 7 8 10 11 12 
2 3 4 6 7 8 
2 3 4 6 7 8 10 
2 3 4 6 7 8 
2 3 4 6 7 8 12 
2 3 6 7 8 11 12 
2 7 
