2 3 4 6 7 8 11 12 
2 3 4 6 7 8 10 11 12 
2 3 4 6 7 8 10 11 12 
2 3 4 6 7 8 
2 3 6 7 10 11 
2 6 7 8 11 12 
2 3 4 6 7 8 10 11 12 
2 3 6 7 8 10 11 12 
2 6 7 8 11 12 
2 3 4 6 7 8 10 11 12 
2 3 4 6 7 8 10 11 12 
2 3 6 7 8 10 11 
2 3 6 7 8 10 11 
2 3 6 7 8 11 12 
2 3 6 7 8 10 
2 3 4 6 7 8 10 11 
2 3 6 7 8 10 11 12 
2 3 4 6 7 8 10 11 12 
2 3 4 6 7 8 10 11 
2 3 4 6 7 8 11 12 
2 3 6 7 8 10 11 12 
2 3 4 6 7 8 10 11 12 
2 3 4 6 7 8 
2 3 4 6 7 8 10 11 12 
2 3 6 7 8 10 11 12 
2 3 6 7 8 10 11 
2 3 4 6 7 8 10 11 12 
2 3 6 7 8 10 11 12 
2 3 6 7 8 10 11 12 
2 3 4 6 7 8 
2 3 6 7 10 11 
2 6 7 8 11 
2 7 8 11 12 
2 6 10 
6 
6 7 8 10 11 12 
3 6 7 8 10 11 12 
