2 
2 
2 
2 
2 
2 
2 
2 
2 
2 
2 
2 
2 
2 
2 
2 
2 
2 
2 2 
2 2 
2 2 
2 2 
2 2 
2 2 
2 2 
2 
2 
2 2 
2 2 
2 2 
2 2 2 
2 2 2 
2 2 2 2 
2 2 2 
2 2 2 2 
2 2 2 2 
2 2 2 
2 2 2 
2 2 2 
2 2 2 2 
2 2 2 2 
2 2 2 2 
2 2 2 2 
2 2 2 2 
2 2 2 2 
2 2 
2 2 2 2 
2 2 2 2 
2 2 2 2 
2 2 2 2 
2 2 2 2 
2 2 2 2 
2 2 2 2 
2 2 2 
2 2 2 2 
2 2 2 
2 2 2 
2 2 2 2 
2 2 2 2 
2 2 2 2 
2 2 2 2 2 2 2 2 
2 2 2 2 2 2 2 2 
2 2 2 2 2 2 2 2 
2 2 2 2 2 2 2 2 
2 2 2 2 2 2 2 
2 2 2 2 2 2 2 
2 2 2 2 2 2 2 
2 2 2 2 2 2 2 
2 2 2 2 2 2 2 
2 2 2 2 2 2 2 
2 2 2 2 2 2 2 
2 2 2 2 2 2 2 
2 2 2 2 2 2 2 
2 2 2 2 2 2 2 
2 2 2 2 2 2 2 
2 2 2 
2 2 2 
2 2 2 
2 2 2 
2 2 2 
2 2 2 
2 2 2 
2 2 2 
2 2 2 
2 2 2 2 
2 2 2 2 
2 2 2 2 
2 2 2 
2 2 2 
2 2 2 
2 2 2 
2 2 2 2 
2 2 2 
2 2 2 2 
2 2 2 2 
2 2 2 2 
2 2 2 
2 2 2 
2 2 2 
2 2 
2 2 
2 2 
2 2 2 
2 2 2 
2 2 2 2 
2 2 
2 2 2 
2 2 
2 2 2 
2 2 2 
2 2 2 
2 2 2 
2 2 2 
2 2 2 
2 2 2 
2 2 2 
2 2 2 
2 2 
2 2 
2 2 
2 2 
2 2 
2 2 
2 2 
2 2 
2 2 
2 2 
2 2 
2 2 
2 2 
2 2 
2 2 
2 2 
2 2 
2 2 
2 7 2 2 
2 2 
2 2 
2 2 
2 2 
2 2 
2 2 
2 2 
2 2 
2 2 
2 2 
2 2 
2 2 
2 2 
2 2 
2 2 
2 2 
2 2 
2 2 
2 2 
2 2 
2 2 
2 2 
2 2 
2 2 
2 2 
2 2 
2 2 
2 2 
2 2 
2 2 
2 2 
2 2 
2 2 
2 2 
2 2 
2 2 
2 2 
2 2 
2 2 
2 2 
2 2 
2 2 
2 2 
2 2 
2 2 
2 2 
2 2 
2 2 
2 2 
2 2 
2 2 
2 2 
2 2 
2 2 
2 2 
2 2 
2 2 
2 2 
2 2 
2 2 
2 2 
2 2 
2 2 
2 2 
2 2 
2 2 
2 2 
2 2 
2 2 
2 2 
2 2 
2 2 
2 2 
2 2 
2 2 2 2 2 2 
2 2 2 2 2 2 
2 2 2 2 2 2 
2 2 2 2 2 2 
2 2 2 2 2 2 
2 2 2 2 2 2 
2 2 2 2 2 2 
2 2 2 2 2 2 
2 2 2 2 2 2 
7 2 2 2 2 2 2 
7 2 2 2 2 2 2 
7 2 2 2 2 2 2 
2 2 2 2 2 2 
2 2 2 2 2 2 
2 2 2 2 2 2 
2 2 
2 2 
2 2 
2 2 
2 2 
2 2 
2 2 
2 2 
2 2 
2 2 
2 2 
2 2 
2 2 
2 2 
2 2 
2 
2 2 
2 2 
2 2 
2 2 
2 2 
2 2 
2 2 
2 2 
2 2 
2 2 
2 2 
2 2 
2 2 
2 2 
2 2 
2 2 
2 2 
2 2 
2 2 
2 2 
2 2 
2 2 
2 2 
2 2 
2 2 
2 2 
2 2 
2 2 
2 2 
2 2 
2 2 
2 2 
2 2 
2 2 
2 2 
2 2 
2 2 
2 2 
2 2 
2 2 
2 2 
2 2 
2 2 
2 2 
2 2 
2 2 
2 2 
2 2 
2 2 
2 2 
2 2 2 
2 2 2 
2 2 2 
2 2 2 
2 2 2 
2 2 2 
2 2 
2 2 2 
2 2 2 
2 2 2 
2 2 2 
2 2 2 
2 2 2 
2 2 2 
2 2 2 
2 2 2 2 
2 2 2 2 
2 2 2 
2 2 2 2 
2 2 2 2 
2 2 2 2 
2 2 2 2 
2 2 2 2 
2 2 2 
2 2 2 
2 2 2 
2 2 2 
2 2 2 
2 2 2 
2 2 2 
2 2 2 
2 2 2 
2 2 2 
2 2 2 
2 2 2 
2 2 2 
2 2 2 
2 2 2 
2 2 2 
2 2 2 2 2 2 2 
2 2 2 2 2 2 2 
2 2 2 2 2 2 2 
2 2 2 2 2 2 2 
2 2 2 2 2 2 2 
2 2 2 2 2 2 2 
2 2 2 2 2 2 2 2 
2 2 2 2 2 2 2 2 
2 2 2 2 2 2 2 2 
2 2 2 2 2 2 2 2 
2 2 2 2 2 2 2 2 
2 2 2 2 2 2 2 2 
2 2 2 2 2 2 2 2 
2 2 2 2 2 2 2 2 
2 2 2 2 2 2 2 2 
2 2 2 
2 2 2 2 
2 2 2 2 
2 2 2 
2 2 2 
2 2 2 
2 2 2 
2 2 2 
2 2 2 
2 2 2 
2 2 2 
2 2 2 
2 2 2 
2 2 2 
2 2 2 
2 2 2 
2 2 2 
2 2 2 
2 2 
2 2 
2 2 
2 2 2 
2 2 2 
2 2 2 
2 2 
2 2 
2 2 
2 2 
2 2 
2 2 
2 
2 2 
2 2 
2 2 
2 2 
2 2 
2 2 
2 2 
2 2 
2 2 
2 2 
2 2 
2 2 
2 2 
2 2 
2 
2 2 
2 2 
2 2 
2 2 
2 2 
2 2 
2 2 
2 2 
2 2 
2 2 
2 2 
2 2 
2 2 
2 2 
2 2 
2 2 
2 2 
2 2 
2 2 
2 2 
2 2 
2 2 
2 2 
2 2 
2 2 
2 2 
2 2 
2 2 
2 2 
2 2 
2 2 
2 2 
2 2 
2 2 
2 2 
2 2 
2 2 
2 2 
2 2 
2 2 
2 2 
2 2 
2 2 
2 2 
2 2 
2 2 
2 2 
2 2 
2 2 
2 2 
2 2 
2 2 
2 2 
2 2 
2 2 
2 2 
2 2 
2 2 
2 2 
2 
2 2 
2 2 
2 2 
2 2 
2 2 
2 2 
2 2 
2 2 
2 2 
2 2 
2 2 
2 2 
2 2 
2 2 
2 2 
2 2 
2 2 
2 2 
2 2 
2 2 
2 2 
2 2 
2 2 
2 2 
2 2 
2 2 
2 2 
2 2 
2 2 
2 2 
2 2 
2 2 
2 2 
2 2 
2 2 
2 2 
2 2 
2 2 
2 2 
2 2 
2 2 
2 2 
2 2 
2 2 
2 2 2 2 2 2 
2 7 2 2 2 2 2 
2 7 2 2 2 2 2 
2 2 2 2 2 2 
2 2 2 2 2 2 2 
2 2 2 2 2 2 2 
2 2 2 2 2 2 2 
2 2 2 2 2 2 2 
2 2 2 2 2 2 2 
2 2 2 2 2 2 
2 2 2 2 2 2 2 
2 2 2 2 2 2 2 
2 2 2 2 2 2 2 
2 2 2 2 2 2 2 
2 2 2 2 2 2 2 
2 2 7 
2 7 2 
7 2 2 
2 2 
2 2 
2 2 
2 2 
2 2 
2 2 
2 2 
2 2 
2 2 
2 2 
2 2 
2 2 
2 2 
2 2 
2 2 
2 2 
2 2 
2 2 
2 2 
2 2 
2 2 
2 2 
2 2 
2 2 
2 2 
2 2 
2 2 
2 2 
2 2 
2 2 
2 2 
2 2 
2 2 
2 2 
2 2 
2 2 
2 2 
2 2 
2 2 
2 2 
2 2 
2 2 
7 2 2 
2 2 
2 2 
2 2 
2 2 
2 2 
2 2 
2 2 
2 2 
2 2 
2 2 
2 2 
2 2 
2 2 
2 2 
2 2 
2 2 
2 2 
2 2 
2 2 
2 2 
2 2 
2 2 
2 2 
2 2 
2 2 
2 2 
2 2 
2 2 
2 2 
2 2 
2 2 
2 2 
2 2 
2 2 
2 2 
2 2 
2 2 
2 2 
0 2 2 
0 2 2 
0 2 2 
0 2 2 
0 2 2 
0 2 2 
2 7 2 
2 2 
2 2 
2 2 
7 2 2 
7 2 2 
2 2 
2 2 
2 2 
7 2 2 
7 2 2 
7 2 2 
2 2 
2 2 
2 2 
7 2 2 2 2 
2 7 2 2 2 2 2 
2 7 2 2 2 2 2 
0 2 2 2 2 2 2 2 
2 0 2 2 2 2 2 2 
2 0 2 2 2 2 2 2 
2 0 2 7 2 2 2 2 2 
2 0 2 7 2 2 2 2 2 
0 2 2 7 2 2 2 2 2 
0 2 2 2 2 2 2 2 
0 2 2 2 2 2 2 2 
0 2 2 2 2 2 2 2 
0 2 2 2 2 2 2 2 
0 2 2 2 2 2 2 2 
0 2 2 2 2 2 2 2 
2 2 2 
0 2 7 2 2 
0 2 7 2 2 
2 2 7 2 
2 2 7 2 
2 2 7 2 
2 2 7 2 
2 2 7 2 
2 2 2 
2 2 2 
2 2 2 
2 2 2 
7 2 2 2 
7 2 2 2 
7 2 2 2 
2 2 2 
0 2 2 2 
0 2 2 2 
2 2 2 
2 2 2 
2 2 2 
2 2 2 
2 2 2 
0 2 2 2 
0 2 2 2 
0 2 2 2 
0 2 2 2 
0 2 2 2 
0 2 2 2 
0 2 2 2 
2 2 2 
0 2 2 2 
0 2 2 2 
0 2 2 2 
0 2 2 2 
0 2 2 2 
2 0 2 7 2 
2 0 7 2 2 
2 0 7 2 2 
0 2 7 2 2 
0 2 7 2 2 
0 2 7 2 2 
0 2 2 2 
0 2 2 2 
0 2 2 2 
2 2 
2 2 2 
2 2 2 
7 2 2 2 
7 2 2 2 
7 2 2 2 
0 2 7 2 2 
0 2 7 2 2 
2 7 2 2 
0 7 2 2 2 
7 2 2 2 
7 2 2 2 
0 2 2 2 
0 2 2 2 
0 2 2 2 
2 2 2 
0 2 2 2 
2 2 2 
2 2 2 
2 2 2 
2 2 2 
2 7 2 2 
2 7 2 2 
2 7 2 2 
0 2 2 2 
2 2 2 
2 2 2 
7 2 2 2 
7 2 2 2 
7 2 2 2 
2 2 7 2 2 2 2 2 
2 2 0 2 7 2 2 2 2 
2 0 2 2 7 2 2 2 2 
2 0 2 2 7 2 2 2 
0 2 2 2 7 2 2 2 
0 2 2 2 7 2 2 2 
2 0 2 2 7 2 2 2 
2 0 2 2 7 2 2 2 
2 0 2 2 7 2 2 2 
2 2 0 2 7 2 2 2 2 
2 2 0 2 7 2 2 2 2 
2 2 0 2 7 2 2 2 2 
0 2 2 7 2 2 2 2 
0 2 2 7 2 2 2 2 
0 2 2 7 2 2 2 2 
2 2 2 2 2 
0 2 7 2 2 2 2 2 
0 2 7 2 2 2 2 2 
0 2 2 2 2 2 2 
0 2 2 2 2 2 2 
0 2 2 2 2 2 2 
0 2 2 7 2 2 2 2 
0 2 2 7 2 2 2 2 
0 2 2 7 2 2 2 2 
0 2 2 7 2 2 2 2 
0 2 2 7 2 2 2 2 
0 2 2 7 2 2 2 2 
0 2 7 2 2 2 2 2 
0 2 7 2 2 2 2 2 
0 2 2 7 2 2 2 2 
2 2 2 2 2 2 
0 2 2 7 2 2 2 2 
2 0 2 2 7 2 2 2 
2 0 2 2 2 2 2 
2 0 2 2 2 2 2 
2 0 2 2 2 2 2 
7 2 0 2 2 2 2 2 
7 2 0 2 2 2 2 2 
2 7 0 2 2 2 2 2 
2 0 2 2 2 2 2 
2 0 2 2 2 2 2 
2 0 2 2 2 2 2 
2 0 2 2 2 2 2 
2 0 2 2 2 2 2 
2 0 2 2 2 2 2 
2 2 2 2 2 
2 2 2 2 2 2 
2 2 2 2 2 2 
0 2 2 2 2 2 2 
2 0 0 2 2 2 2 2 
2 0 0 2 2 2 2 2 
0 2 0 2 2 2 2 2 
0 2 0 2 2 2 2 2 
2 0 2 2 2 2 2 
2 0 2 2 2 2 2 
2 0 2 2 2 2 2 
2 0 2 2 2 2 2 
2 7 2 2 2 2 
2 7 2 2 2 2 
2 7 2 2 2 2 
2 2 2 2 2 2 
2 2 2 2 2 2 2 
2 2 2 2 2 2 2 
2 2 2 2 2 2 2 
2 2 2 2 2 2 2 
2 2 2 2 2 2 2 
2 2 7 2 2 2 2 
0 2 2 7 2 2 2 2 
2 0 2 2 7 2 2 2 2 
2 0 2 2 2 2 2 2 
2 0 2 2 2 2 2 2 
2 0 2 2 2 2 2 2 
2 0 2 2 2 2 2 2 
2 0 2 2 2 2 2 2 
2 0 2 2 2 2 2 2 
2 2 2 2 2 
0 2 2 2 2 2 2 2 
2 2 2 2 2 2 2 
2 2 2 2 2 2 2 
2 2 2 2 2 2 2 
2 2 2 2 2 2 2 
0 2 2 2 2 2 2 2 
0 2 2 2 2 2 2 2 
0 2 2 2 2 2 2 2 
0 2 7 2 2 2 2 2 2 
0 2 7 2 2 2 2 2 2 
0 2 7 2 2 2 2 2 2 
0 2 2 2 2 2 2 2 
0 2 2 2 2 2 2 2 
2 2 2 2 2 2 2 
2 2 2 2 2 
0 2 2 7 2 2 2 2 2 
2 2 7 2 2 2 2 2 
2 0 2 2 7 2 2 2 2 
2 0 2 2 7 2 2 2 2 
2 0 2 2 7 2 2 2 2 
0 2 2 7 2 2 2 2 2 
0 2 2 7 2 2 2 2 2 
0 2 2 2 7 2 2 2 2 
0 2 2 2 2 2 2 2 
2 2 2 2 2 2 2 
2 2 2 2 2 2 2 
0 2 2 2 2 2 2 2 
0 2 2 2 2 2 2 2 
0 2 2 2 2 2 2 2 
2 2 2 2 2 
2 2 2 2 2 2 2 
2 2 2 2 2 2 2 
0 2 2 2 2 2 2 2 
0 0 2 2 2 2 2 2 2 
0 0 2 2 2 2 2 2 2 
0 2 2 2 2 2 2 2 
0 2 2 2 2 2 2 2 
0 2 2 7 2 2 2 2 2 
0 2 2 2 2 2 2 2 
0 2 2 2 2 2 2 2 
0 2 2 2 2 2 2 2 
2 2 0 2 2 2 2 2 
2 2 0 2 2 2 2 2 
2 2 0 2 2 2 2 2 
0 0 2 2 7 2 2 2 2 2 
0 2 2 2 2 2 2 2 
0 2 2 2 2 2 2 2 
0 2 2 2 7 2 2 2 2 
2 0 2 2 7 2 2 2 2 
2 0 2 2 7 2 2 2 2 
0 2 2 0 7 2 2 2 2 
0 0 2 2 7 2 2 2 2 
0 2 2 0 7 2 2 2 2 
0 2 2 0 2 7 2 2 2 
0 2 2 0 2 7 2 2 2 
0 2 2 0 2 7 2 2 2 
2 2 0 2 7 2 2 2 
2 0 2 2 7 2 2 2 
0 2 2 2 7 2 2 2 
0 2 2 2 7 2 2 2 
2 2 2 7 2 2 2 
0 2 2 2 7 2 2 2 
2 2 7 2 2 2 2 2 
0 2 2 7 2 2 2 2 2 
0 2 2 7 2 2 2 2 2 
0 7 2 2 2 2 2 2 2 
0 7 2 2 2 2 2 2 2 
0 2 7 2 2 2 2 2 2 
0 2 2 2 2 2 2 2 
0 2 2 2 2 2 2 2 
0 2 2 2 2 2 2 2 
0 2 2 2 2 2 2 2 
0 2 2 2 2 2 2 2 
0 2 2 2 2 2 2 2 
2 2 2 2 2 2 
2 2 2 2 2 
2 2 2 2 2 
2 2 2 2 2 2 
2 2 2 2 2 2 
2 2 2 2 2 2 
2 2 2 2 2 2 
2 2 2 2 2 2 
2 2 2 2 2 2 
2 2 2 2 2 2 
2 2 2 2 2 2 
2 2 2 2 2 2 
0 2 2 2 2 2 2 
0 2 2 2 2 2 2 
0 2 2 2 2 2 2 
2 2 
7 2 2 2 
2 7 2 2 
2 2 2 
7 2 2 2 
7 2 2 2 
2 7 2 2 
2 7 2 2 
2 7 2 2 
2 2 2 
2 2 2 
2 2 2 
2 7 2 2 
2 7 2 2 
2 7 2 2 
2 2 2 2 
2 2 2 2 2 
2 2 2 2 
2 2 2 2 2 
2 2 2 2 2 
2 2 2 2 2 
2 2 2 2 2 
2 2 2 2 2 
2 2 2 2 2 
2 2 2 2 2 
0 2 2 2 2 2 
0 2 2 2 2 2 
0 2 2 2 2 2 
0 2 2 2 2 2 
0 2 2 2 2 2 
2 2 
2 2 2 
2 2 2 
2 2 
0 2 2 
0 2 2 
0 2 2 
0 2 2 
0 2 2 
2 0 2 2 2 
2 0 2 2 2 
2 0 2 2 2 
0 2 2 
0 2 2 
0 2 2 
2 2 2 2 
2 2 2 
2 2 2 
2 2 
0 2 2 
0 2 2 
0 2 2 
0 2 2 
2 2 
2 2 2 2 
2 2 2 2 
2 2 2 2 
2 2 2 2 
2 2 2 2 
2 2 2 2 
2 2 2 2 
2 2 2 2 
2 2 2 2 
2 2 2 2 2 
2 2 2 2 2 2 
2 2 2 2 2 2 
2 2 2 2 2 
2 2 2 2 2 
2 2 2 2 2 
2 2 2 2 2 2 2 
2 2 2 2 2 2 
2 2 2 2 2 2 
2 2 2 2 2 2 
2 2 2 2 2 2 
2 2 2 2 2 2 
2 2 2 2 2 2 2 2 2 
2 2 2 2 2 2 2 2 
2 2 2 2 2 2 2 2 
2 2 2 2 2 2 2 2 
2 2 2 2 2 2 2 2 
2 2 2 2 2 2 2 2 
2 2 2 2 2 2 2 2 
2 2 2 2 2 2 2 2 
2 2 2 2 2 2 2 2 
2 2 2 2 2 2 2 2 
2 2 2 2 2 2 2 2 
2 2 2 2 2 2 2 2 
2 2 2 2 2 2 2 
2 2 2 2 2 2 2 
2 2 2 2 2 2 2 
2 2 2 2 
2 2 2 2 
2 2 2 2 
2 2 2 2 
2 2 2 2 
2 2 2 2 
2 2 2 2 
2 2 2 2 
2 2 2 2 
2 2 2 2 
2 2 2 2 
2 2 2 2 
2 2 2 2 2 
2 2 2 2 2 
2 2 2 2 2 
2 2 2 2 2 2 2 
2 2 2 2 2 2 2 2 
2 2 2 2 2 2 2 2 
2 2 2 2 2 2 2 2 2 
2 2 2 2 2 2 2 2 2 
2 2 2 2 2 2 2 2 2 
2 2 2 2 2 2 2 2 
2 2 2 2 2 2 2 2 
2 2 2 2 2 2 2 2 
2 2 2 2 2 2 2 2 
2 2 2 2 2 2 2 2 
2 2 2 2 2 2 2 2 
2 2 2 2 2 2 2 2 
2 2 2 2 2 2 2 2 
2 2 2 2 2 2 2 2 
2 2 2 2 
2 2 2 2 
2 2 2 2 
2 2 2 2 
2 2 2 2 
2 2 2 2 
2 2 2 2 
2 2 2 2 
2 2 2 2 
2 2 2 2 
2 2 2 2 
2 2 2 2 
2 2 2 
2 2 2 
2 2 2 
2 2 2 2 2 2 2 
2 2 2 2 2 2 2 2 
2 2 2 2 2 2 2 2 
2 2 2 2 2 2 2 2 
7 2 2 2 2 2 2 2 2 
7 2 2 2 2 2 2 2 2 
2 2 2 2 2 2 2 2 
2 2 2 2 2 2 2 2 
2 2 2 2 2 2 2 2 
2 2 2 2 2 2 2 
2 2 2 2 2 2 2 
2 2 2 2 2 2 2 
2 2 2 2 2 2 2 
2 2 2 2 2 2 
2 2 2 2 2 2 2 
2 2 2 
2 2 2 
2 2 2 
2 2 
2 2 
2 2 
2 2 
2 2 
0 2 2 
0 2 2 
0 2 2 
0 2 2 
2 2 
2 2 
2 2 
2 2 2 2 2 2 
2 2 2 2 2 
2 2 2 2 2 
2 2 2 2 2 
2 2 2 2 2 
2 2 2 2 2 
2 2 2 2 2 
2 2 2 2 2 
2 2 2 2 2 
0 2 2 2 2 2 2 
0 2 2 2 2 2 2 
0 2 2 2 2 2 2 
0 2 2 2 2 2 2 
2 2 2 2 2 2 
2 2 2 2 2 2 
2 2 2 
2 2 2 2 
2 2 2 2 
2 2 2 2 
2 2 2 2 
2 2 2 2 
2 2 2 2 
2 2 2 2 
2 2 2 2 
2 2 2 2 
2 2 2 2 
2 2 2 2 
2 2 2 2 
2 2 2 2 
2 2 2 2 
2 2 2 2 2 2 
2 2 2 2 2 2 
0 2 2 2 2 2 2 
2 0 2 2 2 2 2 2 
2 0 2 2 2 2 2 2 
2 0 2 2 2 2 2 2 
2 0 2 2 2 2 2 2 
2 0 2 2 2 2 2 2 
2 0 2 2 2 2 2 2 
0 2 2 2 2 2 2 
0 2 2 2 2 2 2 
0 2 2 2 2 2 2 
0 2 2 2 2 2 2 
0 2 2 2 2 2 2 
0 2 2 2 2 2 2 
2 2 2 
2 2 2 
0 2 2 2 
2 0 2 2 2 
0 2 2 2 
0 2 2 2 
0 2 2 2 
0 2 2 2 
0 2 2 2 
0 2 2 2 
0 2 2 2 
0 2 2 2 
2 2 2 2 
2 2 2 2 
2 2 2 2 
2 2 2 2 2 2 2 
2 2 2 2 2 2 2 
2 2 2 2 2 2 2 
2 2 2 2 2 2 2 
2 2 2 2 2 2 2 
2 2 2 2 2 2 2 
2 2 2 2 2 2 2 
2 2 2 2 2 2 2 
2 2 2 2 2 2 2 
2 2 2 2 2 2 
2 2 2 2 2 2 2 
2 2 2 2 2 2 2 
0 2 2 2 2 2 2 
0 2 2 2 2 2 2 
0 2 2 2 2 2 2 
2 2 2 2 
2 2 2 2 
0 2 2 2 2 
0 2 2 2 2 
0 2 2 2 2 
0 2 2 2 2 
2 2 2 2 
2 2 2 2 
2 2 2 2 
2 2 2 2 
2 2 2 2 
2 2 2 2 
2 0 2 2 2 
2 0 2 2 2 
2 0 2 2 2 
2 2 2 2 2 2 2 
2 0 2 2 2 2 2 2 
2 0 2 2 2 2 2 2 
2 0 2 2 2 2 2 2 
0 2 2 2 2 2 2 
0 2 2 2 2 2 2 
2 0 2 2 2 2 2 2 
2 0 2 2 2 2 2 2 
0 2 2 2 2 2 2 
2 0 2 2 2 2 2 2 
2 0 2 2 2 2 2 2 
2 0 2 2 2 2 2 2 
2 0 2 2 2 2 2 2 
2 0 2 2 2 2 2 2 
2 0 2 2 2 2 2 2 
2 2 2 
0 2 2 2 
0 2 2 2 
2 0 2 2 2 
2 0 2 2 2 
2 0 2 2 2 
2 0 2 2 2 
2 0 2 2 2 
2 0 2 2 2 
2 0 2 2 2 
2 0 2 2 2 
2 0 2 2 2 
2 0 2 2 2 
2 0 2 2 2 
2 0 2 2 2 
2 2 2 2 2 2 2 
2 2 0 2 2 2 2 2 2 
2 2 0 2 2 2 2 2 2 
2 0 2 2 2 2 2 2 2 
2 2 0 2 2 2 2 2 2 
2 2 0 2 2 2 2 2 2 
2 2 2 0 2 2 2 2 2 2 
2 2 2 0 2 2 2 2 2 2 
2 2 2 0 2 2 2 2 2 2 
2 2 0 2 2 2 2 2 2 2 
2 2 0 2 2 2 2 2 2 2 
2 2 0 2 2 2 2 2 2 2 
2 2 0 2 2 2 2 2 2 2 
2 2 0 2 2 2 2 2 2 2 
2 2 0 2 2 2 2 2 2 2 
2 2 2 2 2 2 2 
2 2 2 2 2 2 2 2 
2 2 2 2 2 2 2 2 
2 2 2 2 2 2 2 2 
0 2 2 2 2 2 2 2 2 
0 2 2 2 2 2 2 2 2 
0 2 2 2 2 2 2 2 
0 2 2 2 2 2 2 2 
0 2 2 2 2 2 2 2 
0 2 2 2 2 2 2 2 
0 2 2 2 2 2 2 2 
0 2 2 2 2 2 2 2 
0 2 2 2 2 2 2 2 
0 2 2 2 2 2 2 2 
0 2 2 2 2 2 2 2 
2 2 2 2 2 2 2 2 
0 2 2 2 2 2 2 2 
0 2 2 2 2 2 2 2 
0 2 2 2 2 2 2 2 
2 0 2 2 2 2 2 2 2 
2 0 2 2 2 2 2 2 2 
0 2 2 2 2 2 2 2 
0 2 2 2 2 2 2 2 
0 2 2 2 2 2 2 2 
0 0 2 2 2 2 2 2 2 
0 0 2 2 2 2 2 2 2 
0 0 2 2 2 2 2 2 2 
0 2 2 2 2 2 2 2 
0 2 2 2 2 2 2 2 
0 2 2 2 2 2 2 2 
2 2 2 2 
0 2 2 2 2 
0 2 2 2 2 
0 2 2 2 2 
2 2 2 2 
2 2 2 2 
2 2 2 2 
2 2 2 2 
2 2 2 2 
2 2 2 2 
2 2 2 2 
2 2 2 2 
2 2 2 2 
2 2 2 2 
2 2 2 2 
2 2 2 2 2 2 2 2 
2 2 2 2 2 2 2 
2 2 2 2 2 2 2 
2 2 2 2 2 2 2 
2 2 2 2 2 2 2 2 
2 2 2 2 2 2 2 2 
2 2 2 2 2 2 2 
0 2 2 2 2 2 2 2 
0 2 2 2 2 2 2 2 
0 2 2 2 2 2 2 2 
0 2 2 2 2 2 2 2 
0 2 2 2 2 2 2 2 
0 2 2 2 2 2 2 2 
0 2 2 2 2 2 2 2 
0 2 2 2 2 2 2 2 
2 2 2 2 
2 2 2 2 
2 2 2 2 
0 2 2 2 2 
0 2 2 2 2 
0 2 2 2 2 
2 2 2 2 
2 2 2 2 
0 2 2 2 2 
2 2 2 
2 2 2 
2 2 2 
2 2 2 2 2 2 
2 2 2 2 2 2 
2 2 2 2 2 2 
2 2 2 2 2 
2 2 2 2 
2 2 2 2 
2 2 2 2 2 
2 2 2 2 2 
2 2 2 2 2 
2 2 2 2 2 
2 2 2 2 2 
2 2 2 2 2 
2 2 2 2 2 
2 2 2 2 2 
2 2 2 2 2 
2 2 2 2 
2 2 2 2 
2 2 2 2 
2 2 2 2 2 
2 2 2 2 2 
2 2 2 2 2 
2 2 2 2 2 
2 2 2 2 2 
7 2 2 2 2 2 
2 2 2 2 2 
2 2 2 2 2 
2 2 2 2 2 
7 2 2 2 2 2 2 
7 2 2 2 2 2 2 
7 2 2 2 2 2 2 
7 2 2 2 2 2 
7 2 2 2 2 2 
7 2 2 2 2 2 
2 2 2 2 2 2 2 2 
2 2 2 2 2 2 2 
2 2 2 2 2 2 2 
2 2 2 2 2 2 2 2 
2 2 2 2 2 2 2 2 
2 2 2 2 2 2 2 2 
2 2 2 2 2 2 2 
2 2 2 2 2 2 2 
2 2 2 2 2 2 2 
2 2 2 2 2 2 2 
2 2 2 2 2 2 2 
2 2 2 2 2 2 2 
2 2 2 2 2 2 2 
2 2 2 2 2 2 2 
2 2 2 2 2 2 2 
2 2 2 2 2 2 2 2 
2 2 2 2 2 2 2 
2 2 2 2 2 2 2 
2 2 2 7 2 2 2 2 2 2 
2 2 7 2 2 2 2 2 2 
2 2 7 2 2 2 2 2 2 
2 2 2 2 2 2 2 2 2 
2 2 2 2 2 2 2 2 2 
2 2 2 2 2 2 2 2 2 
2 2 2 2 2 2 2 2 2 
2 2 2 2 2 2 2 2 2 
2 2 2 2 2 2 2 2 2 
2 2 2 2 2 2 2 2 
2 2 2 2 2 2 2 2 
2 2 2 2 2 2 2 2 
2 2 2 2 2 2 2 
2 2 2 2 2 2 
2 2 2 2 2 2 
2 2 2 2 2 2 2 
2 2 2 2 2 2 2 
2 2 2 2 2 2 2 
2 2 2 2 2 2 2 
2 2 2 2 2 2 2 
2 2 2 2 2 2 2 
2 2 2 2 2 2 2 
2 2 2 2 2 2 2 
2 2 2 2 2 2 2 
2 2 2 2 2 2 2 2 
2 2 2 2 2 2 2 2 
2 2 2 2 2 2 2 2 
2 2 2 2 2 2 2 2 2 2 
2 2 2 2 2 2 2 
2 2 2 2 2 2 2 
2 2 2 2 2 2 2 2 
2 2 2 2 2 2 2 2 
2 2 2 2 2 2 2 2 
2 2 2 2 2 2 2 2 
2 2 2 2 2 2 2 2 
2 2 2 2 2 2 2 
2 2 2 2 2 2 2 
2 2 2 2 2 2 2 
2 2 2 2 2 2 2 
2 2 2 2 2 2 
2 2 2 2 2 
2 2 2 2 2 2 
2 2 2 2 2 2 
2 2 2 2 2 
2 2 2 2 2 
2 2 2 2 
2 2 2 2 
2 2 2 2 
2 2 2 2 
2 2 2 2 
2 2 2 2 
2 2 2 2 
2 2 2 2 
2 2 2 2 
2 2 2 2 2 
2 2 2 2 2 
2 2 2 2 2 
2 2 2 2 2 
2 2 2 2 2 
2 2 2 2 2 
2 2 2 2 
2 2 2 2 
2 2 2 2 
2 2 2 
2 2 2 
2 2 2 
2 2 2 
2 2 2 
2 2 2 
2 2 2 
2 2 2 
2 2 2 
2 2 2 2 2 2 2 2 2 
2 2 2 2 2 2 2 
2 2 2 2 2 2 2 
2 2 2 2 2 2 2 2 
2 2 2 2 2 2 2 2 
2 2 2 2 2 2 2 2 
2 2 2 2 2 2 2 2 
2 2 2 2 2 2 2 2 
2 2 2 2 2 2 2 2 
2 2 2 2 2 2 2 2 
2 2 2 2 2 2 2 2 
2 2 2 2 2 2 2 2 
2 2 2 2 2 2 2 2 
2 2 2 2 2 2 2 2 
2 2 2 2 2 2 2 2 
2 2 2 2 2 2 
2 2 2 2 2 2 
2 2 2 2 2 2 
2 2 2 2 2 2 
2 2 2 2 2 2 
2 2 2 2 2 2 
2 2 2 2 2 2 
2 2 2 2 2 2 
2 2 2 2 2 2 
2 2 2 2 2 2 
2 2 2 2 2 2 
2 2 2 2 2 2 
2 2 2 2 2 
2 2 2 2 2 
2 2 2 2 2 
2 2 2 2 2 2 
2 2 2 2 2 2 
2 2 2 2 2 2 
2 2 2 2 2 2 
0 2 2 2 2 2 2 
0 2 2 2 2 2 2 
2 2 2 2 2 2 
2 2 2 2 2 2 
2 2 2 2 2 2 
2 2 2 2 2 2 
2 2 2 2 2 2 
2 2 2 2 2 2 
2 2 2 2 2 2 
2 2 2 2 2 2 
2 2 2 2 2 2 
2 2 2 2 2 2 
2 2 2 2 2 2 
2 2 2 2 2 2 
2 2 2 2 2 2 2 
2 2 2 2 2 2 2 
2 2 2 2 2 2 2 
2 2 2 2 2 2 2 
2 2 2 2 2 2 2 
2 2 2 2 2 2 2 
2 2 2 2 2 2 
2 2 2 2 2 2 
2 2 2 2 2 2 
2 2 2 2 2 2 2 
2 2 2 2 2 2 2 
2 2 2 2 2 2 2 
2 2 2 2 2 2 2 2 
2 2 2 2 2 2 
2 2 2 2 2 2 
2 2 2 2 2 2 
2 2 2 2 2 2 
2 2 2 2 2 2 
2 2 2 2 2 2 2 
2 2 2 2 2 2 2 
2 2 2 2 2 2 2 
2 0 2 2 2 2 2 2 
2 2 2 2 2 2 
2 2 2 2 2 2 
2 2 2 2 2 2 
2 2 2 2 2 2 
2 2 2 2 2 2 
2 2 2 2 2 
2 2 2 2 2 
2 2 2 2 2 
2 2 2 2 2 
2 2 2 2 2 2 
2 2 2 2 2 2 
2 2 7 2 2 2 
2 2 7 2 2 2 
2 2 7 2 2 2 
2 2 2 2 2 
2 2 2 2 2 
2 2 2 2 2 
2 2 2 2 2 
2 2 2 2 2 
2 2 2 2 2 
2 2 2 2 2 2 2 
2 2 2 2 2 2 
2 2 2 2 2 2 
2 2 2 2 2 2 
2 2 2 2 2 2 
2 2 2 2 2 2 
2 2 2 2 2 2 2 
2 2 2 2 2 2 2 
2 2 2 2 2 2 2 
2 2 2 2 2 2 2 
2 2 2 2 2 2 2 
2 2 2 2 2 2 2 
2 2 2 2 2 2 
2 2 2 2 2 2 
2 2 2 2 2 2 
2 2 2 2 
2 2 2 2 
2 2 2 2 
2 2 2 2 
2 2 2 2 
2 2 2 2 
2 2 2 2 
2 2 2 2 
2 2 2 2 
2 2 2 2 
2 2 2 2 
2 2 2 2 
2 2 2 2 
2 2 2 2 
2 2 2 2 
2 2 2 2 
2 2 2 2 
2 2 2 2 
2 2 2 2 
2 2 2 2 
2 2 2 2 
2 2 2 2 
2 2 2 2 
2 2 2 2 
2 2 2 2 
2 2 2 2 
2 2 2 2 
2 2 2 2 
2 2 2 2 
2 2 2 2 
2 2 2 
2 2 2 
2 2 2 
2 2 2 
2 2 2 
2 2 2 
2 2 2 
2 2 2 
2 2 2 
2 2 2 
2 2 2 
2 2 2 
2 2 2 
2 2 2 
2 2 2 
2 2 2 2 
2 2 2 2 
2 2 2 2 
2 2 2 2 
2 2 2 2 
2 2 2 2 
2 2 2 2 
2 2 2 2 
2 2 2 2 
2 2 2 2 
2 2 2 2 
2 2 2 2 
2 2 2 2 
2 2 2 2 
2 2 2 2 
2 2 2 
2 2 2 
2 2 2 
2 2 2 
2 2 2 
2 2 2 
2 2 2 
2 2 2 
2 2 2 
2 2 2 
2 2 2 
2 2 2 
2 2 2 
2 2 2 
2 2 2 
2 2 7 2 
2 2 2 
2 2 2 
2 2 2 
2 2 2 
2 2 2 
2 2 2 
2 2 2 
2 2 2 
2 7 2 2 2 
2 7 2 2 2 
2 7 2 2 2 
2 2 2 2 
2 2 2 2 
2 2 2 2 
2 2 2 2 
7 2 2 2 2 
7 2 2 2 2 
7 2 2 2 2 
7 2 2 2 2 
7 2 2 2 2 
2 2 2 2 
2 2 2 2 
2 2 2 2 
2 2 2 2 2 
2 2 2 2 2 
2 2 2 2 2 
2 2 2 2 
2 2 2 2 
2 2 2 2 
2 2 2 2 2 2 2 2 
2 2 2 2 2 2 2 
2 2 2 2 2 2 2 
2 2 2 2 2 2 2 
2 2 2 2 2 2 2 
2 2 2 2 2 2 2 
2 2 2 2 2 2 2 
2 2 2 2 2 2 2 
2 2 2 2 2 2 2 
2 2 2 2 2 2 2 
2 2 2 2 2 2 2 
2 2 2 2 2 2 2 
2 2 2 2 2 2 2 2 
2 2 2 2 2 2 2 2 
2 2 2 2 2 2 2 2 
2 2 7 2 2 2 2 
7 2 2 2 2 2 2 
7 2 2 2 2 2 2 
2 2 2 2 2 2 
2 2 2 2 2 2 
2 2 2 2 2 2 
7 2 2 2 2 2 2 
7 2 2 2 2 2 2 
2 2 2 2 2 2 
2 2 2 2 2 2 
2 2 2 2 2 2 
2 2 2 2 2 2 
2 2 2 2 2 2 
2 2 2 2 2 2 
2 2 2 2 2 2 
2 2 2 2 2 2 
2 2 2 2 2 2 
2 2 2 2 2 2 
2 7 2 2 2 2 2 
2 2 2 2 2 2 
2 2 2 2 2 2 
2 2 2 2 2 2 
2 2 2 2 2 2 
2 2 2 2 2 2 
2 2 2 2 2 2 
2 2 2 2 2 2 
2 2 2 2 2 2 
2 2 2 2 2 2 
2 2 2 2 2 2 
2 2 2 2 2 2 
2 2 2 2 2 2 2 2 2 
2 2 2 2 2 2 2 2 
2 2 2 2 2 2 2 2 
2 2 2 2 2 2 2 2 
2 2 2 2 2 2 2 2 
2 2 2 2 2 2 2 2 
2 2 2 2 2 2 2 2 
2 2 2 2 2 2 2 2 
2 2 2 2 2 2 2 2 
2 2 2 2 2 2 2 2 
2 2 2 2 2 2 2 2 
2 2 2 2 2 2 2 2 
2 2 2 2 2 2 2 2 
2 2 2 2 2 2 2 2 
2 2 2 2 2 2 2 2 
2 2 2 2 2 2 
2 2 2 2 2 2 
2 2 2 2 2 2 
2 2 2 2 2 2 
2 2 2 2 2 2 
2 2 2 2 2 2 
2 2 2 2 2 2 
2 2 2 2 2 2 
7 2 2 2 2 2 2 
7 2 2 2 2 2 
2 7 2 2 2 2 2 
2 7 2 2 2 2 2 
7 2 2 2 2 2 
7 2 2 2 2 2 
7 2 2 2 2 2 
7 2 2 2 2 2 2 
2 2 2 2 2 2 
2 2 2 2 2 2 
2 2 2 2 2 2 
2 2 2 2 2 2 
2 2 2 2 2 2 
7 2 2 2 2 2 2 
7 2 2 2 2 2 2 
7 2 2 2 2 2 2 
7 2 2 2 2 2 
7 2 2 2 2 2 
7 2 2 2 2 2 
7 2 2 2 2 2 2 
7 2 2 2 2 2 2 
7 2 2 2 2 2 2 
7 2 2 2 2 2 2 
2 7 2 2 2 2 
2 7 2 2 2 2 
7 2 2 2 2 2 2 
2 2 2 2 2 2 
2 2 2 2 2 2 
7 2 2 2 2 2 
7 2 2 2 2 2 
7 2 2 2 2 2 
7 2 2 2 2 2 2 
7 2 2 2 2 2 2 
7 2 2 2 2 2 2 
2 2 2 2 2 2 
2 2 2 2 2 2 
2 2 2 2 2 2 
2 2 2 2 2 2 2 2 2 
7 2 2 2 2 2 2 2 2 
7 2 2 2 2 2 2 2 2 
7 2 2 2 2 2 2 2 2 
7 0 2 2 2 2 2 2 2 2 
0 7 2 2 2 2 2 2 2 2 
7 0 2 2 2 2 2 2 2 
7 0 2 2 2 2 2 2 2 
7 0 2 2 2 2 2 2 2 
0 7 2 2 2 2 2 2 2 
0 7 2 2 2 2 2 2 2 
0 7 2 2 2 2 2 2 2 
0 7 2 2 2 2 2 2 2 
0 7 2 2 2 2 2 2 2 
0 7 2 2 2 2 2 2 2 
7 2 2 2 2 2 2 2 2 
0 2 7 2 2 2 2 2 2 2 
0 7 2 2 2 2 2 2 2 2 
7 2 2 2 2 2 2 2 2 
2 7 2 2 2 2 2 2 2 
2 7 2 2 2 2 2 2 2 
7 2 2 2 2 2 2 2 
7 2 2 2 2 2 2 2 
7 2 2 2 2 2 2 2 
2 7 2 2 2 2 2 2 2 2 
2 7 2 2 2 2 2 2 2 2 
2 7 2 2 2 2 2 2 2 2 
2 2 2 2 2 2 2 2 2 
2 2 2 2 2 2 2 2 2 
2 2 2 2 2 2 2 2 2 
7 2 2 2 2 2 2 
2 2 2 2 2 2 
2 2 2 2 2 2 
2 2 2 2 2 2 
2 2 2 2 2 2 
2 2 2 2 2 2 
2 2 2 2 2 2 
2 2 2 2 2 2 
2 2 2 2 2 2 
2 2 2 2 2 2 
2 2 2 2 2 2 
2 2 2 2 2 2 
2 2 2 2 2 2 
2 2 2 2 2 2 
2 2 2 2 2 2 
2 2 2 2 2 2 
2 2 2 2 2 2 2 
2 2 2 2 2 2 
2 2 2 2 2 2 
2 2 2 2 2 2 
2 2 2 2 2 2 
2 2 2 2 2 2 
2 2 2 2 2 2 
2 2 2 2 2 2 
2 2 2 2 2 2 
2 2 2 2 2 2 
2 2 2 2 2 2 
2 2 2 2 2 2 
2 2 2 2 2 2 
2 2 2 2 2 2 
2 7 2 2 2 2 2 
2 2 2 2 2 2 
2 2 2 2 2 2 
2 2 2 2 2 2 
2 2 2 2 2 2 
2 2 2 2 2 2 
2 2 2 2 2 2 
2 2 2 2 2 2 
2 2 2 2 2 2 
2 2 2 2 2 2 
2 2 2 2 2 2 
2 2 2 2 2 2 
2 2 2 2 2 2 
2 2 2 2 2 2 
2 2 2 2 2 2 
2 2 2 2 2 2 
2 2 2 2 2 2 
2 2 2 2 2 2 
2 2 2 2 2 2 
2 2 2 2 2 2 
2 2 2 2 2 2 
2 2 2 2 2 2 2 
2 2 2 2 2 2 2 
2 2 2 2 2 2 2 
2 2 2 2 2 2 2 
2 2 2 2 2 2 2 
2 2 2 2 2 2 2 
2 2 2 2 2 2 2 2 
2 2 2 2 2 2 2 2 
2 2 2 2 2 2 2 
2 2 2 2 2 2 
2 2 2 2 2 2 2 
2 2 2 2 2 2 2 
2 2 2 2 2 2 
2 2 2 2 2 2 
2 2 2 2 2 2 
2 2 2 2 2 2 
2 2 2 2 2 2 
2 2 2 2 2 2 
7 2 2 2 2 2 
7 2 2 2 2 2 
7 2 2 2 2 2 
7 2 2 2 2 2 2 
7 2 2 2 2 2 2 
7 2 2 2 2 2 2 
2 2 2 2 2 2 2 
2 2 2 2 2 2 
2 2 2 2 2 2 
2 2 2 2 2 2 
2 2 2 2 2 2 
2 2 2 2 2 2 
2 2 2 2 2 2 2 
2 2 2 2 2 2 2 
2 2 2 2 2 2 2 
2 2 2 2 2 2 2 
2 2 2 2 2 2 2 
2 2 2 2 2 2 2 
2 2 2 2 2 2 
2 2 2 2 2 2 
7 2 2 2 2 2 2 
2 2 2 2 2 2 2 2 2 2 2 
2 7 2 2 2 2 2 2 2 2 2 
2 2 7 2 2 2 2 2 2 2 2 2 
2 2 2 2 2 2 2 2 2 
2 2 2 2 2 2 2 2 2 
2 2 2 2 2 2 2 2 2 
2 2 2 2 2 2 2 2 2 
2 2 2 2 2 2 2 2 
2 2 2 2 2 2 2 2 
2 2 2 2 2 2 2 2 
2 2 2 2 2 2 2 2 
2 2 2 2 2 2 2 2 
2 2 2 2 2 2 2 2 2 
2 2 2 2 2 2 2 2 2 
2 2 2 2 2 2 2 2 2 
2 2 2 2 2 2 2 
2 2 2 2 2 2 2 
2 2 2 2 2 2 2 
2 2 2 2 2 2 2 2 
2 2 2 2 2 2 2 2 
2 2 2 2 2 2 2 2 
2 2 2 2 2 2 2 
2 2 2 2 2 2 2 
2 2 2 2 2 2 2 
2 2 2 2 2 2 
2 2 2 2 2 2 
2 2 2 2 2 2 
2 2 2 2 2 2 2 
2 2 2 2 2 2 2 
2 2 2 2 2 2 2 
7 2 2 2 2 2 2 
0 2 2 2 2 2 
0 2 2 2 2 2 
2 2 2 2 2 
2 2 2 2 2 2 
2 2 2 2 2 2 
0 2 2 2 2 2 
0 2 2 2 2 2 
0 2 2 2 2 2 
0 2 2 2 2 2 
0 2 2 2 2 2 
0 2 2 2 2 2 
2 2 0 5 2 2 2 
2 2 0 5 2 2 2 
2 2 0 5 2 2 2 
5 7 2 2 2 2 2 
7 2 2 5 2 2 2 
7 2 2 5 2 2 2 
2 5 2 2 2 2 
2 5 2 2 2 2 
2 5 2 2 2 2 
2 2 2 2 2 
2 2 2 2 2 
2 2 2 2 2 
2 2 2 2 2 
2 2 2 2 2 
2 2 2 2 2 
2 2 2 2 2 
2 2 2 2 2 
2 2 2 2 2 
2 2 2 2 2 
2 2 2 2 2 
2 2 2 2 2 
2 7 2 2 2 2 
2 7 2 2 2 2 
2 7 2 2 2 2 
2 7 2 2 2 2 
2 7 2 2 2 2 
2 7 2 2 2 2 
7 2 2 2 2 
7 2 2 2 2 
7 2 2 2 2 
2 2 2 2 
2 2 2 2 
2 2 2 2 
2 2 2 2 
2 2 2 2 
2 2 2 2 
2 2 2 2 
2 2 2 2 
2 2 2 2 
2 2 2 2 
2 2 2 2 
2 2 2 2 
2 2 2 2 
2 2 2 2 
2 2 2 2 
2 2 2 2 
2 2 2 2 
2 2 2 2 
2 2 2 2 
2 2 2 2 
2 2 2 2 
2 2 2 2 
2 2 2 2 
2 2 2 2 
2 2 2 2 
2 2 2 2 
2 2 2 2 
2 2 2 2 
2 2 2 2 
2 2 2 2 
2 2 2 2 
2 2 2 2 
2 2 2 2 
2 2 2 2 2 
2 2 2 2 2 
2 2 2 2 2 
2 2 2 2 2 
2 2 2 2 2 
2 2 2 2 2 
2 2 2 2 2 
2 2 2 2 2 
2 2 2 2 2 
2 2 2 2 2 
2 2 2 2 2 
2 2 2 2 2 
2 2 2 2 2 
2 2 2 2 2 
2 2 2 2 2 
2 2 2 2 2 
2 2 2 2 2 
2 2 2 2 2 
2 2 2 2 2 
2 2 2 2 2 
2 2 2 2 2 
2 2 2 2 2 
2 2 2 2 2 
2 2 2 2 2 
2 2 2 2 2 
2 2 2 2 2 
2 2 2 2 2 
2 2 2 2 2 
2 2 2 2 2 
2 2 2 2 2 
2 2 2 2 2 
2 2 2 2 2 
2 2 2 2 2 
2 2 2 2 2 
2 2 2 2 2 
2 2 2 2 2 
2 2 2 2 2 
2 2 2 2 2 
2 2 2 2 2 
2 2 2 2 2 
2 2 2 2 2 
2 2 2 2 2 
2 2 2 2 2 
2 2 2 2 2 
2 2 2 2 2 
2 2 2 2 
2 2 2 2 2 
2 2 2 2 2 
2 2 2 2 2 
2 2 2 2 2 
2 2 2 2 2 
2 2 2 2 2 
2 2 2 2 2 
2 2 2 2 2 
2 2 2 2 2 
2 2 2 2 2 
2 2 2 2 2 
2 2 2 2 2 
2 2 2 2 2 
2 2 2 2 2 
2 2 2 2 2 
2 2 2 2 2 
2 2 2 2 2 
2 2 2 2 2 
2 2 2 2 2 
2 2 2 2 2 
2 2 2 2 2 
2 2 2 2 2 
2 2 2 2 2 
2 2 2 2 2 
2 2 2 2 2 
2 2 2 2 2 
2 2 2 2 2 
2 2 2 2 2 
2 2 2 2 2 
2 2 2 2 
2 2 2 2 
2 2 2 2 
2 2 2 2 
2 2 2 2 
2 2 2 2 
2 2 2 2 
2 2 2 2 
2 2 2 2 
2 2 2 2 
2 2 2 2 
2 2 2 2 
2 2 2 2 
2 2 2 2 
2 2 2 2 
2 2 2 2 
2 2 2 2 
2 2 2 2 
2 2 2 2 
2 2 2 2 
2 2 2 2 
2 2 2 2 
2 2 2 2 
2 2 2 2 
2 2 2 2 
2 2 2 2 
2 2 2 2 
2 2 2 2 
2 2 2 2 
2 2 2 2 
2 2 2 2 2 
2 2 2 2 2 
2 2 2 2 2 
2 2 2 2 2 
2 2 2 2 2 
2 2 2 2 2 
2 2 2 2 2 
2 2 2 2 2 
2 2 2 2 2 
2 2 2 2 
2 2 2 2 
2 2 2 2 
2 2 2 2 
2 2 2 2 
2 2 2 2 
2 2 
2 2 2 
2 2 2 
2 2 2 
2 2 2 
2 2 2 
2 2 2 
2 2 2 
2 2 2 
2 2 2 
2 2 2 
2 2 2 
2 2 2 
2 2 2 
2 2 2 
2 2 2 2 2 
2 2 2 2 2 2 
2 2 2 2 2 2 
2 2 2 2 2 2 
2 2 2 2 2 2 
2 2 2 2 2 2 
2 2 2 2 2 2 
2 2 2 2 2 2 
2 2 2 2 2 2 
2 2 2 2 2 2 
2 2 2 2 2 2 
2 2 2 2 2 2 
2 2 2 2 2 2 
2 2 2 2 2 2 
2 2 2 2 2 2 
2 2 2 2 2 2 
0 2 2 2 2 2 2 
0 2 2 2 2 2 2 
0 2 2 2 2 2 2 
0 2 2 2 2 2 2 
0 2 2 2 2 2 2 
0 2 2 2 2 2 2 
0 2 2 2 2 2 2 
0 2 2 2 2 2 2 
0 2 2 2 2 2 2 
0 2 2 2 2 2 2 
0 2 2 2 2 2 2 
2 2 2 2 2 2 
2 2 2 2 2 2 
2 2 2 2 2 2 
2 2 2 2 
2 2 2 2 
2 2 2 2 
2 2 2 2 
2 2 2 2 
2 2 2 2 
2 2 2 2 
2 2 2 2 
2 2 2 2 
2 2 2 2 
2 2 2 2 
2 2 2 2 
2 2 2 2 
2 2 2 2 
2 2 2 2 
2 2 2 2 
2 2 2 2 
2 2 2 2 
2 2 2 2 
2 2 2 2 
2 2 2 2 
2 2 2 2 2 
2 2 2 2 
2 2 2 2 
2 2 2 2 2 
2 2 2 2 2 
2 2 2 2 2 
2 2 2 2 
2 2 2 2 
2 2 2 2 
2 2 2 2 
2 2 2 2 
2 2 2 2 
2 2 2 2 
2 2 2 2 2 
2 2 2 2 2 
2 2 2 2 
2 2 2 2 
2 2 2 2 
2 2 2 2 
2 2 2 2 
2 2 2 2 
2 2 2 2 
2 2 2 2 
2 2 2 2 
2 2 2 
2 2 2 
2 2 2 
2 2 2 
2 2 2 
2 2 2 
2 2 2 
2 2 2 
2 2 2 
2 2 2 
2 2 2 
2 2 2 
2 2 2 
2 2 2 
2 2 2 
2 2 2 
2 2 2 
2 2 2 
2 2 2 
2 2 2 
2 2 2 
2 2 2 
2 2 2 
2 2 2 
2 2 2 
2 2 2 
2 2 2 
2 2 2 
2 2 2 
2 2 2 
2 2 2 
2 2 2 
2 2 2 
2 2 2 
2 2 2 
2 2 2 
2 2 2 
2 2 2 
2 2 2 
2 2 2 
2 2 2 
2 2 2 
2 2 2 
2 2 2 
2 2 2 
2 2 2 2 2 2 
2 2 2 2 2 2 
2 2 2 2 2 2 
2 2 2 2 2 2 
2 2 2 2 2 2 
2 2 2 2 2 2 
2 2 2 2 2 2 
2 2 2 2 2 2 
2 2 2 2 2 2 
2 2 2 2 2 2 
2 2 2 2 2 2 
2 2 2 2 2 2 
2 2 2 2 2 2 
2 2 2 2 2 2 
2 2 2 2 2 2 
2 2 2 2 2 
2 2 2 2 2 2 
2 2 2 2 2 2 
0 2 2 2 2 2 2 
0 2 2 2 2 2 2 
0 2 2 2 2 2 2 
0 2 2 2 2 2 2 
0 2 2 2 2 2 2 
0 2 2 2 2 2 2 
2 0 2 2 2 2 2 
2 0 2 2 2 2 2 
2 0 2 2 2 2 2 
2 0 2 2 2 2 2 
2 0 2 2 2 2 2 
2 0 2 2 2 2 2 
2 2 2 2 
2 2 2 2 2 2 
2 2 2 2 2 2 
2 2 2 2 2 
2 2 2 2 2 2 
2 2 2 2 2 2 
2 2 2 2 2 
2 2 2 2 2 
2 2 2 2 2 
2 2 2 2 2 
2 2 2 2 2 
2 2 2 2 2 
2 2 2 2 2 
2 2 2 2 2 
2 2 2 2 2 
2 2 2 2 2 
2 2 2 2 2 
2 2 2 2 2 
2 2 2 2 2 
2 2 2 2 2 
2 2 2 2 2 
2 2 2 2 2 
2 2 2 2 2 
2 2 2 2 2 
2 2 2 2 2 
2 2 2 2 2 
2 2 2 2 2 
2 2 2 2 2 
2 2 2 2 2 
2 2 2 2 2 
2 2 2 2 2 
2 2 2 2 2 
2 2 2 2 2 
2 2 2 2 2 
2 2 2 2 2 
2 2 2 2 2 
0 2 2 2 2 2 
0 2 2 2 2 2 
0 2 2 2 2 2 
0 2 2 2 2 2 
0 2 2 2 2 2 
0 2 2 2 2 2 
0 2 2 2 2 2 
0 2 2 2 2 2 
0 2 2 2 2 2 
2 2 
2 2 2 
2 2 2 
2 2 2 
2 2 2 
2 2 2 
2 2 2 2 
2 2 2 2 
2 2 2 2 
2 2 2 2 
2 2 2 2 
2 2 2 2 
2 2 2 
2 2 2 
2 2 2 
2 2 2 2 
2 0 2 2 2 2 2 
2 0 2 2 2 2 2 
0 2 2 2 2 2 
2 2 2 2 2 
2 2 2 2 2 
2 2 2 2 2 
2 2 2 2 2 
0 2 2 2 2 2 
0 2 2 2 2 2 
0 2 2 2 2 2 
0 2 2 2 2 2 
0 2 2 2 2 2 2 
0 2 2 2 2 2 2 
0 2 2 2 2 2 2 
2 2 2 
2 2 2 2 
2 2 2 2 
2 2 2 
2 2 2 
2 2 2 
2 2 2 
2 2 2 
2 2 2 
2 2 2 
2 2 2 
2 2 2 
2 2 2 2 
2 2 2 2 
2 2 2 2 
2 2 2 2 2 2 
2 2 2 2 2 2 2 
2 2 2 2 2 2 2 
0 2 2 2 2 2 2 2 
0 2 2 2 2 2 2 2 
0 2 2 2 2 2 2 2 
2 0 2 2 2 2 2 2 
2 0 2 2 2 2 2 2 
2 0 2 2 2 2 2 2 
2 0 2 2 2 2 2 2 
0 2 2 2 2 2 2 2 
0 2 2 2 2 2 2 2 
2 0 2 2 2 2 2 2 
2 0 2 2 2 2 2 2 
2 0 2 2 2 2 2 2 
2 2 2 2 2 2 2 2 
2 0 2 2 2 2 2 2 
0 2 2 2 2 2 2 2 
2 0 2 2 2 2 2 2 2 
2 0 2 2 2 2 2 2 2 
2 0 2 2 2 2 2 2 2 
2 2 0 2 2 2 2 2 2 
2 2 0 2 2 2 2 2 2 
2 2 0 2 2 2 2 2 2 
2 2 0 2 2 2 2 2 2 
2 2 0 2 2 2 2 2 2 
2 2 0 2 2 2 2 2 2 
2 0 2 2 2 2 2 2 2 
2 0 2 2 2 2 2 2 2 
2 0 2 2 2 2 2 2 2 
2 2 2 2 2 2 2 
2 0 2 2 2 2 2 2 2 
2 0 2 2 2 2 2 2 2 
0 2 2 2 2 2 2 2 2 
2 0 2 2 2 2 2 2 2 
2 0 2 2 2 2 2 2 2 
2 2 0 2 2 2 2 2 2 2 
2 2 0 2 2 2 2 2 2 2 
2 2 0 2 2 2 2 2 2 2 
2 2 0 2 2 2 2 2 2 2 
2 2 0 2 2 2 2 2 2 2 
2 2 0 2 2 2 2 2 2 2 
2 2 0 2 2 2 2 2 2 2 
2 2 0 2 2 2 2 2 2 2 
2 2 0 2 2 2 2 2 2 2 
2 2 2 7 2 2 
2 2 2 2 2 2 
2 0 2 2 2 2 2 
0 2 2 2 2 2 2 
0 2 2 2 2 2 2 
0 2 2 2 2 2 2 
2 2 0 2 2 2 2 
2 2 0 2 2 2 2 
0 2 2 2 2 2 
0 2 2 2 2 2 
0 2 2 2 2 2 
0 2 2 2 2 2 
2 0 2 2 2 2 2 
2 0 2 2 2 2 2 
2 0 2 2 2 2 2 
2 2 2 2 2 2 2 
0 2 2 2 2 2 2 2 2 
2 2 2 2 2 2 2 2 
2 2 2 2 2 2 2 2 
2 2 2 2 2 2 2 2 
2 2 2 2 2 2 2 2 
2 7 2 2 2 2 2 2 2 
2 7 2 2 2 2 2 2 2 
2 0 7 2 2 2 2 2 2 2 
2 0 2 2 2 2 2 2 2 
2 0 2 2 2 2 2 2 2 
2 0 2 2 2 2 2 2 2 
2 0 7 2 2 2 2 2 2 2 
2 0 7 2 2 2 2 2 2 2 
2 0 7 2 2 2 2 2 2 2 
2 2 7 2 2 
2 2 0 7 2 2 2 2 
2 2 0 2 2 2 2 
2 2 0 2 7 2 2 
2 2 0 2 7 2 2 
2 2 0 2 7 2 2 
2 2 0 2 7 2 2 2 
2 2 0 2 7 2 2 2 
2 2 0 7 2 2 2 2 
0 2 2 2 7 2 2 
0 2 2 2 7 2 2 
0 2 2 2 7 2 2 
2 2 2 7 2 2 
2 2 2 7 2 2 
2 2 2 7 2 2 
2 2 7 2 2 2 2 
2 2 2 2 7 2 2 2 2 
0 2 2 2 2 7 2 2 2 2 
0 2 2 2 7 2 2 2 2 
0 2 2 2 7 2 2 2 2 
0 2 2 2 7 2 2 2 2 
0 2 2 2 7 2 2 2 2 
0 2 2 2 7 2 2 2 2 
0 2 2 2 7 2 2 2 2 
0 2 2 2 7 2 2 2 2 
0 2 2 2 7 2 2 2 2 
0 2 2 2 7 2 2 2 2 
0 2 2 2 7 2 2 2 2 
0 2 2 2 7 2 2 2 2 
0 2 2 2 7 2 2 2 2 
2 2 2 2 2 2 7 2 2 
0 2 2 7 2 2 2 2 2 
0 2 2 7 2 2 2 2 2 
0 2 7 2 2 2 2 2 2 
0 2 2 7 2 2 2 2 2 
0 2 2 7 2 2 2 2 2 
2 2 2 7 2 2 2 2 
2 2 2 7 2 2 2 2 
2 2 2 7 2 2 2 2 
2 2 2 7 2 2 2 2 
2 2 2 7 2 2 2 2 
2 2 2 7 2 2 2 2 
2 2 2 7 2 2 2 2 
2 2 2 7 2 2 2 2 
2 2 2 7 2 2 2 2 
2 2 2 7 2 2 2 
2 2 2 2 7 2 2 2 
2 2 2 7 2 2 2 
2 2 2 7 2 2 2 2 
2 2 2 7 2 2 2 2 
2 2 2 7 2 2 2 2 
2 2 2 7 2 2 2 2 
2 2 2 7 2 2 2 2 
2 2 2 7 2 2 2 2 
2 2 2 7 2 2 2 2 
2 2 2 7 2 2 2 2 
2 2 2 7 2 2 2 2 
2 2 2 2 7 2 2 2 
2 2 2 2 7 2 2 2 
2 2 2 2 7 2 2 2 
2 2 2 7 2 2 2 
2 0 2 2 2 7 2 2 2 
2 0 2 2 2 7 2 2 2 
0 2 7 2 2 2 7 2 2 2 
0 0 2 7 2 2 2 7 2 2 2 
0 0 2 7 2 2 2 7 2 2 2 
2 0 2 7 2 2 7 2 2 2 
2 7 0 2 2 2 7 2 2 2 
2 0 7 2 2 2 7 2 2 2 
2 2 7 0 2 2 2 7 2 2 
2 2 7 0 2 2 2 7 2 2 
2 2 7 0 2 2 2 7 2 2 
2 0 2 2 7 2 2 2 
2 0 2 2 7 2 2 2 
2 0 2 2 7 2 2 2 
2 2 7 2 2 2 
2 0 2 2 7 2 2 2 
2 0 2 2 7 2 2 2 
2 0 2 2 7 2 2 2 
2 0 2 2 7 2 2 2 
2 0 2 2 7 2 2 2 
2 0 2 2 7 2 2 2 
2 0 2 2 7 2 2 2 
2 0 2 2 7 2 2 2 
2 0 2 7 2 2 2 2 
2 0 2 7 2 2 2 2 
2 0 2 7 2 2 2 2 
2 0 2 7 2 2 2 2 
2 0 2 7 2 2 2 2 
2 0 2 7 2 2 2 2 
7 2 2 2 2 2 
0 2 7 2 2 2 2 2 
2 0 7 2 2 2 2 2 
2 0 7 2 2 2 2 2 
2 0 7 2 2 2 2 2 
2 0 7 2 2 2 2 2 
0 2 2 2 7 2 2 2 
0 2 2 2 7 2 2 2 
0 2 2 2 7 2 2 2 
0 2 2 2 7 2 2 2 
0 2 2 2 7 2 2 2 
0 2 2 2 7 2 2 2 
0 2 2 2 7 2 2 2 
0 2 2 2 7 2 2 2 
0 2 2 2 7 2 2 2 
2 2 7 2 2 2 2 
2 2 2 2 2 7 2 2 
2 2 2 2 7 2 2 
2 2 2 2 7 2 2 2 
2 2 2 2 7 2 2 2 
2 2 2 2 7 2 2 2 
2 2 2 2 7 2 2 2 
2 2 2 2 7 2 2 2 
2 2 2 2 7 2 2 2 
2 2 2 2 7 2 2 2 
2 2 2 2 7 2 2 2 
2 2 2 2 7 2 2 2 
2 2 2 2 7 2 2 2 
2 2 2 2 7 2 2 2 
2 2 2 2 7 2 2 2 
2 2 2 7 2 2 2 
2 0 2 2 2 7 2 2 2 
2 0 2 2 2 7 2 2 2 
2 0 2 2 2 7 2 2 2 
2 2 0 2 2 7 2 2 2 
2 2 0 2 2 7 2 2 2 
2 0 2 2 7 2 2 2 
2 0 2 2 7 2 2 2 
2 2 0 2 2 7 2 2 2 
2 0 2 2 2 7 2 2 2 
2 0 2 2 2 7 2 2 2 
2 0 2 2 2 7 2 2 2 
2 0 0 2 2 2 7 2 2 2 
2 0 0 2 2 2 7 2 2 2 
2 0 0 2 2 2 7 2 2 2 
2 7 2 2 2 7 2 2 
2 2 2 2 2 7 2 
2 2 2 2 7 2 2 
2 2 2 2 7 2 2 
0 2 2 2 2 7 2 2 
0 2 2 2 2 7 2 2 
0 2 2 2 2 2 2 7 2 
0 2 2 2 2 2 2 7 2 
0 2 2 2 2 2 2 7 2 
0 2 2 2 2 2 7 2 
0 2 2 2 2 2 7 2 
0 2 2 2 2 2 7 2 
0 2 2 2 7 2 2 2 2 
0 2 2 2 7 2 2 2 2 
0 2 2 2 7 2 2 2 2 
2 2 7 2 2 2 2 2 
2 0 7 2 2 2 2 2 2 
2 0 7 2 2 2 2 2 2 
0 2 2 2 7 2 2 2 2 
0 2 2 2 7 2 2 2 2 
0 2 2 2 7 2 2 2 2 
0 2 7 2 2 2 2 2 2 
0 2 7 2 2 2 2 2 2 
0 2 7 2 2 2 2 2 2 
2 2 2 7 2 2 2 2 
2 2 7 2 2 2 2 2 
2 2 7 2 2 2 2 2 
0 2 7 2 2 2 2 2 2 
0 2 7 2 2 2 2 2 2 
0 2 7 2 2 2 2 2 2 
2 7 2 7 2 2 2 2 2 
2 7 2 2 2 2 2 2 
2 7 2 2 2 2 2 2 
2 2 7 2 2 2 2 2 
2 2 7 2 2 2 2 2 
2 2 7 2 2 2 2 2 
2 2 2 2 2 2 2 
2 2 2 2 2 2 2 
2 2 2 2 2 2 2 
2 7 2 2 2 2 2 2 
2 2 7 2 2 2 2 2 2 
2 2 7 2 2 2 2 2 2 
2 2 2 2 7 2 2 2 2 
2 2 2 2 7 2 2 2 2 
2 2 2 2 7 2 2 2 2 
2 2 2 2 7 2 2 2 2 
2 2 2 7 2 2 2 2 
2 2 2 2 7 2 2 2 
2 2 2 7 2 2 2 2 
2 2 2 7 2 2 2 2 
2 2 2 7 2 2 2 2 
2 2 2 7 2 2 2 2 
2 2 2 7 2 2 2 2 
2 2 2 7 2 2 2 2 
2 2 2 2 7 2 2 2 2 
2 2 2 2 7 2 2 2 2 
2 2 2 2 7 2 2 2 2 
2 2 7 2 2 2 2 
2 2 7 2 2 2 2 
2 2 7 2 2 2 2 
0 2 2 2 7 2 2 2 2 2 
2 2 2 2 7 2 2 2 2 
2 2 2 2 7 2 2 2 2 
2 2 2 7 2 2 2 2 2 
2 2 2 7 2 2 2 2 2 
2 2 2 7 2 2 2 2 2 
0 2 2 7 2 2 2 2 
0 2 2 7 2 2 2 2 
2 2 7 2 2 2 2 
2 2 2 7 2 2 2 
2 2 2 7 2 2 2 
2 2 2 7 2 2 2 
2 2 7 2 2 2 2 
2 2 7 2 2 2 2 
2 2 7 2 2 2 2 
2 7 2 2 2 2 2 2 
2 2 7 2 2 2 2 2 2 
2 2 7 2 2 2 2 2 2 
2 2 7 2 2 2 2 2 2 
2 2 7 2 2 2 2 2 2 
2 2 7 2 2 2 2 2 2 
2 0 7 2 2 2 2 2 2 2 
2 0 7 2 2 2 2 2 2 2 
2 0 7 2 2 2 2 2 2 2 
2 2 0 7 2 2 2 2 2 2 
2 2 7 0 2 2 2 2 2 2 
2 2 7 0 2 2 2 2 2 2 
0 2 0 2 2 2 2 2 2 
0 2 0 2 2 2 2 2 2 
0 2 0 2 2 2 2 2 2 
0 2 2 2 2 2 
0 2 0 2 2 2 2 
0 2 0 2 2 2 2 
0 2 2 2 2 2 
0 2 2 2 2 2 
0 2 2 2 2 2 
7 2 2 2 2 
2 2 2 2 
2 2 2 2 
0 2 2 2 2 
0 2 2 2 2 
0 2 2 2 2 
2 2 2 2 
2 2 2 2 
2 2 2 2 
2 2 2 2 
2 2 2 2 
2 2 2 2 
2 7 2 2 2 
7 2 2 2 2 
7 2 2 2 2 
2 2 2 2 
2 2 2 2 
2 2 2 2 
2 2 2 2 
2 2 2 2 
2 2 2 2 
2 2 2 2 
2 2 2 2 
2 2 2 2 
2 2 2 2 2 
2 2 2 2 
2 2 2 2 
2 2 2 2 
2 2 2 2 
2 2 2 2 
2 2 2 2 
2 2 2 2 
2 2 2 2 
2 2 2 2 
2 2 2 2 
2 2 2 2 
2 2 2 2 
2 2 2 2 
2 2 2 2 
2 2 2 2 2 
2 2 2 2 
2 2 2 2 
2 2 2 
2 2 2 
2 2 2 
2 2 2 
2 2 2 
2 2 2 
2 2 2 2 
2 2 2 2 
2 2 2 2 
2 2 2 2 
2 2 2 2 
2 2 2 
2 2 2 2 
2 2 2 2 2 
2 2 2 2 2 
2 2 2 2 2 
2 2 2 2 2 
2 2 2 2 2 
2 2 2 2 2 
2 2 2 2 2 
2 2 2 2 2 
2 2 2 2 2 
2 2 2 2 2 
2 2 2 2 2 
2 2 2 2 2 
2 2 2 2 2 
2 2 2 2 2 
2 2 2 2 2 2 2 2 2 
2 2 2 2 2 2 2 2 2 
2 2 2 2 2 2 2 2 2 
2 2 2 2 2 2 2 2 2 
2 2 2 2 2 2 2 2 2 
2 2 2 2 2 2 2 2 2 
2 2 2 2 2 2 2 2 2 
2 2 2 2 2 2 2 2 2 
2 2 2 2 2 2 2 2 
2 2 2 2 2 2 2 2 
2 2 2 2 2 2 2 2 
2 2 2 2 2 2 2 2 
2 2 2 2 2 2 2 
2 2 2 2 2 2 2 
2 2 2 2 2 2 2 
2 2 2 2 2 2 2 
2 2 2 2 2 2 2 2 
2 2 2 2 2 2 2 2 
2 2 2 2 2 2 2 2 
2 2 2 2 2 2 2 2 2 
2 2 2 2 2 2 2 2 2 
2 2 2 2 2 2 2 2 
2 2 2 2 2 2 2 2 
2 2 2 2 2 2 2 2 
2 2 2 2 2 2 2 2 2 
2 2 2 2 2 2 2 2 2 
2 2 2 2 2 2 2 2 2 
2 2 2 2 2 2 2 2 2 
2 2 2 2 2 2 2 2 2 
2 2 2 2 2 2 2 2 2 
2 2 2 2 2 2 2 
2 2 2 2 2 2 2 2 
2 2 2 2 2 2 2 2 
2 2 2 2 2 2 2 2 
2 2 2 2 2 2 2 
2 2 2 2 2 2 2 
2 2 2 2 2 2 2 
2 2 2 2 2 2 2 
2 2 2 2 2 2 2 
2 2 2 2 2 2 2 
2 2 2 2 2 2 2 
2 2 2 2 2 2 2 
2 2 2 2 2 2 2 
2 2 2 2 2 2 2 
2 2 2 2 2 2 2 
2 2 2 2 
2 2 2 2 2 
2 2 2 2 2 
2 2 2 2 2 
2 2 2 2 2 
2 2 2 2 2 
2 2 2 2 2 
2 2 2 2 2 
2 2 2 2 2 
2 2 2 2 2 
2 2 2 2 2 
2 2 2 2 2 
2 2 2 2 2 
2 2 2 2 2 
2 2 2 2 2 
2 2 2 2 
2 2 2 2 2 
2 2 2 2 2 
2 2 2 2 2 
2 2 2 2 2 
2 2 2 2 2 
2 2 2 2 2 
2 2 2 2 2 
2 2 2 2 2 
2 2 2 7 2 2 
2 2 2 7 2 2 
2 2 2 7 2 2 
2 2 2 2 2 
2 2 2 2 2 
2 2 2 2 2 
2 2 2 2 2 
2 7 2 2 2 2 
2 7 2 2 2 2 
2 2 2 2 2 
2 2 2 2 2 
2 2 2 2 2 
2 2 2 2 2 
2 2 2 2 2 
2 2 2 2 2 
2 2 7 2 2 2 
2 2 7 2 2 2 
2 2 7 2 2 2 
2 2 2 2 2 
2 2 2 2 2 
2 2 2 2 2 
2 2 2 2 2 2 
2 2 2 2 2 2 2 
2 2 2 2 2 2 2 
2 2 2 2 2 2 2 
2 2 2 2 2 2 2 
2 2 2 2 2 2 2 
2 2 2 2 2 2 2 
2 2 2 2 2 2 2 
2 2 2 2 2 2 2 
2 2 2 2 2 2 2 
2 2 2 2 2 2 2 
2 2 2 2 2 2 2 
2 2 2 2 2 2 2 
2 2 2 2 2 2 2 
2 2 2 2 2 2 2 
2 2 2 
2 2 2 2 
2 2 2 2 
2 2 2 2 
0 2 2 2 2 
0 2 2 2 2 
0 2 2 2 2 
0 2 2 2 2 
0 2 2 2 2 
0 2 2 2 2 
0 2 2 2 2 
0 2 2 2 2 
2 2 2 2 
2 2 2 2 
2 2 2 2 
2 2 2 2 2 
2 2 2 2 
2 2 2 2 
2 2 2 2 
2 2 2 2 2 
2 2 2 2 2 
2 2 2 2 2 
2 2 2 2 2 
2 2 2 2 
2 2 2 2 
2 2 2 2 
2 2 2 2 
2 2 2 2 2 
2 2 2 2 2 
2 2 2 2 2 
2 2 2 2 
2 2 2 2 
2 2 2 2 
2 2 2 2 
2 2 2 2 
2 2 2 2 
2 2 2 2 
2 2 2 2 
2 2 2 2 
2 2 2 2 
2 2 2 2 
2 2 2 2 
2 2 2 2 
2 2 2 2 
2 2 2 2 
2 2 2 
2 2 2 
2 2 2 
2 2 2 
2 2 2 
2 2 2 
2 2 2 
2 2 2 
2 2 2 
2 2 2 
2 2 2 
2 2 2 
2 2 2 
2 2 2 
2 2 2 
2 2 2 
2 2 2 
2 2 2 
2 2 2 
2 2 2 
2 2 2 
2 2 2 
2 2 2 
2 2 2 
2 2 2 
2 2 2 
2 2 2 
2 2 2 
2 2 2 
2 2 2 
2 2 2 
2 2 2 
2 2 2 
2 2 2 
2 2 2 
2 2 2 
2 2 2 
2 2 2 
2 2 2 
2 2 2 
2 2 2 
2 2 2 
2 2 2 
2 2 2 
2 2 2 
2 2 2 
2 2 2 
2 2 2 
2 2 2 
2 2 2 
2 2 2 
2 2 2 
2 2 2 
2 2 2 
2 2 2 
2 2 2 
2 2 2 
2 2 2 
2 2 2 
2 2 2 
2 2 2 2 2 2 
2 2 2 2 2 2 
2 2 2 2 2 2 
2 2 2 2 2 2 
2 2 2 2 2 2 
2 2 2 2 2 2 
2 2 2 2 2 2 
2 2 2 2 2 2 
2 2 2 2 2 2 
2 2 2 2 2 2 
2 2 2 2 2 2 
2 2 2 2 2 2 
2 2 2 2 2 2 
2 2 2 2 2 2 
2 2 2 2 2 2 
2 2 2 2 2 
2 2 2 
2 2 2 
2 2 2 2 
2 2 2 2 
2 2 2 2 
2 2 2 
2 2 2 
2 2 2 
2 2 2 2 
2 2 2 2 
2 2 2 2 
2 2 2 2 
2 2 2 2 
2 2 2 2 
2 2 2 2 
2 2 2 2 
2 2 2 2 
2 2 2 2 
2 2 2 2 
2 2 2 2 
2 2 2 2 
2 2 2 2 
2 2 2 2 
2 2 2 2 
2 2 2 2 
2 2 2 2 
2 2 2 2 
2 2 2 2 
2 2 2 2 
2 2 2 2 
2 2 2 2 
2 2 2 2 
2 2 2 2 
2 2 2 2 
2 2 2 2 
2 2 2 2 
2 2 2 2 
2 2 2 2 
2 2 2 2 
2 2 2 2 
2 2 2 2 
2 2 2 2 
2 2 2 2 
2 2 2 2 
2 2 2 2 
2 2 2 2 
2 2 2 2 
2 2 2 2 
2 2 2 2 
2 2 2 2 
2 2 2 2 
2 2 2 2 
2 2 2 2 
2 2 2 2 
2 2 2 2 2 
2 2 2 2 2 
7 2 2 2 2 2 
7 2 2 2 2 2 
7 2 2 2 2 2 
2 2 2 2 
2 2 2 2 
2 2 2 2 
2 2 2 2 
2 2 2 2 
2 2 2 2 
2 2 2 2 
2 2 2 2 
2 2 2 2 
7 2 2 2 
7 2 2 2 
7 2 2 2 
2 2 2 
2 2 2 
2 2 2 
2 2 2 2 
7 2 2 2 
7 2 2 2 
7 2 2 2 
7 2 2 2 
7 2 2 2 
2 2 2 
2 2 2 
2 2 2 
2 2 2 
2 2 2 
2 2 2 
2 2 2 
2 2 2 
2 2 2 
2 2 2 2 
2 2 2 2 
2 2 2 2 
2 2 2 2 
2 2 2 2 
2 2 2 2 
2 2 2 2 
2 2 2 2 
2 2 2 2 
7 2 2 2 
7 2 2 2 
7 2 2 2 
2 2 2 2 
2 2 2 2 
2 2 2 2 
2 2 2 2 2 2 
2 2 2 2 2 2 
2 2 2 2 2 2 
2 2 2 2 2 2 
2 2 2 2 2 2 
2 2 2 2 2 2 
2 2 2 2 2 2 
2 2 2 2 2 2 
2 2 2 2 2 2 
2 2 2 2 2 2 
2 2 2 2 2 2 
2 2 2 2 2 2 
2 2 2 2 2 2 
2 2 2 2 2 2 
2 2 2 2 2 2 
2 2 2 2 
2 2 2 2 
2 2 2 
2 7 2 2 
2 7 2 2 
2 7 2 2 
7 2 2 2 
7 2 2 2 
7 2 2 2 
2 7 2 2 
7 2 2 2 
7 2 2 2 
2 2 2 
2 2 2 
2 2 2 
2 2 2 2 
2 2 2 
2 2 2 
2 2 2 
2 2 2 
2 2 2 
2 2 2 
2 2 2 
2 2 2 
2 2 2 
2 2 2 
2 2 2 
7 2 2 2 
7 2 2 2 
7 2 2 2 
2 2 2 2 
2 2 2 
2 2 2 
2 2 2 
2 2 2 
2 2 2 
2 2 2 
2 2 2 
2 2 2 
2 2 2 2 
2 2 2 2 
2 2 2 2 
2 2 2 2 
2 2 2 2 
2 2 2 2 
2 2 2 2 
2 2 2 
2 2 2 
2 2 2 2 
2 2 2 2 
2 2 2 2 
2 2 2 
2 2 2 
2 2 2 
2 2 2 
2 2 2 
2 2 2 
2 2 2 2 
2 2 2 2 
2 2 2 2 
7 2 2 2 2 
2 2 2 2 
2 2 2 2 
2 2 2 2 
2 2 2 2 
2 2 2 2 
7 2 2 2 2 
7 2 2 2 2 
7 2 2 2 2 
2 2 2 2 
2 2 2 2 
2 2 2 2 
2 2 2 2 
2 2 2 2 
2 2 2 2 
2 2 2 2 2 
2 2 2 2 
2 2 2 2 
7 2 2 2 2 
7 2 2 2 2 
7 2 2 2 2 
2 2 2 2 2 
2 2 2 2 2 
2 2 2 2 2 
2 7 2 2 2 2 
2 7 2 2 2 2 
2 7 2 2 2 2 
2 2 2 2 2 
2 2 2 2 2 
2 2 2 2 2 
2 2 2 2 2 2 2 
2 2 2 2 2 2 2 
2 2 2 2 2 2 
7 2 2 2 2 2 
2 2 2 2 2 2 
2 2 2 2 2 2 
2 7 2 2 2 2 2 
2 7 2 2 2 2 2 
2 7 2 2 2 2 2 
7 2 2 2 2 2 
7 2 2 2 2 2 
7 2 2 2 2 2 
2 2 2 2 2 
2 2 2 2 2 
2 2 2 2 2 
2 2 2 2 2 2 2 2 2 2 
7 2 2 2 2 2 2 2 2 
7 2 2 2 2 2 2 2 2 
2 2 2 2 2 2 2 2 
2 2 2 2 2 2 2 2 
2 2 2 2 2 2 2 2 
2 2 2 2 2 2 2 2 2 
2 2 2 2 2 2 2 2 2 
2 2 2 2 2 2 2 2 2 2 
2 2 2 2 2 2 2 2 2 
2 2 2 2 2 2 2 2 2 
2 2 2 2 2 2 2 2 2 
2 2 2 2 2 2 2 2 2 
2 2 2 2 2 2 2 2 2 
2 2 2 2 2 2 2 2 2 
2 2 2 2 2 
2 2 2 2 2 
2 2 2 2 2 
2 2 2 2 2 
2 2 2 2 2 
2 2 2 2 2 
2 2 2 2 2 
2 2 2 2 2 
2 2 2 2 2 
2 2 2 2 2 
2 2 2 2 2 
2 2 2 2 2 
2 2 2 2 2 
2 2 2 2 2 
2 2 2 2 2 
2 2 2 2 2 2 2 2 2 
2 2 2 2 2 2 2 2 2 
2 2 2 2 2 2 2 2 2 
2 2 2 2 2 2 2 2 
2 2 2 2 2 2 2 2 
2 2 2 2 2 2 2 2 
2 2 2 2 2 2 2 2 2 2 
2 2 2 2 2 2 2 2 2 2 
2 2 2 2 2 2 2 2 2 2 
2 2 2 2 2 2 2 2 
2 2 2 2 2 2 2 2 
2 2 2 2 2 2 2 2 
2 2 2 2 2 2 2 2 
2 2 2 2 2 2 2 2 
2 2 2 2 2 2 2 2 
2 2 2 2 2 
2 2 2 2 2 
2 2 2 2 2 
2 2 2 2 2 
2 2 2 2 2 
2 2 2 2 2 
2 2 2 2 2 
2 2 2 2 2 
2 2 2 2 2 
2 2 2 2 2 2 
2 2 2 2 2 2 
2 2 2 2 2 2 
2 2 2 2 2 2 
2 2 2 2 2 2 
2 2 2 2 2 2 
2 2 2 2 2 
2 2 2 2 2 
2 2 2 2 2 
2 2 2 2 2 
2 2 2 2 2 
2 2 2 2 2 
2 2 2 2 
2 2 2 2 
2 2 2 2 
2 2 2 2 
2 2 2 2 
2 2 2 2 
2 2 2 2 
2 2 2 2 
2 2 2 2 
2 2 2 2 
2 2 2 2 
2 2 2 2 
2 2 2 2 
2 2 2 2 
2 2 2 2 
2 2 2 2 
2 2 2 2 
2 2 2 2 
2 2 2 2 
2 2 2 2 
2 2 2 2 
2 2 2 2 
2 2 2 2 
2 2 2 2 
2 2 2 2 
2 2 2 2 
2 2 2 2 
2 2 2 2 
2 2 2 2 
2 2 2 2 
2 2 2 2 
2 2 2 2 
2 2 2 2 
2 2 2 2 
2 2 2 2 
2 2 2 2 
2 2 2 2 
2 2 2 2 
2 2 2 2 
2 2 2 2 
2 2 2 2 
2 2 2 2 
2 2 2 2 
2 2 2 2 
2 2 2 2 
2 2 2 2 
2 2 2 2 
2 2 2 2 
2 2 2 2 
2 2 2 2 
2 2 2 2 
2 2 2 2 
2 2 2 2 
2 2 2 2 
2 2 2 2 
2 2 2 2 
2 2 2 2 
2 2 2 2 
2 2 2 2 
2 2 2 2 
2 2 2 2 
2 2 2 2 
2 2 2 2 
7 2 2 2 2 
7 2 2 2 2 
7 2 2 2 2 
2 2 2 2 
2 2 2 2 
2 2 2 2 
2 2 2 2 
2 2 2 2 
2 2 2 2 
2 2 2 2 
2 2 2 2 
2 2 2 2 
2 2 2 2 
2 2 2 2 
2 2 2 2 
2 2 2 2 
2 2 2 2 
2 2 2 2 
7 2 2 2 2 
7 2 2 2 2 
7 2 2 2 2 
2 7 2 2 2 2 
2 2 2 2 2 
2 2 2 2 2 
2 7 2 2 2 2 
2 7 2 2 2 2 
2 7 2 2 2 2 
2 2 2 2 2 
2 2 2 2 2 
2 2 2 2 2 
2 2 2 2 2 2 
2 2 2 2 2 2 
2 2 2 2 2 2 
2 2 2 2 2 
2 2 2 2 2 
2 2 2 2 2 
2 2 2 2 2 2 2 2 2 2 2 
2 2 2 2 2 2 2 2 2 
2 2 2 2 2 2 2 2 2 
2 2 2 2 2 2 2 2 
2 2 2 2 2 2 2 2 
2 2 2 2 2 2 2 2 
2 2 2 2 2 2 2 2 2 2 
2 2 2 2 2 2 2 2 2 2 
2 2 2 2 2 2 2 2 2 2 
2 2 2 2 2 2 2 2 2 
2 2 2 2 2 2 2 2 2 
2 2 2 2 2 2 2 2 2 
2 2 2 2 2 2 2 2 2 
2 2 2 2 2 2 2 2 2 
2 2 2 2 2 2 2 2 2 
2 2 2 2 2 2 2 2 2 
2 2 2 2 2 2 2 2 
2 2 2 2 2 2 2 2 
2 2 2 2 2 2 2 2 2 
2 2 2 2 2 2 2 2 2 
2 2 2 2 2 2 2 2 2 
2 2 2 2 2 2 2 2 2 
2 2 2 2 2 2 2 2 2 2 
2 2 2 2 2 2 2 2 2 2 
2 2 2 2 2 2 2 2 2 2 
2 2 2 2 2 2 2 2 2 2 
2 2 2 2 2 2 2 2 2 2 
2 2 2 2 2 2 2 2 2 
2 2 2 2 2 2 2 2 2 
2 2 2 2 2 2 2 2 2 
2 2 2 2 2 2 2 2 2 
2 2 2 2 2 2 2 2 
2 2 2 2 2 2 2 2 
2 2 2 2 2 2 2 2 
2 2 2 2 2 2 2 2 
2 2 2 2 2 2 2 2 
2 2 2 2 2 2 2 2 
2 2 2 2 2 2 2 2 
2 2 2 2 2 2 2 2 
2 2 2 2 2 2 2 2 
2 2 2 2 2 2 2 2 
2 2 2 2 2 2 2 2 
2 2 2 2 2 2 2 2 
2 2 2 2 2 2 2 2 
2 2 2 2 2 2 2 2 
2 2 2 2 2 2 2 
2 2 2 2 2 2 2 2 
2 2 2 2 2 2 2 2 
2 2 2 2 2 2 2 2 
2 2 2 2 2 2 2 2 
2 2 2 2 2 2 2 2 
2 2 2 2 2 2 2 2 
2 2 2 2 2 2 2 2 
2 2 2 2 2 2 2 2 
2 2 2 2 2 2 2 2 
2 2 2 2 2 2 2 2 
2 2 2 2 2 2 2 2 
2 2 2 2 2 2 2 2 
2 2 2 2 2 2 2 2 
2 2 2 2 2 2 2 2 
2 2 2 2 2 
2 2 2 2 2 
2 2 2 2 2 
2 2 2 2 2 
2 2 2 2 2 
2 2 2 2 2 
2 2 2 2 2 
2 2 2 2 2 
2 2 2 2 2 
2 2 2 2 
2 2 2 2 
2 2 2 2 
2 2 2 2 
2 2 2 2 
2 2 2 2 
2 2 2 
2 2 2 
2 2 2 
2 2 2 
2 2 2 
2 2 2 
2 2 2 
2 2 2 
2 2 2 
2 2 2 
2 2 2 
2 2 2 
2 2 2 
2 2 2 
2 2 2 
2 2 2 2 2 2 
2 2 2 2 2 2 
2 2 2 2 2 2 
2 2 2 2 2 2 
2 2 2 2 2 2 
2 2 2 2 2 2 
2 2 2 2 2 2 
2 2 2 2 2 2 
2 2 2 2 2 2 
2 2 2 2 2 2 
2 2 2 2 2 2 
2 2 2 2 2 2 
2 2 2 2 2 2 
2 2 2 2 2 2 
2 2 2 2 2 2 
2 2 2 
2 2 2 
2 2 2 
2 2 2 
2 2 2 
2 2 2 
2 2 2 
2 2 2 
2 2 2 
2 2 2 
2 2 2 
2 2 2 
2 2 2 2 
2 2 2 2 
2 2 2 2 
2 2 2 2 
2 2 2 2 
2 2 2 2 
2 2 2 
2 2 2 
2 2 2 
2 2 2 2 
2 2 2 2 
2 2 2 2 
2 2 2 2 
2 2 2 2 
2 2 2 2 
2 2 2 2 
2 2 2 2 
2 2 2 2 
2 2 2 2 
2 2 2 2 
2 2 2 2 
2 2 2 2 
2 2 2 2 
2 2 2 2 
2 2 2 2 
2 2 2 2 
2 2 2 2 
2 2 2 2 
2 2 2 2 
2 2 2 2 
2 2 2 2 
2 2 2 2 
2 2 2 2 
2 2 2 2 
2 2 2 2 
2 2 2 2 
2 2 2 2 
2 2 2 2 
2 2 2 2 
2 2 2 2 
2 2 2 2 
2 2 2 2 
2 2 2 2 
2 2 2 2 
2 2 2 2 
2 2 2 2 
2 2 2 2 
2 2 2 2 
2 2 2 2 
2 2 2 2 
2 2 2 2 
2 2 2 2 
2 2 2 2 
2 2 2 2 
2 2 2 2 
2 2 2 2 
2 2 2 2 
2 2 2 2 
2 2 2 2 
2 2 2 2 
2 2 2 2 
2 2 2 2 
2 2 2 2 
2 2 2 2 
2 2 2 2 
2 2 2 2 
2 2 2 2 
2 2 2 2 
2 2 2 2 
2 2 2 2 
2 2 2 2 
2 2 2 2 
2 2 2 2 
2 2 2 2 
2 2 2 2 
2 2 2 2 
2 2 2 2 
2 2 2 2 
2 2 2 2 
2 2 2 2 
2 2 2 2 
2 2 2 2 
2 2 2 2 
2 2 2 2 
2 2 2 2 
2 2 2 2 
2 2 2 2 
2 2 2 2 
2 2 2 2 
2 2 2 2 
2 2 2 2 
2 2 2 2 
2 2 2 2 
2 2 2 2 2 2 2 2 
2 2 2 2 2 2 2 2 
2 2 2 2 2 2 2 2 
2 2 2 2 2 2 2 2 
2 2 2 2 2 2 2 
2 2 2 2 2 2 2 
2 2 2 2 2 2 2 2 
2 2 2 2 2 2 2 2 
2 2 2 2 2 2 2 2 
2 2 2 2 2 2 2 2 
2 2 2 2 2 2 2 2 
2 2 2 2 2 2 2 2 
2 2 2 2 2 2 2 2 
2 2 2 2 2 2 2 2 
2 2 2 2 2 2 2 2 
2 2 2 2 
2 2 2 2 
2 2 2 2 
2 2 2 2 
2 2 2 2 
2 2 2 2 
2 2 2 2 
2 2 2 2 
2 2 2 2 
2 2 2 2 
2 2 2 2 
2 2 2 2 
2 2 2 2 
2 2 2 2 
2 2 2 2 
2 2 2 
2 2 2 2 
2 2 2 2 
2 2 2 2 
2 2 2 2 
2 2 2 2 
2 2 2 2 
2 2 2 2 
2 2 2 2 
2 2 2 2 
2 2 2 2 
2 2 2 2 
2 2 2 2 
2 2 2 2 
2 2 2 2 
2 2 2 
2 2 2 2 
2 2 2 2 
2 2 2 2 
2 2 2 2 
2 2 2 2 
2 2 2 2 
2 2 2 2 
2 2 2 2 
2 2 2 2 
2 2 2 2 
2 2 2 2 
2 2 2 2 
2 2 2 2 
2 2 2 2 
2 2 2 
2 2 2 2 
2 2 2 2 
2 2 2 2 
2 2 2 2 
2 2 2 2 
2 2 2 2 
2 2 2 2 
2 2 2 2 
2 2 2 2 
2 2 2 2 
2 2 2 2 
2 2 2 2 
2 2 2 2 
2 2 2 2 
2 2 2 2 2 2 2 
2 2 2 2 2 2 2 
2 2 2 2 2 2 2 
2 2 2 2 2 2 2 
2 2 2 2 2 2 2 
2 2 2 2 2 2 2 
2 2 2 2 2 2 2 
2 2 2 2 2 2 2 
2 2 2 2 2 2 2 
2 2 2 2 2 2 2 
2 2 2 2 2 2 2 
2 2 2 2 2 2 2 
2 2 2 2 2 2 2 
2 2 2 2 2 2 2 
2 2 2 2 2 2 2 
2 2 2 2 2 2 2 
2 2 2 2 2 2 2 2 
2 2 2 2 2 2 2 2 
2 2 2 2 2 2 2 2 
2 2 2 2 2 2 2 2 
2 2 2 2 2 2 2 2 
2 2 2 2 2 2 2 2 
2 2 2 2 2 2 2 2 
2 2 2 2 2 2 2 2 
2 2 2 2 2 2 2 2 
2 2 2 2 2 2 2 2 
2 2 2 2 2 2 2 2 
2 2 2 2 2 2 2 2 
2 2 2 2 2 2 2 2 
2 2 2 2 2 2 2 2 
2 2 2 2 2 2 
2 2 2 2 2 2 2 
2 2 2 2 2 2 2 
2 2 2 2 2 2 2 
2 2 2 2 2 2 2 
2 2 2 2 2 2 2 
2 2 2 2 2 2 2 
2 2 2 2 2 2 2 
2 2 2 2 2 2 2 
2 2 2 2 2 2 2 
2 2 2 2 2 2 2 
2 2 2 2 2 2 2 
2 2 2 2 2 2 2 
2 2 2 2 2 2 2 
2 2 2 2 2 2 2 
7 2 2 2 2 2 2 2 
2 2 2 2 2 2 2 2 
2 2 2 2 2 2 2 2 
2 2 2 2 2 2 2 2 
2 2 2 2 2 2 2 2 
2 2 2 2 2 2 2 2 
2 2 2 2 2 2 2 2 
2 2 2 2 2 2 2 2 
2 2 2 2 2 2 2 2 
2 2 2 2 2 2 2 2 
2 2 2 2 2 2 2 2 
2 2 2 2 2 2 2 2 
2 2 2 2 2 2 2 2 
2 2 2 2 2 2 2 2 
2 2 2 2 2 2 2 2 
2 2 2 2 2 2 2 2 
2 2 2 2 2 2 2 2 
2 2 2 2 2 2 2 2 
2 2 2 2 2 2 2 2 
2 2 2 2 2 2 2 2 
2 2 2 2 2 2 2 2 
2 2 2 2 2 2 2 
2 2 2 2 2 2 2 
2 2 2 2 2 2 2 2 
2 2 2 2 2 2 2 
2 2 2 2 2 2 2 
2 2 2 2 2 2 2 
2 2 2 2 2 2 2 
2 2 2 2 2 2 2 
2 2 2 2 2 2 2 
2 2 2 2 2 2 2 2 
2 2 2 2 2 2 2 
2 2 2 2 2 2 2 
2 2 2 2 2 2 2 
2 2 2 2 2 2 2 
2 2 2 2 2 2 2 
2 2 2 2 2 2 2 
2 2 2 2 2 2 2 
2 2 2 2 2 2 2 
2 2 2 2 2 2 2 2 
2 2 2 2 2 2 2 2 
2 2 2 2 2 2 2 2 
2 2 2 2 2 2 2 
2 2 2 2 2 2 2 
2 2 2 2 2 2 2 
2 2 2 2 2 2 2 
2 2 2 2 2 2 2 2 
2 2 2 2 2 2 2 2 
2 2 2 2 2 2 2 2 
2 2 2 2 2 2 2 2 
2 2 2 2 2 2 2 2 
2 2 2 2 2 2 2 2 
2 2 2 2 2 2 2 2 
0 2 2 2 2 2 2 2 2 
2 2 2 2 2 2 2 2 
2 2 2 2 2 2 2 2 
2 2 2 2 2 2 2 2 
2 0 2 2 2 2 2 2 2 
2 0 2 2 2 2 2 2 2 
2 0 2 2 2 2 2 2 2 
2 2 2 2 2 2 2 
2 2 2 2 2 2 2 2 
2 2 2 2 2 2 2 2 
2 2 2 2 2 2 2 2 
2 2 2 2 2 2 2 2 
2 2 2 2 2 2 2 2 
2 2 2 2 2 2 2 2 
2 2 2 2 2 2 2 2 
2 2 2 2 2 2 2 2 
2 2 2 2 2 2 2 2 
2 2 2 2 2 2 2 2 
2 2 2 2 2 2 2 2 
2 2 2 2 2 2 2 2 
2 2 2 2 2 2 2 2 
2 2 2 2 2 2 2 2 
7 2 2 2 2 2 2 2 
2 2 2 2 2 2 2 2 
2 2 2 2 2 2 2 2 
2 2 2 2 2 2 2 2 
2 2 2 2 2 2 2 
2 2 2 2 2 2 2 
2 2 2 2 2 2 2 
2 2 2 2 2 2 2 
2 2 2 2 2 2 2 
2 2 2 2 2 2 2 2 2 
2 2 2 2 2 2 2 2 2 
2 2 2 2 2 2 2 2 2 
2 2 2 2 2 2 2 2 2 
2 2 2 2 2 2 2 2 2 
2 2 2 2 2 2 2 2 2 
2 2 2 2 2 2 2 
2 2 2 2 2 2 2 2 2 
2 2 2 2 2 2 2 2 2 
2 2 2 2 2 2 2 2 2 
2 2 2 2 2 2 2 2 2 
2 2 2 2 2 2 2 2 2 
0 2 2 0 2 2 2 2 2 2 2 
0 2 2 0 2 2 2 2 2 2 2 
0 2 2 0 2 2 2 2 2 2 2 
0 2 2 2 2 2 2 2 2 2 
0 2 2 2 2 2 2 2 2 2 
0 2 2 2 2 2 2 2 2 2 
2 2 2 2 2 2 2 2 2 
2 2 2 2 2 2 2 2 2 
2 2 2 2 2 2 2 2 2 
2 2 2 2 2 2 2 2 
2 2 2 2 2 2 2 2 2 
2 2 2 2 2 2 2 2 2 
2 2 2 2 2 2 2 2 2 
2 2 2 2 2 2 2 2 2 
2 2 2 2 2 2 2 2 2 
2 2 2 2 2 2 2 2 2 
2 2 2 2 2 2 2 2 2 
2 2 2 2 2 2 2 2 2 
2 2 2 2 2 2 2 2 2 
2 2 2 2 2 2 2 2 2 
2 2 2 2 2 2 2 2 2 
2 2 2 2 2 2 2 2 2 
2 2 2 2 2 2 2 2 2 
2 2 2 2 2 2 2 2 2 
2 2 2 2 2 2 2 
2 2 2 2 2 2 2 2 
2 2 2 2 2 2 2 2 
2 2 2 2 2 2 2 2 
2 2 2 2 2 2 2 2 
2 2 2 2 2 2 2 2 
2 2 2 2 2 2 2 2 
2 2 2 2 2 2 2 2 
2 2 2 2 2 2 2 2 
2 2 2 2 2 2 2 2 
2 2 2 2 2 2 2 2 
2 2 2 2 2 2 2 2 
2 2 2 2 2 2 2 
2 2 2 2 2 2 2 
2 2 2 2 2 2 2 
2 2 2 2 2 
2 2 2 2 2 
2 2 2 2 2 
2 2 2 2 2 2 
2 2 2 2 2 2 
2 2 2 2 2 2 
2 2 2 2 2 
2 2 2 2 2 2 
2 2 2 2 2 2 
2 2 2 2 2 
2 2 2 2 
2 2 2 2 
2 2 2 2 
2 2 2 2 
2 2 2 2 2 
2 2 2 2 2 2 
2 2 2 2 2 2 2 2 
2 2 2 2 2 2 2 2 
2 2 2 2 2 2 2 2 
2 2 2 2 2 2 2 2 
2 2 2 2 2 2 2 2 
2 2 2 2 2 2 2 2 
2 2 2 2 2 2 2 2 
2 2 2 2 2 2 2 2 
2 2 2 2 2 2 2 2 
2 2 2 2 2 2 2 2 
2 2 2 2 2 2 2 2 
2 2 2 2 2 2 2 2 2 
2 2 2 2 2 2 2 2 
2 2 2 2 2 2 2 2 
2 2 2 2 2 
2 2 2 2 2 
2 2 2 2 2 
2 2 2 2 2 
2 2 2 2 2 
2 2 2 2 2 
2 2 2 2 
2 2 2 2 
2 2 2 2 
2 2 2 2 
2 2 2 2 
2 2 2 2 
2 2 2 2 
2 2 2 2 
2 2 2 2 
2 2 2 2 2 2 
2 2 2 2 2 2 2 
2 2 2 2 2 2 2 
2 2 2 2 2 2 2 
2 2 2 2 2 2 2 
2 2 2 2 2 2 2 
2 2 2 2 2 2 2 
2 2 2 2 2 2 2 
2 2 2 2 2 2 2 
2 2 2 2 2 2 2 
2 2 2 2 2 2 2 
2 2 2 2 2 2 2 
2 2 2 2 2 2 2 
2 2 2 2 2 2 2 
2 2 2 2 2 2 2 
2 2 2 2 
2 2 2 
2 2 2 
2 2 2 2 
2 2 2 2 
2 2 2 2 
2 2 2 
2 2 2 
2 2 2 
2 2 2 
2 2 2 
2 2 2 
2 2 2 
2 2 2 
2 2 2 
2 2 2 2 2 2 
2 2 2 2 2 2 2 
2 2 2 2 2 2 2 
2 2 2 2 2 2 2 
2 2 2 2 2 2 2 
2 2 2 2 2 2 2 
2 2 2 2 2 2 2 
2 2 2 2 2 2 2 
2 2 2 2 2 2 2 
2 2 2 2 2 2 
2 2 2 2 2 2 
2 2 2 2 2 2 
2 2 2 2 2 2 
2 2 2 2 2 2 
2 2 2 2 2 2 
2 2 
2 2 
2 2 
2 2 
2 2 
2 2 
2 2 
2 2 
2 2 
2 2 
2 2 
2 2 
2 2 
2 2 
2 2 
2 2 2 2 2 
2 2 2 2 2 
2 2 2 2 2 
2 2 2 2 2 
2 2 2 2 2 
2 2 2 2 2 
2 2 2 2 2 
2 2 2 2 2 
2 2 2 2 2 
2 2 2 2 2 
2 2 2 2 2 
2 2 2 2 2 
0 2 2 2 2 2 
2 0 2 2 2 2 2 
2 0 2 2 2 2 2 
2 2 0 2 
2 2 0 2 
2 2 0 2 
2 2 2 0 
0 2 2 2 0 
0 2 2 2 0 
0 2 2 0 2 
0 2 2 0 2 
0 2 2 0 2 
2 2 0 2 
2 2 0 2 
2 2 0 2 
0 2 2 0 2 
0 2 2 0 2 
0 2 2 0 2 
2 0 2 2 2 2 
2 2 2 0 2 2 2 
2 2 0 2 2 2 2 
2 2 2 0 2 2 2 
2 2 2 0 2 2 2 
2 2 2 0 2 2 2 
2 2 2 0 2 2 2 
2 2 2 0 2 2 2 
2 2 2 0 2 2 2 
2 2 2 0 2 2 2 
2 2 2 0 2 2 2 
2 2 2 0 2 2 2 
2 0 2 2 2 2 2 
2 0 2 2 2 2 2 
2 0 2 2 2 2 2 
2 2 0 2 
2 2 0 2 
2 2 0 2 
2 0 2 2 
0 2 0 2 2 
0 2 0 2 2 
0 2 2 0 2 2 
0 2 2 0 2 2 
0 2 2 0 2 2 
2 0 2 2 0 2 
2 0 2 2 0 2 
2 0 2 2 0 2 
2 0 2 0 2 
2 0 2 0 2 
2 0 2 0 2 
2 2 2 0 2 2 2 
2 2 2 2 0 2 2 2 
2 2 2 2 0 2 2 2 
2 2 2 0 2 2 2 
2 0 2 2 0 2 2 2 
2 0 2 2 0 2 2 2 
0 2 2 2 2 2 0 2 2 
0 2 2 2 2 2 2 0 2 2 
0 2 2 2 2 2 2 0 2 2 
0 2 2 2 2 0 2 2 2 
0 2 2 2 2 0 2 2 2 
0 2 2 2 2 0 2 2 2 
2 2 0 2 2 2 0 2 2 2 
2 0 2 2 2 2 0 2 2 2 
2 0 2 2 2 2 0 2 2 2 
2 0 2 2 2 2 
2 2 2 2 2 
2 2 2 2 2 
2 2 2 2 
2 2 2 2 2 
2 2 2 2 2 
2 2 2 2 
2 2 2 2 
2 2 2 2 
2 2 2 2 
2 2 2 2 
2 2 2 2 
2 2 2 2 
2 2 2 2 
2 2 2 2 
2 2 2 2 2 2 2 
2 2 2 2 2 2 2 
2 2 2 2 2 2 2 
2 2 2 2 2 2 2 
2 2 2 2 2 2 2 
2 2 2 2 2 2 2 
2 2 2 2 2 2 2 
2 2 2 2 2 2 2 
2 2 2 2 2 2 2 
2 2 2 2 2 2 2 
2 2 2 2 2 2 2 
2 2 2 2 2 2 2 
2 2 2 2 2 2 2 
2 2 2 2 2 2 2 
2 2 2 2 2 2 2 
2 2 2 
2 2 2 
2 2 2 
2 2 2 
2 2 2 
2 2 2 
2 2 2 
2 2 2 
2 2 2 
2 2 2 
2 2 2 
2 2 2 
2 2 2 
2 2 2 
2 2 2 
2 2 2 2 2 2 
2 2 2 2 2 2 2 
2 2 2 2 2 2 2 
2 2 2 2 2 2 2 
2 2 2 2 2 2 2 
2 2 2 2 2 2 2 
0 2 2 2 2 2 2 2 
0 2 2 2 2 2 2 2 
0 2 2 2 2 2 2 2 
0 2 2 2 2 2 2 2 
0 2 2 2 2 2 2 2 
0 2 2 2 2 2 2 2 
0 2 2 2 2 2 2 2 
0 2 2 2 2 2 2 2 
0 2 2 2 2 2 2 2 
2 2 
0 2 2 
0 2 2 
0 2 2 2 
0 2 2 2 
0 2 2 2 
0 2 2 
0 2 2 
0 2 2 
0 2 2 
0 2 2 
0 2 2 
0 2 2 
0 2 2 
0 2 2 
2 2 
0 2 2 
0 2 2 
0 2 2 
0 2 2 
0 2 2 
0 2 2 
0 2 2 
0 2 2 
0 2 7 2 
0 2 2 7 
0 2 2 7 
0 2 2 
0 2 2 
0 2 2 
2 
0 2 2 
0 2 2 
0 2 2 
0 2 2 
0 2 2 
0 2 2 
0 2 2 
0 2 2 
0 2 2 
0 2 2 
0 2 2 
0 2 2 
0 2 2 
0 2 2 
2 
0 2 2 
0 2 2 
0 2 2 
0 2 2 
0 2 2 
0 2 2 
0 2 2 
0 2 2 
0 2 2 
0 2 2 
0 2 2 
0 2 2 
0 2 2 
0 2 2 
2 2 
2 2 2 
2 2 2 
2 2 2 
2 2 2 
2 2 2 
2 2 
2 2 
2 2 
2 2 2 
2 2 2 
2 2 2 
0 2 2 
0 2 2 
0 2 2 
2 2 2 2 2 2 
2 0 2 2 2 2 2 
2 0 2 2 2 2 2 
2 0 2 2 2 2 2 
2 0 2 2 2 2 2 
2 0 2 2 2 2 2 
2 0 2 2 2 2 2 
2 0 2 2 2 2 2 
2 0 2 2 2 2 2 
2 0 2 2 2 2 2 
2 0 2 2 2 2 2 
2 0 2 2 2 2 2 
2 7 0 2 2 2 2 2 
2 7 0 2 2 2 2 2 
2 7 0 2 2 2 2 2 
0 2 2 2 2 2 
0 2 2 2 2 2 
0 2 2 2 2 2 
0 2 2 2 2 2 
0 2 2 2 2 2 
0 2 2 2 2 2 
0 2 2 2 2 2 
0 2 2 2 2 2 
0 2 2 2 2 2 
0 2 2 2 2 2 
0 2 2 2 2 2 
0 2 2 2 2 2 
0 2 2 2 2 2 
0 2 2 2 2 2 
0 2 2 2 2 2 
2 2 2 2 2 
0 2 2 2 2 2 
0 2 2 2 2 2 
0 2 2 2 2 2 
0 2 2 2 2 2 
0 2 2 2 2 2 
0 2 2 2 2 2 
0 2 2 2 2 2 
0 2 2 2 2 2 
0 2 2 2 2 2 
0 2 2 2 2 2 
0 2 2 2 2 2 
7 0 2 2 2 2 2 
7 0 2 2 2 2 2 
0 2 2 2 2 2 
2 2 2 2 2 2 
7 2 0 2 2 2 2 2 
7 2 0 2 2 2 2 2 
2 0 2 7 2 2 2 2 
2 0 2 7 2 2 2 2 
2 0 2 7 2 2 2 2 
2 0 7 2 2 2 2 2 
2 0 7 2 2 2 2 2 
2 0 7 2 2 2 2 2 
2 0 2 2 2 2 2 
2 0 2 2 2 2 2 
2 0 2 2 2 2 2 
2 0 2 2 2 2 2 
2 7 0 2 2 2 2 2 
2 7 0 2 2 2 2 2 
2 2 2 2 2 2 
0 2 2 2 2 2 
0 2 2 2 2 2 2 
2 0 2 2 2 2 2 
2 0 2 2 2 2 2 
2 0 2 2 2 2 2 
2 0 2 2 2 2 2 
2 0 2 2 2 2 2 
2 0 2 2 2 2 2 
2 0 2 2 2 2 2 
2 0 2 2 2 2 2 
2 0 2 2 2 2 2 
7 2 0 2 2 2 2 2 
2 0 2 2 2 2 2 
7 2 0 2 2 2 2 2 
2 2 2 2 2 
2 2 2 2 2 2 
2 0 2 2 2 2 2 
0 2 7 2 2 2 2 2 
0 2 2 2 2 2 2 
0 2 2 2 2 2 2 
0 2 2 2 7 2 2 2 
0 2 2 2 7 2 2 2 
0 2 2 2 7 2 2 2 
0 2 2 2 2 2 2 
0 2 2 2 2 2 2 
0 2 2 2 2 2 2 
7 0 2 2 2 2 2 2 
7 0 2 2 2 2 2 2 
0 7 2 2 2 2 2 2 
7 2 2 2 2 2 
0 7 2 2 2 2 2 
0 7 2 2 2 2 2 
2 0 2 2 2 2 2 
7 2 0 2 2 2 2 2 
2 0 2 2 2 2 2 
2 0 2 2 2 2 2 
2 0 2 2 2 2 2 
0 2 2 2 2 2 2 
0 2 7 2 2 2 2 2 
0 2 2 2 2 2 2 
0 2 2 2 2 2 2 
0 2 2 2 2 2 2 
0 2 2 2 2 2 2 
0 2 2 2 2 2 2 
2 7 2 2 2 2 2 
2 0 7 2 2 2 2 2 
2 0 7 2 2 2 2 2 
2 0 7 2 2 2 2 2 
2 0 7 2 2 2 2 2 
2 0 7 2 2 2 2 2 
2 2 0 7 2 2 2 2 
2 2 0 7 2 2 2 2 
2 2 0 7 2 2 2 2 
2 0 2 2 2 2 2 
2 0 2 2 2 2 2 
2 0 2 2 2 2 2 
2 0 2 2 2 2 2 
2 0 2 2 2 2 2 
2 0 2 2 2 2 2 
2 2 2 2 2 2 
2 0 2 2 2 2 2 
2 0 2 2 2 2 2 
2 0 2 2 2 2 2 
2 0 2 2 2 2 2 
2 0 2 2 2 2 2 
2 0 2 2 2 2 2 
2 0 2 2 2 2 2 
2 0 2 2 2 2 2 
2 0 2 2 2 2 2 
2 0 2 2 2 2 2 
2 0 2 2 2 2 2 
2 0 2 2 2 2 2 
2 0 2 2 2 2 2 
2 0 2 2 2 2 2 
2 2 2 2 2 
0 2 2 2 2 2 2 
2 0 2 2 2 2 2 
2 0 2 2 2 2 2 
2 0 2 2 2 2 2 
2 0 2 2 2 2 2 
2 0 2 2 2 2 2 
2 0 2 2 2 2 2 
2 0 2 2 2 2 2 
2 0 2 2 2 2 2 
2 0 2 2 2 2 2 
2 0 2 2 2 2 2 
2 0 2 2 2 2 2 
2 0 2 2 2 2 2 
2 0 2 2 2 2 2 
2 2 2 2 2 
0 2 2 2 2 2 2 
2 0 2 2 2 2 2 
2 0 2 2 2 2 2 
0 2 2 2 2 2 2 
0 2 2 2 2 2 2 
0 2 2 2 2 2 2 
0 2 2 2 2 2 2 
0 2 2 2 2 2 2 
0 2 2 2 2 2 2 
2 2 2 2 2 2 
2 2 2 2 2 2 
0 2 2 2 2 2 2 
0 2 2 2 2 2 2 
0 2 2 2 2 2 2 
2 2 
2 0 2 
2 0 2 
2 2 0 2 
2 2 0 2 
2 2 0 2 
2 2 0 2 
2 2 0 2 
2 2 0 2 
2 0 2 
2 2 0 
2 2 0 
2 0 
2 0 
2 0 
0 2 2 2 2 2 
2 2 0 2 2 2 
2 2 0 2 2 2 
2 2 2 0 2 2 2 
2 2 0 2 2 2 
2 2 0 2 2 2 
2 0 2 2 2 
2 0 2 2 2 
2 0 2 2 2 
2 0 2 2 2 
2 0 2 2 2 
2 0 2 2 2 
0 2 2 2 2 
0 2 2 2 2 
0 2 2 2 2 
2 
0 2 
0 2 
0 2 
0 2 
0 2 
0 2 
0 2 
0 2 
0 2 
0 2 
0 2 
2 0 2 
2 0 2 
2 0 2 
2 2 2 2 
0 2 2 2 
0 2 2 2 
2 0 2 2 2 
2 2 0 2 2 2 
2 2 0 2 2 2 
2 2 0 2 2 2 
2 2 0 2 2 2 
2 2 0 2 2 2 
2 0 2 2 2 
2 0 2 2 2 
2 0 2 2 2 
2 0 2 2 2 
2 0 2 2 2 
2 0 2 2 2 

0 
0 
0 
0 
0 


0 
0 
0 
0 
0 
0 
0 
2 
2 0 
2 0 
2 0 
2 0 
2 0 
2 0 
2 0 
0 2 
0 2 
0 2 
0 2 
2 0 
2 0 
2 0 
2 
0 2 
0 2 
0 2 
0 2 
0 2 
0 2 
0 2 
0 2 
2 0 
2 0 
2 0 
0 2 
0 2 
0 2 
2 
0 2 
0 2 
0 2 
0 2 
0 2 
0 2 
0 2 
0 2 
2 0 
0 2 
0 2 
0 2 
0 2 
0 2 
2 
0 2 
0 2 
0 2 
2 0 
2 0 
2 0 
2 0 
2 0 
0 2 
0 2 
0 2 
0 2 
0 2 
0 2 
2 2 
0 2 2 
2 0 
2 0 
2 0 
2 0 
0 2 
0 2 
0 2 
2 0 
0 2 
0 2 
2 0 
2 0 
2 0 
2 
2 0 
2 0 
2 0 
2 0 
2 0 
2 0 
2 0 
2 0 
2 0 
2 0 
2 0 
2 0 
2 0 
2 0 
2 2 
2 0 2 
2 0 2 
0 2 2 
0 2 
0 2 
0 2 
0 2 
0 2 
0 2 
0 2 
0 2 
0 2 
0 2 
0 2 
2 
0 2 2 
0 2 2 
0 2 2 
0 2 2 
0 2 2 
0 2 2 
0 2 2 
0 2 2 
0 2 2 
0 2 2 
0 2 2 
0 2 2 
0 2 2 
0 2 2 
2 
0 2 2 
0 2 2 
0 2 2 
0 2 2 
0 2 2 
0 2 2 
0 2 2 
0 2 2 
2 0 2 
2 0 2 
2 0 2 
2 0 2 
2 0 2 
2 0 2 
2 
2 0 2 
2 0 2 
0 2 2 
0 2 2 
0 2 2 
0 2 2 
0 2 2 
0 2 2 
0 2 2 
0 2 2 
0 2 2 
2 2 
2 2 
2 2 
2 2 
0 2 2 
0 2 2 
0 2 2 
0 2 2 
0 2 2 
0 2 2 
0 2 2 
0 2 2 
0 2 2 
0 2 2 
0 2 2 
0 2 2 
0 2 2 
0 2 2 
2 2 
2 2 
2 2 
2 2 
2 2 
2 2 
2 2 
0 2 2 
0 2 2 
2 2 
0 2 2 
0 2 2 
0 2 2 
0 2 2 
0 2 2 
2 2 
2 2 
2 2 
2 2 
2 2 
2 2 
2 2 
2 2 
2 2 
2 2 
2 2 
2 2 
2 2 
2 2 
2 2 
2 
2 
2 
2 
2 
2 
2 
2 
2 
2 
2 
2 
2 
2 
2 
2 2 
2 2 
2 2 
2 2 
2 2 
2 2 
2 2 
2 2 
2 2 
2 2 
2 2 
2 2 
2 2 
2 2 
2 2 
2 2 
2 2 
2 2 
2 2 2 
2 2 2 
2 2 2 
2 2 2 
2 2 2 
2 2 2 
2 0 2 2 
2 0 2 2 
2 0 2 2 
2 0 2 2 
2 0 2 2 
2 0 2 2 
2 2 2 2 2 
2 2 0 2 2 2 
2 2 0 2 2 2 
2 0 2 2 2 2 
2 0 2 2 2 2 
2 2 0 2 2 2 
2 2 0 2 2 2 2 
2 2 2 0 2 2 2 
2 2 2 0 2 2 2 
2 0 2 2 2 2 
2 0 2 2 2 2 
2 2 0 2 2 2 
2 0 2 2 2 2 
2 0 2 2 2 2 
2 2 0 2 2 2 
2 2 2 2 2 
2 0 2 2 2 2 
0 2 2 2 2 
2 2 2 0 2 2 2 
2 2 2 0 2 2 2 
2 2 2 0 2 2 2 
0 2 2 2 2 
0 2 2 2 2 
0 2 2 2 2 
0 2 2 2 2 2 
0 2 2 2 2 2 
0 2 2 2 2 2 
2 0 2 2 2 
2 0 2 2 2 
2 2 0 2 2 2 
2 2 
2 0 2 
2 0 2 
2 2 
0 2 
0 2 
2 
2 
2 
2 
2 
2 
0 2 
0 2 
0 2 
2 2 
0 2 2 
2 0 2 
2 0 2 
2 0 2 
2 0 2 
2 0 2 
2 0 2 
2 0 2 
2 0 2 
2 0 2 
2 0 2 
2 0 2 
2 0 2 
2 0 2 
2 
2 
2 
2 
0 2 
0 2 
0 2 
0 2 
0 2 
0 2 
0 2 
0 2 
2 0 2 
2 0 2 
2 0 2 
2 2 
0 2 
0 2 
0 2 
0 2 
0 2 
0 2 
0 2 
0 2 
0 2 
0 2 
0 2 
2 0 2 
2 0 2 
2 0 2 
2 
0 2 
0 2 
0 2 
0 2 
0 2 
0 2 
0 2 
0 2 
2 0 2 
2 0 2 
2 0 2 
2 0 2 
2 0 2 
2 0 2 
2 
0 2 
0 2 
0 2 
0 2 
0 2 
0 2 
0 2 
0 2 
0 2 
0 2 
0 2 
0 2 
0 2 
0 2 
2 
2 2 
2 0 2 
2 0 2 
2 0 2 
2 0 2 
2 0 2 
2 0 2 
2 0 2 
2 0 2 
2 0 2 
2 0 2 
2 0 2 
2 0 2 
2 0 2 
2 
2 2 
0 2 2 
0 2 2 
0 2 2 
0 2 2 
0 2 2 
0 2 2 
0 2 2 
0 2 2 
0 2 2 
0 2 2 
0 2 2 
0 2 2 
0 2 2 
2 
0 2 2 
0 2 2 
0 2 2 
0 2 2 
0 2 2 
0 2 2 
0 2 2 
0 2 2 
0 2 2 
0 2 2 
0 2 2 
2 2 
2 2 
2 2 
2 2 2 
0 2 2 
0 2 2 
0 2 2 
0 2 2 
0 2 2 
0 2 2 
0 2 2 
0 2 2 
0 2 2 
0 2 2 
0 2 2 
0 2 2 
0 2 2 
0 2 2 
2 2 2 
0 2 2 
0 2 2 
0 2 2 
0 2 2 
0 2 2 
0 2 2 
0 2 2 
0 2 2 
0 2 2 
0 2 2 
0 2 2 
0 2 2 
0 2 2 
0 2 2 















2 
2 2 
2 2 
2 2 
2 2 
2 2 
2 2 
2 2 
2 2 
2 2 
2 2 
2 2 
0 2 2 
0 2 2 
0 2 2 
2 
0 2 2 
0 2 2 
0 2 2 
0 2 2 
0 2 2 
0 2 2 
0 2 2 
0 2 2 
0 2 2 
0 2 2 
0 2 2 
0 2 2 
0 2 2 
0 2 2 
2 
2 2 
2 2 
2 2 
2 2 
2 2 
0 2 2 
0 2 2 
0 2 2 
2 2 
2 2 
2 2 
2 2 
2 2 
2 2 
2 2 2 
2 2 
2 2 
2 2 
2 2 
2 2 
2 2 
2 2 
2 2 
2 2 
2 2 
2 2 
2 2 
2 2 
2 2 
2 2 
2 2 
2 2 
2 2 2 
2 2 
2 2 
2 2 2 
2 2 2 
2 2 2 
2 2 2 
2 2 2 
2 2 2 
0 2 2 2 
0 2 2 2 
2 2 2 
2 2 
0 2 2 2 
0 2 2 2 
2 0 2 2 
0 2 2 2 
0 2 2 2 
0 2 2 2 2 
0 2 2 2 2 
0 2 2 2 2 
0 2 2 2 
0 2 2 2 
0 2 2 2 
2 0 2 2 2 
2 0 2 2 2 
2 0 2 2 2 
2 2 
2 2 2 2 
2 2 2 2 2 
2 2 
2 2 2 
2 2 2 
2 2 2 2 
2 2 2 2 
2 2 2 2 
2 2 2 2 
2 2 2 2 
2 2 2 2 
2 2 2 2 
2 2 2 2 
2 2 2 2 
2 2 2 2 
2 2 2 2 
2 2 2 2 
2 2 2 2 
2 2 2 2 
2 2 2 2 
2 2 2 2 
2 2 2 2 
2 2 2 2 
2 2 2 2 
2 2 2 2 
2 2 2 2 
2 2 2 2 
2 2 2 2 
2 2 2 2 
2 2 2 2 2 
2 2 2 2 2 
2 2 2 2 2 
2 2 2 2 
2 2 2 2 
2 2 2 2 
2 2 2 2 2 
2 2 2 2 2 
2 2 2 2 2 
0 2 2 2 2 
0 2 2 2 2 
0 2 2 2 2 
0 2 2 2 2 2 
0 2 2 2 2 2 
0 2 2 2 2 2 
2 2 2 2 
2 2 2 2 2 
2 2 2 2 2 
2 2 2 2 
2 2 2 2 
2 2 2 2 
2 2 2 2 2 
2 2 2 2 2 
2 2 2 2 2 
2 2 2 
2 2 2 
2 2 2 
2 2 2 2 
2 2 2 2 
2 2 2 2 
2 2 2 
2 2 2 2 2 
2 2 2 2 2 
2 2 2 2 
2 2 2 2 
2 2 2 2 
2 2 2 2 
2 2 2 2 
2 2 2 2 
2 2 2 
2 2 2 
2 2 2 
2 2 2 
2 2 2 
2 2 2 
2 2 2 2 
2 2 2 
2 2 2 
2 2 
2 2 
2 2 
2 2 2 
2 2 2 
2 2 2 
2 2 2 
2 2 2 
2 2 
2 2 2 
2 2 2 
2 2 2 
2 2 
0 2 2 2 
0 2 2 2 
2 2 2 
2 2 2 
2 2 2 
2 2 2 
2 2 2 
2 2 2 
2 2 2 
2 2 2 
2 2 2 
2 2 2 
2 2 2 
2 2 2 
2 2 2 
2 2 
2 2 
2 2 
2 2 
2 2 
2 2 
2 2 
2 2 
2 2 
2 2 
2 2 
2 2 
2 2 
2 2 
2 2 2 
2 2 
2 2 
2 2 
2 2 
2 2 
2 2 
2 2 
2 2 
2 2 
2 2 
2 2 
2 2 
2 2 
2 2 
2 2 
2 2 
2 2 
2 2 
2 2 
2 2 
2 2 
2 2 
2 2 
2 2 
2 2 
2 2 
2 2 
2 2 
2 2 
2 
2 2 
2 2 
2 2 
2 2 
2 2 
2 2 
2 2 
2 2 
2 2 
2 2 
2 2 
2 2 
2 2 
2 2 
2 
2 2 
2 2 
2 2 
2 2 
2 2 
2 2 
2 2 
2 2 
2 2 
2 2 
2 2 
0 2 2 
0 2 2 
0 2 2 
2 2 2 2 2 2 
2 0 2 2 2 2 2 
0 2 2 2 2 2 
2 2 0 2 2 2 
2 2 0 2 2 2 
2 2 0 2 2 2 
0 2 2 2 2 2 
0 2 2 2 2 2 
0 2 2 2 2 2 
0 2 2 2 2 2 
0 2 2 2 2 2 
0 2 2 2 2 2 
0 2 2 2 2 2 
0 2 2 2 2 2 
0 2 2 2 2 2 
2 2 2 
0 2 2 
0 2 2 
0 2 2 
0 2 2 
0 2 2 
0 2 2 
0 2 2 
0 2 2 
0 2 2 
2 0 2 2 
2 0 2 2 
2 0 2 2 
2 0 2 2 
2 0 2 2 
2 2 2 
0 2 2 
0 2 2 
0 2 2 
0 2 2 
0 2 2 
0 2 2 
0 2 2 
0 2 2 
0 2 2 2 
0 2 2 2 
0 2 2 2 
0 2 2 2 
0 2 2 2 
0 2 2 2 
2 2 
0 2 2 2 
2 2 2 
2 2 2 
2 2 2 
2 2 2 
2 2 2 
2 2 2 
2 2 2 
2 2 2 
2 2 2 
2 2 2 
0 2 2 2 
0 2 2 2 
0 2 2 2 
2 2 2 2 2 2 
0 2 2 2 2 2 2 2 
2 2 2 2 2 2 2 
0 2 2 2 2 2 2 2 
0 2 2 2 2 2 2 2 
0 2 2 2 2 2 2 2 
0 2 2 2 2 2 2 2 
0 2 2 2 2 2 2 2 
0 2 2 2 2 2 2 2 
0 2 2 2 2 2 2 2 
0 2 2 2 2 2 2 2 
0 2 2 2 2 2 2 2 
0 2 2 2 2 2 2 2 
0 2 2 2 2 2 2 2 
0 2 2 2 2 2 2 2 
2 2 
0 2 2 2 
2 2 2 
2 2 2 2 
2 2 2 2 
2 2 2 2 
2 2 2 2 
2 2 2 2 
2 2 2 
2 2 2 
2 2 2 
2 2 2 
2 2 2 
2 2 2 
2 2 2 
2 2 2 2 
2 2 2 
2 2 2 
2 2 2 
2 2 2 
2 2 2 
2 2 2 
2 2 2 
2 2 2 
2 2 2 
2 2 2 
2 2 2 
0 2 2 2 
0 2 2 2 
2 2 2 
2 2 2 
0 2 2 2 
0 2 2 2 
0 2 2 2 
0 2 2 2 
0 2 2 2 
0 2 2 
0 2 2 
0 2 2 
0 2 2 
0 2 2 
0 2 2 
0 2 2 
0 2 2 
0 2 2 
2 2 2 
2 0 2 2 
2 0 2 2 
2 0 2 
2 0 2 2 
2 0 2 2 
2 0 2 2 
2 0 2 2 
2 2 0 2 
2 0 2 2 
2 0 2 2 
2 0 2 2 
2 0 2 2 
2 0 2 2 
2 0 2 2 
2 2 2 2 
2 2 2 
0 2 2 2 
0 2 2 2 
0 2 2 2 
0 2 2 2 
0 2 2 2 
0 2 2 2 
0 2 2 2 
0 2 2 2 
0 2 2 2 
0 2 2 2 
0 2 2 2 
0 2 2 2 
0 2 2 2 
2 2 2 
0 2 2 2 
0 2 2 2 
0 2 2 2 
0 2 2 2 
0 2 2 2 
0 2 2 2 
0 2 2 2 
0 2 2 2 
0 2 2 2 
0 2 2 2 
0 2 2 2 
0 2 2 2 
0 2 2 2 
0 2 2 2 
2 2 2 2 
0 2 2 2 
0 2 2 2 
0 2 2 2 
0 2 2 2 
0 2 2 2 
0 2 2 2 
0 2 2 2 
0 2 2 2 
0 2 2 2 
0 2 2 2 
0 2 2 2 
0 2 2 2 
0 2 2 2 
0 2 2 2 
2 2 2 
0 2 2 2 
0 2 2 2 
0 2 2 2 2 
0 2 2 2 2 
0 2 2 2 2 
0 2 2 2 2 
0 2 2 2 2 
0 2 2 2 2 
0 2 2 2 2 
0 2 2 2 2 
0 2 2 2 2 
2 0 2 2 2 
2 0 2 2 2 
2 0 2 2 2 
2 2 2 
2 2 2 2 
2 2 2 2 
2 2 2 2 
2 2 2 2 
2 2 2 2 
2 2 2 2 
2 2 2 2 
2 2 2 
0 2 2 2 
0 2 2 2 
0 2 2 2 
0 2 2 2 
0 2 2 2 
0 2 2 2 
2 2 2 
2 0 2 2 2 
0 2 2 2 2 
2 2 2 2 
2 0 2 2 2 
2 0 2 2 2 
0 2 2 2 2 
2 0 2 2 2 
2 0 2 2 2 
0 2 2 2 2 
0 2 2 2 2 
0 2 2 2 2 
0 2 2 2 2 
0 2 2 2 2 
0 2 2 2 2 
2 2 2 2 
2 2 2 2 
2 2 2 2 
2 2 2 2 
2 2 2 2 
2 2 2 2 
0 2 2 2 2 
0 2 2 2 2 
0 2 2 2 2 
0 2 2 2 2 
0 2 2 2 2 
0 2 2 2 2 
2 2 2 2 
2 2 2 2 
2 2 2 2 
2 2 2 2 
2 2 2 2 
2 2 2 2 
2 2 2 2 
2 2 2 
2 2 2 
2 2 2 
2 2 2 
2 2 2 
2 2 2 
2 2 2 
2 2 2 
2 2 2 
2 2 2 
2 2 2 
2 2 2 2 
2 2 2 
2 2 2 
2 2 2 
0 2 2 2 
0 2 2 2 
0 2 2 2 
0 2 2 2 
0 2 2 2 
0 2 2 2 
0 2 2 2 
0 2 2 2 
0 2 2 2 
0 2 2 2 
0 2 2 2 
2 2 2 2 2 2 2 
2 2 2 2 2 2 2 2 
2 2 2 2 2 2 2 2 
2 2 2 2 2 2 2 2 
2 2 2 2 2 2 2 2 
2 2 2 2 2 2 2 2 
2 2 2 2 2 2 2 2 
2 2 2 2 2 2 2 2 
2 2 2 2 2 2 2 2 
2 2 2 2 2 2 2 2 
2 2 2 2 2 2 2 2 
2 2 2 2 2 2 2 2 
2 2 2 2 2 2 2 2 
2 2 2 2 2 2 2 2 
2 2 2 2 2 2 2 2 
2 2 2 
0 2 2 2 2 
2 2 2 2 
2 2 2 2 
2 2 2 2 
2 2 2 2 
2 2 2 2 
2 2 2 2 
2 2 2 2 
2 2 2 2 
2 2 2 2 
2 2 2 2 
2 2 2 2 
2 2 2 2 
2 2 2 2 
2 2 2 2 2 2 2 2 
2 2 2 2 2 2 2 2 2 
2 2 2 2 2 2 2 2 
2 2 2 2 2 2 2 2 2 
2 2 2 2 2 2 2 2 2 
2 2 2 2 2 2 2 2 2 
2 2 2 2 2 2 2 2 
2 2 2 2 2 2 2 2 
2 2 2 2 2 2 2 2 
2 2 2 2 2 2 2 2 
2 2 2 2 2 2 2 2 
2 2 2 2 2 2 2 2 
2 2 2 2 2 2 2 2 
2 2 2 2 2 2 2 2 
2 2 2 2 2 2 2 2 
2 2 2 
2 2 2 
2 2 2 
2 2 2 
2 2 2 
2 2 2 
2 2 2 
2 2 2 
0 2 2 2 
0 2 2 2 
0 2 2 2 
0 2 2 2 
0 2 2 2 
0 2 2 2 
0 2 2 2 
2 2 2 2 2 2 2 
0 2 2 2 2 2 2 2 2 
0 2 2 2 2 2 2 2 2 
0 2 2 2 2 2 2 2 2 
2 2 2 2 2 2 2 2 
2 2 2 2 2 2 2 2 
2 2 2 2 2 2 2 2 
2 2 2 2 2 2 2 2 
2 2 2 2 2 2 2 2 
2 2 2 2 2 2 2 2 
2 2 2 2 2 2 2 2 
2 2 2 2 2 2 2 2 
2 2 2 2 2 2 2 2 
2 2 2 2 2 2 2 2 
2 2 2 2 2 2 2 2 
2 2 2 2 
2 2 2 
2 2 2 
2 2 2 
2 2 2 
2 2 2 
2 2 2 2 
2 2 2 2 
2 2 2 2 
2 2 2 2 
2 0 2 2 2 
2 0 2 2 2 
2 2 2 2 
2 2 2 2 
2 2 2 2 
2 2 2 2 2 2 2 2 
2 2 2 2 2 2 2 2 
2 2 2 2 2 2 2 2 
2 2 2 2 2 2 2 2 
2 2 2 2 2 2 2 2 
2 2 2 2 2 2 2 2 
2 2 2 2 2 2 2 2 
2 2 2 2 2 2 2 2 
2 2 2 2 2 2 2 2 
2 2 2 2 2 2 2 2 
2 2 2 2 2 2 2 2 
2 2 2 2 2 2 2 2 
2 2 2 2 2 2 2 2 
2 2 2 2 2 2 2 2 
2 2 2 2 2 2 2 2 
2 2 2 2 2 
0 2 2 2 2 
0 2 2 2 2 
0 2 2 2 2 
0 2 2 2 2 
0 2 2 2 2 
0 2 2 2 2 
0 2 2 2 2 
0 2 2 2 2 
2 0 2 2 2 2 
2 0 2 2 2 2 
2 0 2 2 2 2 
0 2 2 2 2 2 
0 2 2 2 2 2 
0 2 2 2 2 2 
2 2 2 2 2 2 2 2 2 
0 2 2 2 2 2 2 2 2 2 
0 2 2 2 2 2 2 2 2 2 
0 2 2 2 2 2 2 2 2 2 
0 2 2 2 2 2 2 2 2 2 
0 2 2 2 2 2 2 2 2 2 
2 0 2 2 2 2 2 2 2 2 
2 0 2 2 2 2 2 2 2 
2 0 2 2 2 2 2 2 2 
2 0 2 2 2 2 2 2 2 2 
2 0 2 2 2 2 2 2 2 2 
2 0 2 2 2 2 2 2 2 2 
2 0 2 2 2 2 2 2 2 
2 0 2 2 2 2 2 2 2 
2 0 2 2 2 2 2 2 2 
2 2 2 2 
0 2 2 2 2 2 
2 0 2 2 2 2 
0 2 2 2 2 2 
0 2 2 2 2 2 
0 2 2 2 2 2 
2 0 2 2 2 2 
0 2 2 2 2 2 
0 2 2 2 2 2 
0 2 2 2 2 2 
2 0 2 2 2 2 
2 0 2 2 2 2 
0 2 2 2 2 2 
0 2 2 2 2 2 
0 2 2 2 2 2 
2 2 2 2 2 2 2 2 
2 2 2 2 2 2 2 2 2 
2 2 2 2 2 2 2 2 2 
2 2 2 2 2 2 2 2 2 
2 2 2 2 2 2 2 2 2 
2 2 2 2 2 2 2 2 2 
2 2 2 2 2 2 2 2 2 2 
2 2 2 2 2 2 2 2 2 
2 2 2 0 2 2 2 2 2 2 2 
2 2 2 0 2 2 2 2 2 2 2 
2 2 0 2 2 2 2 2 2 2 
2 2 0 2 2 2 2 2 2 2 
2 0 2 2 2 2 2 2 2 
2 0 2 2 2 2 2 2 2 
2 0 2 2 2 2 2 2 2 
2 2 2 2 2 2 2 
2 2 0 2 2 2 2 2 2 2 
2 2 0 2 2 2 2 2 2 2 
0 2 2 0 2 2 2 2 2 2 2 
2 2 0 2 2 2 2 2 2 2 
2 2 0 2 2 2 2 2 2 2 
2 0 2 2 2 2 2 2 2 
2 0 2 2 2 2 2 2 2 
2 0 2 2 2 2 2 2 2 
2 0 2 2 2 2 2 2 2 
2 0 2 2 2 2 2 2 2 
2 0 2 2 2 2 2 2 2 
2 0 2 2 2 2 2 2 2 
2 0 2 2 2 2 2 2 2 
2 0 2 2 2 2 2 2 2 
2 2 2 2 2 2 2 
2 2 0 2 2 2 2 2 2 2 
2 2 0 2 2 2 2 2 2 2 
2 2 2 0 2 2 2 2 2 2 2 
2 2 2 0 2 2 2 2 2 2 2 
2 2 2 0 2 2 2 2 2 2 2 
2 2 0 2 2 2 2 2 2 2 
2 2 0 2 2 2 2 2 2 2 
2 2 0 2 2 2 2 2 2 2 
2 2 2 0 7 2 2 2 2 2 2 2 
2 2 0 2 7 2 2 2 2 2 2 
2 2 0 2 7 2 2 2 2 2 2 
2 7 0 2 2 2 2 2 2 2 
2 7 0 2 2 2 2 2 2 2 
2 2 2 7 0 2 2 2 2 2 2 2 
2 2 2 2 2 2 2 2 2 
2 0 2 2 2 2 2 2 2 2 
2 0 2 2 2 2 2 2 2 2 
2 0 7 2 2 2 2 2 2 2 2 
2 0 7 2 2 2 2 2 2 2 2 
2 0 7 2 2 2 2 2 2 2 2 
2 0 2 2 2 2 2 2 2 2 
2 0 2 2 2 2 2 2 2 2 
2 0 7 2 2 2 2 2 2 2 2 
2 2 0 2 2 2 2 2 2 2 2 
2 2 0 2 2 2 2 2 2 2 2 
2 2 0 2 2 2 2 2 2 2 2 
0 2 2 2 2 2 2 2 2 
0 2 2 2 2 2 2 2 2 
0 2 2 2 2 2 2 2 2 
2 7 2 2 2 2 2 2 2 2 
2 0 2 2 2 2 2 2 2 
2 0 2 2 2 2 2 2 2 
2 0 2 2 2 2 2 2 2 
2 0 2 2 2 2 2 2 2 
2 0 2 2 2 2 2 2 2 
2 0 2 2 7 2 2 2 2 2 2 
2 0 2 2 7 2 2 2 2 2 2 
0 2 2 7 2 2 2 2 2 2 
0 2 2 7 2 2 2 2 2 2 
0 2 2 7 2 2 2 2 2 2 
0 2 2 7 2 2 2 2 2 2 
2 0 0 2 2 2 2 2 2 2 2 
0 0 2 2 2 2 2 2 2 2 
0 0 2 2 2 2 2 2 2 2 
2 2 2 2 2 2 2 2 2 
2 0 7 2 2 2 2 2 2 2 2 
0 7 2 2 2 2 2 2 2 2 
2 7 0 2 2 2 2 2 2 2 2 
2 7 0 2 2 2 2 2 2 2 2 
2 7 0 2 2 2 2 2 2 2 2 
0 0 7 2 2 2 2 2 2 2 2 
0 0 7 2 2 2 2 2 2 2 2 
0 0 7 2 2 2 2 2 2 2 2 
0 2 7 2 2 2 2 2 2 2 
0 7 2 2 2 2 2 2 2 2 
0 7 2 2 2 2 2 2 2 2 
2 0 7 2 2 2 2 2 2 2 2 
2 0 7 2 2 2 2 2 2 2 2 
2 0 7 2 2 2 2 2 2 2 2 
2 7 2 2 2 2 2 2 2 2 
2 7 0 2 2 2 2 2 2 2 2 
2 7 0 2 2 2 2 2 2 2 2 
2 0 2 7 2 2 2 2 2 2 2 
2 0 2 7 2 2 2 2 2 2 2 
2 0 2 7 2 2 2 2 2 2 2 
2 2 0 2 7 2 2 2 2 2 2 
2 0 2 2 7 2 2 2 2 2 2 
2 0 2 7 2 2 2 2 2 2 2 
0 2 2 2 2 2 2 2 2 
0 2 2 2 2 2 2 2 2 
0 2 2 2 2 2 2 2 2 
0 7 2 2 2 2 2 2 2 2 
0 7 2 2 2 2 2 2 2 2 
0 7 2 2 2 2 2 2 2 2 
2 2 7 2 2 2 2 2 2 2 
2 7 2 2 2 2 2 2 2 
2 7 2 2 2 2 2 2 2 
0 2 7 2 2 2 2 2 2 2 
0 2 2 7 2 2 2 2 2 2 
0 2 2 7 2 2 2 2 2 2 
2 7 2 2 2 2 2 2 2 
2 7 2 2 2 2 2 2 2 
2 7 2 2 2 2 2 2 2 
0 7 2 2 2 7 2 2 2 2 2 2 
0 2 2 2 7 2 2 2 2 2 2 
0 2 2 2 7 2 2 2 2 2 2 
2 0 7 2 2 2 7 2 2 2 2 2 2 
2 7 2 2 2 7 2 2 2 2 2 2 
2 7 2 2 2 7 2 2 2 2 2 2 
2 2 2 2 7 2 2 2 2 2 
0 2 2 2 2 7 2 2 2 2 
2 2 2 2 2 2 7 2 2 2 
2 0 2 2 2 2 2 2 2 7 2 2 
0 2 2 2 2 2 2 2 7 2 2 
0 2 2 2 2 2 2 2 7 2 2 
2 2 2 2 2 7 2 2 2 2 
2 2 2 2 2 7 2 2 2 2 
2 2 0 2 2 2 2 7 2 2 2 2 
2 0 2 2 7 2 2 2 2 2 2 
2 0 2 2 7 2 2 2 2 2 2 
2 0 2 2 7 2 2 2 2 2 2 
2 0 2 2 7 2 2 2 2 2 2 
2 0 2 2 7 2 2 2 2 2 2 
2 0 2 2 7 2 2 2 2 2 2 
2 2 2 2 7 2 2 2 2 2 2 
2 0 2 2 7 2 2 2 2 2 2 2 
2 0 2 2 7 2 2 2 2 2 2 2 
0 2 2 2 2 7 2 2 2 2 2 
0 2 2 2 2 7 2 2 2 2 2 
0 2 2 2 2 7 2 2 2 2 2 
2 0 2 2 7 2 2 2 2 2 2 2 
2 0 2 2 7 2 2 2 2 2 2 2 
2 0 2 2 7 2 2 2 2 2 2 
0 2 2 7 2 2 2 2 2 2 2 
0 2 2 7 2 2 2 2 2 2 2 
0 2 2 7 2 2 2 2 2 2 2 
0 2 2 2 2 2 2 2 2 2 2 
0 2 2 2 2 2 2 2 2 2 2 
0 2 2 2 2 2 2 2 2 2 
2 2 2 2 2 2 2 2 2 
2 2 2 2 2 2 2 2 2 2 
2 2 2 2 2 2 2 2 2 2 
2 2 2 2 2 2 2 2 2 2 
2 2 2 2 2 2 2 2 2 2 
2 2 2 2 2 2 2 2 2 2 
2 7 2 2 2 2 2 2 2 2 2 
2 7 2 2 2 2 2 2 2 2 2 
2 7 2 2 2 2 2 2 2 2 2 
2 7 2 2 2 2 2 2 2 2 2 
2 2 7 2 2 2 2 2 2 2 2 
2 2 7 2 2 2 2 2 2 2 2 
2 2 2 2 7 2 2 2 2 2 2 
2 2 2 2 7 2 2 2 2 2 2 
2 2 2 2 7 2 2 2 2 2 2 
2 2 2 2 2 2 2 2 
7 2 2 2 2 2 2 2 2 
2 2 2 2 2 2 2 2 
2 2 2 2 2 2 2 2 
2 2 7 2 2 2 2 2 2 
2 2 7 2 2 2 2 2 2 
7 2 2 2 7 2 2 2 2 2 
7 2 2 2 7 2 2 2 2 2 
0 7 2 2 2 7 2 2 2 2 2 
0 2 2 2 2 7 2 2 2 2 
0 2 2 2 2 7 2 2 2 2 
0 2 2 2 2 7 2 2 2 2 
0 2 2 7 2 2 2 2 2 2 
0 2 2 7 2 2 2 2 2 2 
0 2 2 7 2 2 2 2 2 2 
2 7 2 2 2 2 2 2 
2 7 2 2 2 2 2 2 
2 7 2 2 2 2 2 2 
7 2 2 2 2 2 2 2 
0 7 2 2 2 2 2 2 2 
0 0 7 2 2 2 2 2 2 2 
0 2 7 2 2 2 2 2 2 
0 2 7 2 2 2 2 2 2 
2 7 2 2 2 2 2 2 
2 2 7 2 2 2 2 2 2 
0 2 2 7 2 2 2 2 2 2 
0 2 2 7 2 2 2 2 2 2 
0 0 2 2 7 2 2 2 2 2 2 
0 0 2 2 7 2 2 2 2 2 2 
0 0 2 2 7 2 2 2 2 2 2 
2 2 2 2 2 2 2 2 
2 2 2 2 2 2 2 
2 0 2 2 2 2 2 2 
2 0 2 2 2 2 2 
2 0 2 2 2 2 2 
2 0 2 2 2 2 2 
0 2 2 2 2 2 2 
0 2 2 2 2 2 2 
0 2 2 2 2 2 2 
0 2 2 2 2 2 2 
0 2 2 2 2 2 2 
0 2 2 2 2 2 2 
2 0 2 2 2 2 2 
2 0 2 2 2 2 2 
2 0 2 2 2 2 2 
2 2 2 2 2 2 2 
2 2 2 2 2 2 2 
0 2 2 2 2 2 2 2 
0 2 2 2 2 2 2 
0 2 2 2 2 2 2 
0 2 2 2 2 2 2 
2 0 2 2 2 2 2 
2 0 2 2 2 2 2 
0 2 2 2 2 2 2 
0 2 2 2 2 2 
0 2 2 2 2 2 
0 2 2 2 2 2 
0 2 2 2 2 2 
0 2 2 2 2 2 
0 2 2 2 2 2 
2 2 2 2 
2 2 2 2 
2 2 2 2 
2 2 2 2 
2 2 2 2 
2 2 2 2 
2 2 2 2 
2 2 2 2 
2 2 2 2 
2 2 2 2 
2 2 2 2 
2 2 2 2 
2 2 2 2 
2 2 2 2 
2 2 2 2 
2 2 2 2 
0 2 2 2 2 
0 2 2 2 2 
0 2 2 2 2 
2 2 2 2 
2 2 2 2 
2 2 2 2 2 
2 2 2 2 
2 2 2 2 
7 2 2 2 2 
7 2 2 2 2 
7 2 2 2 2 
7 2 2 2 2 
7 2 2 2 2 
7 2 2 2 2 
2 2 2 2 2 
2 2 2 2 
2 2 2 2 
0 2 2 2 2 
0 2 2 2 2 
0 2 2 2 2 
0 2 2 2 2 
0 2 2 2 2 
0 2 2 2 2 
0 2 2 2 2 
0 2 2 2 2 
0 2 2 2 2 
0 2 2 2 2 
0 2 2 2 2 
0 2 2 2 2 
2 2 2 2 
2 2 2 2 
0 2 2 2 2 
2 2 2 2 
2 2 2 2 
2 2 2 2 
0 2 2 2 2 
0 2 2 2 2 
0 2 2 2 2 
0 2 2 2 2 
0 2 2 2 2 
0 2 2 2 2 
0 2 2 2 2 
0 2 2 2 2 
0 2 2 2 2 
2 2 2 2 2 
0 2 2 2 2 
0 2 2 2 2 
0 2 2 2 2 
0 2 2 2 2 
0 2 2 2 2 
0 2 2 2 2 
0 2 2 2 2 
0 2 2 2 2 
2 2 2 2 
2 2 2 2 
2 2 2 2 
2 2 2 2 
2 2 2 2 
2 2 2 2 
2 2 2 2 2 
0 2 2 2 2 
0 0 2 2 2 2 
0 0 2 2 2 2 
0 0 2 2 2 2 
0 0 2 2 2 2 
2 0 2 2 2 2 
0 2 0 2 2 2 2 
2 2 2 2 
2 2 2 2 
2 2 2 2 
2 2 2 2 
0 2 2 2 2 
0 2 2 2 2 
2 2 2 2 
2 2 2 2 2 
2 2 2 2 2 
2 2 2 2 2 
2 2 2 2 2 
2 2 2 2 2 
2 2 2 2 2 
2 2 2 2 2 
2 2 2 2 2 
2 2 2 2 2 
2 2 2 2 2 
2 2 2 2 2 
2 2 2 2 2 
2 2 2 2 2 
2 2 2 2 2 
2 2 2 2 2 
2 2 2 2 2 
2 2 2 2 2 
2 2 2 2 2 
2 2 2 2 2 
2 2 2 2 2 
2 2 2 2 2 
2 2 2 2 2 
2 2 2 2 2 
2 2 2 2 2 
2 2 2 2 2 
2 2 2 2 2 
2 2 2 2 2 
2 2 2 2 2 
2 2 2 2 2 
2 2 2 2 2 
2 2 2 2 2 2 
2 2 2 2 2 2 
2 2 2 2 2 2 
2 2 2 2 2 2 
2 2 2 2 2 2 
2 2 2 2 2 2 
2 2 2 2 2 2 
2 2 2 2 2 2 
2 2 2 2 2 2 
2 2 2 2 2 2 
2 2 2 2 2 2 
2 2 2 2 2 2 
0 2 2 2 2 2 2 
0 2 2 2 2 2 2 
0 2 2 2 2 2 2 
2 2 2 2 2 2 2 2 
2 0 2 2 2 2 2 2 2 
2 0 2 2 2 2 2 2 2 
0 2 2 2 2 2 2 2 
0 2 2 2 2 2 2 2 
0 2 2 2 2 2 2 2 
2 0 2 2 2 2 2 2 2 
0 2 2 2 2 2 2 2 
2 0 2 2 2 2 2 2 2 
0 2 2 2 2 2 2 2 
0 2 2 2 2 2 2 2 2 
0 2 2 2 2 2 2 2 2 
2 0 2 2 2 2 2 2 2 
2 0 2 2 2 2 2 2 2 
0 2 2 2 2 2 2 2 
2 2 2 2 2 
2 2 2 2 2 2 
2 2 2 2 2 2 
2 2 2 2 2 2 
2 2 2 2 2 
2 2 2 2 2 
2 2 2 2 2 2 
2 2 2 2 2 
2 2 2 2 2 2 
2 2 2 2 2 2 
2 2 2 2 2 2 
2 2 2 2 2 2 
2 2 2 2 2 2 
2 2 2 2 2 2 
2 2 2 2 2 2 
2 2 2 2 2 2 2 
2 0 2 2 2 2 2 2 2 
2 0 2 2 2 2 2 2 2 
2 0 2 2 2 2 2 2 2 
0 2 2 2 2 2 2 2 2 
0 2 2 2 2 2 2 2 2 
2 0 2 2 2 2 2 2 2 2 
2 2 2 2 2 2 2 2 2 
2 2 2 2 2 2 2 2 2 
2 2 2 2 2 2 2 2 2 
2 2 2 2 2 2 2 2 2 
2 2 2 2 2 2 2 2 2 
2 2 2 2 2 2 2 2 2 
2 2 2 2 2 2 2 2 2 
2 2 2 2 2 2 2 2 2 
2 2 2 2 2 2 
2 2 2 2 2 
2 2 2 2 2 
2 2 2 2 2 
2 2 2 2 2 
2 2 2 2 2 
2 2 2 2 2 
2 2 2 2 2 
2 2 2 2 2 2 
2 2 2 2 2 2 
2 2 2 2 2 2 
2 2 2 2 2 2 
2 2 2 2 2 2 
2 2 2 2 2 2 
2 2 2 2 2 
2 2 2 2 2 2 2 2 
2 2 2 2 2 2 2 2 2 
2 2 2 2 2 2 2 2 2 
2 2 2 2 2 2 2 2 2 
2 2 2 2 2 2 2 2 2 
2 2 2 2 2 2 2 2 2 
2 2 2 2 2 2 2 2 2 
2 2 2 2 2 2 2 2 2 
2 2 2 2 2 2 2 2 2 
2 2 2 2 2 2 2 2 2 
2 2 2 2 2 2 2 2 2 
2 2 2 2 2 2 2 2 2 
2 2 2 2 2 2 2 2 2 
2 2 2 2 2 2 2 2 2 
2 2 2 2 2 2 2 2 2 
2 2 2 2 2 
2 2 2 2 2 
2 2 2 2 2 
2 2 2 2 2 
2 2 2 2 2 
2 2 2 2 2 
2 2 2 2 2 
2 2 2 2 2 
2 2 2 2 2 
0 2 2 2 2 2 
0 2 2 2 2 2 
0 2 2 2 2 2 
0 2 2 2 2 2 
0 2 2 2 2 2 
0 2 2 2 2 2 
2 2 2 2 2 2 2 
2 2 2 2 2 2 2 2 
2 2 2 2 2 2 2 2 
0 2 2 2 2 2 2 2 2 
0 2 2 2 2 2 2 2 2 
0 2 2 2 2 2 2 2 2 
0 2 2 2 2 2 2 2 2 
0 2 2 2 2 2 2 2 2 
2 2 2 2 2 2 2 2 
2 2 2 2 2 2 2 2 
2 2 2 2 2 2 2 2 
2 2 2 2 2 2 2 2 
2 2 2 2 2 2 2 2 
2 2 2 2 2 2 2 2 
2 2 2 2 2 2 2 2 
2 2 2 2 2 2 2 2 
2 2 2 2 2 2 2 2 2 
2 2 2 2 2 2 2 2 2 
2 2 2 2 2 2 2 2 2 
2 2 2 2 2 2 2 2 2 
2 2 2 2 2 2 2 2 2 
2 2 2 2 2 2 2 2 2 
2 2 2 2 2 2 2 2 2 
2 2 2 2 2 2 2 2 2 
2 2 2 2 2 2 2 2 2 
2 2 2 2 2 2 2 2 2 
2 2 2 2 2 2 2 2 2 
2 2 2 2 2 2 2 2 
2 2 2 2 2 2 2 2 
2 2 2 2 2 2 2 2 
2 2 2 2 2 2 2 
2 2 2 2 2 2 2 
2 2 2 2 2 2 2 2 
2 2 2 2 2 2 2 2 
2 2 2 2 2 2 2 2 
2 2 2 2 2 2 2 2 
2 2 2 2 2 2 2 2 
2 2 2 2 2 2 2 2 
2 2 2 2 2 2 2 2 
2 2 2 2 2 2 2 2 
2 2 2 2 2 2 2 2 
2 2 2 2 2 2 2 2 
2 2 2 2 2 2 2 2 2 
2 2 2 2 2 2 2 2 2 
2 2 2 2 2 2 2 2 2 
2 2 2 2 2 
2 2 2 2 2 
2 2 2 2 2 
2 2 2 2 2 
2 2 2 2 2 
2 2 2 2 2 
2 2 2 2 2 
2 2 2 2 2 
2 2 2 2 2 
2 2 2 2 2 
2 2 2 2 2 
2 2 2 2 2 
2 2 2 2 2 
2 2 2 2 2 
2 2 2 2 2 
2 2 2 2 2 2 2 2 
2 2 2 2 2 2 2 2 
2 2 2 2 2 2 2 2 
2 2 2 2 2 2 2 2 
2 2 2 2 2 2 2 2 
2 2 2 2 2 2 2 2 
2 2 2 2 2 2 2 2 
2 2 2 2 2 2 2 
2 2 2 2 2 2 2 
2 2 2 2 2 2 2 
2 2 2 2 2 2 2 
2 2 2 2 2 2 2 
2 2 2 2 2 2 2 
2 2 2 2 2 2 2 
2 2 2 2 2 2 2 2 
2 2 2 2 2 
2 2 2 2 2 
2 2 2 2 2 
2 2 2 2 2 
2 2 2 2 2 
2 2 2 2 2 
2 2 2 2 2 
2 2 2 2 2 
2 2 2 2 2 
2 2 2 2 2 
2 2 2 2 2 
2 2 2 2 2 
2 2 2 2 2 
2 2 2 2 2 
2 2 2 2 2 
2 2 2 2 2 
2 2 2 2 2 
2 2 2 2 2 
2 2 2 2 2 
2 2 2 2 2 
2 2 2 2 2 
2 2 2 2 2 
2 2 2 2 2 
2 2 2 2 2 
2 2 2 2 2 
2 2 2 2 2 
2 2 2 2 2 
2 2 2 2 2 
2 2 2 2 2 
2 2 2 2 2 
2 2 2 2 2 
2 2 2 2 
2 2 2 2 
2 2 2 2 
2 2 2 2 
2 2 2 2 
2 2 2 2 
2 2 2 2 
2 2 2 2 
2 2 2 2 
2 2 2 2 
2 2 2 2 
2 2 2 2 
2 2 2 2 
2 2 2 2 
2 2 2 2 2 
2 2 2 2 
2 2 2 2 
2 2 2 2 
2 2 2 2 
2 2 2 2 
2 2 2 2 
2 2 2 2 
2 2 2 2 
2 2 2 2 
2 2 2 2 
2 2 2 2 
2 2 2 
2 2 2 
2 2 2 
2 2 2 
2 2 2 
2 2 2 
2 2 2 
2 2 2 
2 2 2 
2 2 2 
2 2 2 
2 2 2 
2 2 2 
2 2 2 
2 2 2 
2 2 2 
2 2 2 
2 2 2 
2 2 2 2 
2 2 2 
2 2 2 
2 2 2 
2 2 2 
2 2 2 
2 2 2 
2 2 2 
2 2 2 
2 2 2 
2 2 2 
2 2 2 
2 2 2 
2 2 2 
2 2 2 
2 2 2 2 
2 2 2 
2 2 2 2 
2 2 2 2 
2 2 2 2 
2 2 2 2 
2 2 2 2 
2 2 2 2 
2 2 2 2 
2 2 2 2 
2 2 2 2 
2 2 2 2 
2 2 2 2 
2 2 2 2 
2 2 2 2 
2 2 2 2 
2 2 2 2 
2 2 2 2 
2 2 2 2 
2 2 2 2 
2 2 2 2 
2 2 2 
2 2 2 
2 2 2 
2 2 2 
2 2 2 
2 2 2 
2 2 2 
2 2 2 
2 2 2 
2 2 2 
2 2 2 
2 2 2 
2 2 2 
2 2 2 
2 2 2 
2 2 2 
2 2 2 
2 2 2 
2 2 2 
2 2 2 
2 2 2 
2 2 2 
2 2 2 
2 2 2 
2 2 2 2 2 2 2 2 
2 2 2 2 2 2 2 2 2 
2 2 2 2 2 2 2 2 2 
2 2 2 2 2 2 2 2 2 
0 2 2 2 2 2 2 2 2 2 
0 2 2 2 2 2 2 2 2 2 
