2 2 2 2 2 2 2 7 2 2 
2 2 2 7 2 2 2 2 
2 2 2 2 7 2 2 2 2 
2 2 2 7 2 2 2 2 
2 2 2 2 7 2 2 2 2 
2 2 2 2 7 2 2 2 2 
2 2 2 2 2 7 2 2 2 2 
2 2 2 2 7 2 2 2 2 
2 2 2 7 2 2 2 2 
2 2 2 2 2 7 2 2 2 
2 2 2 2 7 2 2 2 
2 2 2 2 7 2 2 2 
2 2 2 7 2 2 2 2 
2 2 2 7 2 2 2 2 
2 2 2 7 2 2 2 2 
2 2 2 2 2 7 2 2 
0 2 2 2 2 2 7 2 2 
2 0 2 2 2 7 2 2 
0 2 2 2 2 2 7 2 2 
0 2 2 2 2 7 2 2 
0 2 2 2 2 7 2 2 
0 2 2 2 2 7 2 2 
0 2 2 2 2 7 2 2 
0 2 2 2 2 7 2 2 
0 2 2 2 2 7 2 2 
0 2 2 2 2 7 2 2 
0 2 2 2 2 7 2 2 
2 2 2 2 7 2 2 
2 2 2 2 7 2 2 
2 2 2 2 7 2 2 
2 7 2 2 2 2 2 2 7 2 2 
2 2 7 2 2 2 7 2 2 
2 2 2 7 2 2 2 7 2 2 
2 2 2 7 2 7 2 2 2 2 
2 2 2 7 2 7 2 2 2 2 
2 2 2 7 2 7 2 2 2 2 
2 2 7 2 2 2 7 2 2 2 2 
2 2 7 2 2 2 7 2 2 2 2 
2 7 2 2 2 7 2 2 2 2 
2 2 2 7 7 2 2 2 2 2 2 2 
2 2 2 7 2 7 2 2 2 2 2 2 
2 2 2 7 2 7 2 2 2 2 2 2 
2 7 2 2 2 2 2 2 2 2 
2 7 2 2 2 2 2 2 2 2 
2 7 2 2 2 2 2 2 2 2 
2 2 2 7 2 2 2 2 2 2 
2 2 2 2 7 2 2 2 2 2 
2 2 2 2 7 2 2 2 2 2 
2 2 2 7 2 2 2 2 2 2 
2 2 2 7 2 2 2 2 2 2 
2 2 2 7 2 2 2 2 2 2 
2 2 2 7 2 2 2 2 2 2 2 
2 2 7 2 2 2 2 2 2 2 2 
0 2 2 7 2 2 2 2 2 2 2 
2 2 0 2 7 2 2 2 2 2 2 
2 0 2 2 7 2 2 2 2 2 2 
2 0 2 2 7 2 2 2 2 2 2 
2 2 2 2 7 2 2 2 2 
2 2 2 7 2 2 2 2 
7 2 2 2 7 2 2 2 2 
2 2 2 2 7 2 2 2 2 2 2 
2 2 2 0 2 2 2 7 2 2 2 2 
2 2 2 0 2 2 2 7 2 2 2 2 
2 2 2 0 2 2 7 2 2 2 2 2 
2 2 2 0 2 2 7 2 2 2 2 
2 2 2 0 2 2 7 2 2 2 2 
2 2 7 0 2 2 7 2 2 2 2 
2 2 7 0 2 2 7 2 2 2 2 
2 2 7 0 2 2 7 2 2 2 2 
2 0 2 2 7 2 7 2 2 2 
2 0 2 7 2 2 7 2 2 2 
2 0 2 7 2 2 7 2 2 2 
2 0 2 7 2 7 2 2 2 2 
2 0 2 7 2 7 2 2 2 2 
2 2 7 2 7 2 2 2 2 
2 2 2 2 2 7 2 2 2 2 
2 7 2 7 2 2 2 2 
2 7 2 7 2 2 2 2 
2 0 7 2 2 2 7 2 2 2 2 
2 7 2 0 2 2 7 2 2 2 2 
2 7 2 0 2 2 7 2 2 2 2 
2 2 2 2 0 2 2 2 7 2 2 2 
2 2 2 2 0 2 2 2 7 2 2 2 
2 2 2 2 0 2 2 2 7 2 2 2 
2 2 2 2 0 2 2 7 2 2 2 2 2 
2 2 2 0 2 2 7 2 2 2 2 2 
2 2 2 0 2 2 7 2 2 2 2 2 
2 2 2 2 7 2 2 7 2 2 2 2 
2 2 2 2 7 2 2 7 2 2 2 2 
2 2 2 2 7 2 2 7 2 2 2 2 
7 2 2 7 2 7 2 2 2 2 
7 2 7 2 7 2 2 2 2 
7 7 2 7 2 2 2 2 
7 2 7 7 2 2 2 
2 7 7 2 2 2 
2 7 7 2 2 2 
7 2 7 7 2 2 2 
7 2 7 7 2 2 2 
0 7 2 7 7 2 2 2 
0 2 7 2 7 2 2 2 
0 2 2 7 7 2 2 2 
0 2 2 7 7 2 2 2 
0 2 7 2 7 2 2 2 
0 2 7 2 7 2 2 2 
0 2 7 2 7 2 2 2 
2 2 2 7 2 2 2 2 
2 7 2 2 2 2 
2 7 2 2 2 2 
2 2 2 7 2 2 2 
2 7 2 2 2 
2 7 2 2 2 
2 2 2 7 2 2 
2 2 2 7 2 2 
2 2 2 7 2 2 
2 2 7 2 2 2 
2 7 2 2 2 
2 7 2 2 2 
2 2 7 2 2 
2 2 7 2 2 
2 2 7 2 2 
7 7 2 2 2 
2 7 7 2 2 2 
2 7 7 2 2 2 
0 7 2 2 7 2 
0 7 2 2 7 2 
0 7 2 2 7 2 
0 7 2 2 7 2 2 
0 7 2 2 7 2 2 
0 7 2 2 7 2 2 
0 5 7 2 2 7 2 2 
5 0 7 2 2 7 2 2 
5 0 7 2 2 7 2 2 
2 0 7 2 7 2 2 2 
2 0 7 2 7 2 2 2 
2 0 7 2 7 2 2 2 
2 7 2 7 2 2 2 
2 7 2 7 2 2 2 
0 2 7 2 7 2 2 2 
0 2 7 7 2 2 2 
0 2 7 7 2 2 2 
0 2 7 7 2 2 2 
2 2 2 7 7 2 2 2 
2 2 2 7 7 2 2 2 
2 2 2 7 7 2 2 2 
2 7 2 2 7 2 2 2 
7 2 7 2 2 2 2 
7 2 7 2 2 2 2 
2 3 7 2 7 2 2 
2 2 3 7 7 2 2 2 
2 2 3 7 7 2 2 2 
2 2 0 2 7 7 2 2 2 
2 0 2 7 7 2 2 2 
2 0 2 7 7 2 2 2 
2 0 2 2 7 7 2 
0 2 2 2 7 7 2 
0 2 2 2 7 7 2 
2 7 2 2 2 7 
2 7 2 2 2 7 
2 2 7 2 2 7 
0 2 7 2 7 2 
0 2 7 2 7 2 
0 2 7 2 7 2 
0 7 2 7 2 2 
0 7 2 7 2 2 
0 7 2 7 2 2 
2 2 2 2 7 
2 2 2 2 7 
2 2 2 2 7 
2 2 2 7 2 
2 2 2 7 2 
2 2 2 7 2 
2 2 7 2 2 2 
2 7 2 2 2 2 
2 7 2 2 2 2 
2 2 2 2 2 
2 2 2 2 2 
2 2 2 2 2 
2 2 2 2 2 
2 2 2 2 2 
2 2 2 2 2 
2 7 2 7 2 2 2 
7 2 2 2 2 
7 7 2 2 2 2 
7 2 2 2 2 
7 2 2 2 2 
7 2 2 2 2 
2 7 7 2 2 2 
2 7 7 2 2 2 
2 7 7 2 2 2 
2 2 7 7 2 2 
2 2 7 7 2 2 
2 2 7 7 2 2 
2 7 2 7 2 2 
2 7 2 7 2 2 
2 7 7 2 2 2 
2 2 7 2 2 
2 7 2 2 
2 7 2 2 
2 2 7 2 
2 2 7 2 
2 2 7 2 
2 7 2 2 
2 7 2 2 
2 7 2 2 
2 7 2 2 
2 7 2 2 
2 7 2 2 
7 2 2 
2 7 2 2 
2 7 2 2 
2 2 7 2 2 2 
2 2 7 2 2 
2 2 7 2 2 
7 2 2 2 
2 7 2 2 2 
2 7 2 2 2 
2 2 2 7 2 2 
2 2 2 7 2 2 
2 2 2 7 2 2 
2 2 7 2 2 2 
2 2 7 2 2 2 
2 2 7 2 2 2 
2 2 2 2 7 2 2 2 
2 2 2 2 7 2 2 2 
2 2 2 2 7 2 2 2 
2 2 7 2 2 2 2 
2 2 2 7 2 2 2 
2 2 7 2 2 2 2 
2 2 2 2 7 2 2 2 
2 2 2 2 7 2 2 2 
2 2 2 2 7 2 2 2 
2 2 7 2 2 2 2 2 
2 2 7 2 2 2 2 2 
2 2 7 2 2 2 2 2 
2 2 2 7 2 2 2 2 
2 2 2 7 2 2 2 2 
2 2 2 7 2 2 2 2 
2 2 2 7 2 2 2 2 
2 2 2 7 2 2 2 2 
2 2 2 7 2 2 2 2 
2 2 2 2 2 2 2 2 2 7 2 2 
2 2 2 7 2 2 2 2 7 2 2 
2 2 2 7 2 2 2 2 7 2 2 
2 2 2 2 2 2 2 2 7 2 2 
7 2 2 2 2 2 2 7 2 2 2 
7 2 2 2 2 2 2 7 2 2 2 
2 0 2 2 2 2 7 2 2 2 2 2 
2 0 2 2 2 2 7 2 2 2 2 2 
2 2 2 0 2 2 7 2 2 2 2 2 
2 0 2 2 2 7 2 2 2 2 2 2 
2 2 0 2 2 2 7 2 2 2 2 2 2 
2 0 2 2 2 2 7 2 2 2 2 2 2 
2 2 0 2 2 2 2 7 2 2 2 2 2 
2 2 0 2 2 2 2 7 2 2 2 2 2 
2 0 2 2 2 2 2 7 2 2 2 2 
2 2 2 7 2 2 2 2 
2 2 2 2 2 2 2 2 2 2 
2 2 2 2 2 2 2 2 2 2 2 
2 2 2 2 2 2 2 2 2 
2 2 2 2 2 2 2 2 
2 2 2 2 2 2 2 2 
2 2 2 2 2 2 2 2 
2 2 2 2 2 2 2 2 
2 2 2 2 2 2 2 2 
2 2 2 2 2 2 2 2 
2 2 2 2 2 2 2 2 
2 2 2 2 2 2 2 2 
2 2 7 2 2 2 2 2 
2 2 7 2 2 2 2 2 
2 2 7 2 2 2 2 2 
2 2 2 2 2 2 2 2 7 2 2 2 
2 2 2 2 2 2 7 2 2 2 
2 2 2 2 2 2 7 2 2 2 
2 2 2 2 2 2 2 7 2 2 
2 2 2 2 2 2 2 7 2 2 
2 2 2 2 2 2 7 2 2 2 
2 2 2 7 2 2 2 2 2 
2 2 2 7 2 2 2 2 2 
2 2 2 7 2 2 2 2 2 
2 2 2 7 2 2 2 2 
2 2 7 2 2 2 2 2 
2 2 7 2 2 2 2 2 
2 2 2 7 2 2 2 2 2 
2 2 2 7 2 2 2 2 2 
2 2 2 7 2 2 2 2 2 
2 2 2 7 2 2 2 2 2 2 2 2 
2 2 7 2 2 2 2 2 
5 2 2 7 2 2 2 2 2 
2 7 2 2 2 2 2 2 2 
2 7 2 2 2 2 2 2 2 
2 7 2 2 2 2 2 2 2 
2 0 2 2 2 2 2 2 2 2 2 
2 5 0 2 2 2 2 2 2 2 2 2 
2 2 2 2 2 2 2 2 2 2 
2 2 2 5 2 2 2 2 2 2 
2 2 2 2 5 2 2 2 2 2 
2 5 2 2 2 2 2 2 2 2 
5 2 2 2 2 2 2 2 2 2 
5 2 2 2 2 2 2 2 2 2 
5 2 2 2 2 2 2 2 2 2 
2 2 2 2 2 2 2 2 7 2 2 
2 2 2 2 2 2 2 2 7 2 2 2 2 2 
2 2 2 2 2 2 2 2 2 7 2 2 2 2 2 
2 2 2 2 2 2 2 2 7 2 2 2 2 2 
2 2 2 2 2 2 2 2 7 2 2 2 2 
2 2 2 2 2 2 2 2 7 2 2 2 2 
2 2 2 2 2 2 2 2 2 7 2 2 2 
2 2 2 2 2 2 2 2 2 7 2 2 2 
2 2 2 2 2 2 2 2 2 2 7 2 2 2 
2 2 2 2 2 2 2 2 2 2 7 2 2 
2 2 2 2 2 2 2 2 2 2 7 2 2 
2 2 2 2 2 2 2 2 2 2 7 2 2 
2 2 2 2 2 2 2 2 2 7 2 2 
2 2 2 2 2 2 2 2 2 2 7 2 2 
2 2 2 2 2 2 2 2 2 2 7 2 2 
2 2 2 2 2 2 2 2 2 2 2 2 
2 2 2 2 2 2 2 2 2 
2 2 2 2 2 2 2 2 2 2 
2 2 2 2 2 2 2 2 2 2 
2 2 2 2 2 2 2 2 2 2 
2 2 2 2 2 2 2 2 2 2 
2 2 2 2 2 2 2 2 2 2 
2 2 2 2 2 2 2 2 2 2 
2 2 2 2 2 2 2 2 2 2 
2 2 2 2 2 2 2 2 2 2 
2 2 2 2 2 2 2 2 2 
2 2 2 2 2 2 2 2 2 
2 2 2 2 2 2 2 2 2 
2 2 2 2 2 2 2 2 2 
2 2 2 2 2 2 2 2 2 
2 2 2 2 2 2 2 
2 2 2 2 2 2 2 
2 2 2 2 2 2 2 
2 2 2 2 2 2 2 
2 2 2 2 2 2 2 
2 2 2 2 2 2 2 
2 2 2 2 2 2 2 
2 2 2 2 2 2 2 
2 2 2 2 2 2 2 
2 2 2 2 2 2 2 
2 2 2 2 2 2 2 
2 2 2 2 2 2 2 
2 2 2 2 2 2 2 
2 2 2 2 2 2 2 
2 2 2 2 2 2 2 
2 2 2 2 2 2 2 2 2 
2 2 2 2 2 2 2 2 2 
2 2 2 2 2 2 2 2 2 
2 2 2 2 2 2 2 2 2 
2 2 2 2 2 2 2 2 2 
2 2 2 2 2 2 2 2 2 
2 2 2 2 2 2 2 2 2 
2 2 2 2 2 2 2 2 2 2 
2 2 2 2 2 2 2 2 2 2 2 
2 2 7 2 2 2 2 2 2 2 2 
2 2 7 2 2 2 2 2 2 2 2 
2 2 7 2 2 2 2 2 2 2 2 
2 2 7 2 2 2 2 2 2 2 
2 2 7 2 2 2 2 2 2 2 
2 2 7 2 2 2 2 2 2 2 
2 2 2 2 2 2 2 2 7 2 
2 2 2 2 7 0 2 2 2 2 2 7 2 
2 2 2 2 7 2 2 0 2 2 2 7 2 
2 2 2 7 2 2 2 2 0 2 2 2 7 2 
2 2 7 2 2 2 2 0 2 2 2 2 2 7 2 
2 2 7 2 2 2 2 0 2 2 2 2 2 7 2 
2 2 2 2 2 0 2 2 2 7 2 
2 2 2 2 2 0 2 2 2 7 2 
2 2 2 2 2 2 0 2 2 2 7 2 
2 7 2 2 2 2 2 2 7 2 
2 7 2 2 2 2 2 2 7 2 
2 7 2 2 2 2 2 2 7 2 
4 2 7 7 2 2 2 2 2 2 7 2 
4 2 7 7 2 2 2 2 2 2 7 2 
4 2 7 7 2 2 2 2 2 2 7 2 
2 2 2 7 2 2 2 2 7 2 2 
7 2 2 2 2 7 2 2 2 2 7 2 
2 7 2 2 7 2 2 2 2 2 2 7 2 
2 2 2 2 2 2 7 2 2 2 7 2 
2 2 2 2 2 2 7 2 2 7 2 
2 2 2 2 2 2 7 2 2 7 2 
2 7 2 2 2 2 2 2 7 2 
2 7 2 2 2 2 2 7 2 
2 2 2 2 7 2 2 7 2 
2 2 2 2 2 7 2 2 2 7 2 
2 2 2 7 2 7 2 2 2 7 2 
2 2 2 7 2 7 2 2 2 7 2 
7 2 2 2 2 7 2 2 2 7 
7 2 2 2 7 2 2 2 2 7 
7 2 2 2 2 2 2 2 7 
2 2 2 2 2 2 2 7 2 2 2 
2 2 2 2 2 2 7 2 2 2 
2 2 2 2 2 2 2 7 2 2 2 
2 2 7 2 2 2 2 2 7 2 2 
2 2 7 2 2 2 2 2 7 2 2 
2 2 7 2 2 2 2 2 7 2 2 
2 7 2 2 2 2 2 7 2 2 
2 2 2 2 2 2 7 2 2 
2 2 2 2 2 2 7 2 2 
7 2 2 2 2 2 7 2 2 
7 2 2 2 2 2 7 2 2 
7 2 2 2 2 2 7 2 2 
2 2 2 2 2 7 2 2 
2 2 2 2 2 7 2 2 
2 2 2 2 2 7 2 2 
2 2 2 2 2 2 2 2 2 7 2 
0 2 2 2 2 2 2 7 2 
0 2 2 2 2 2 2 7 2 
2 2 2 2 2 2 7 2 
2 0 2 2 2 2 2 7 2 2 
2 0 2 2 2 2 2 7 2 2 
2 2 2 2 7 2 2 2 
2 2 2 2 7 2 2 2 
2 2 2 2 2 7 2 2 
2 2 2 2 2 2 7 2 2 
2 2 2 2 2 2 7 2 2 
2 2 2 2 2 2 7 2 2 
2 2 7 2 2 2 2 2 2 2 2 
2 2 7 2 2 2 2 2 2 2 2 
2 2 7 2 2 2 2 2 2 2 2 
2 2 7 2 2 2 2 2 2 2 2 
2 7 2 2 2 2 2 2 2 
7 2 2 2 2 2 2 2 2 
2 7 2 2 2 2 2 2 2 2 
7 2 2 2 2 2 2 2 2 2 
7 2 2 2 2 2 2 2 2 2 
7 2 2 2 2 2 2 2 2 2 
7 2 2 2 2 2 2 2 2 2 
7 2 2 2 2 2 2 2 2 2 
2 2 2 2 2 2 7 2 2 2 2 2 2 
2 2 2 2 2 2 7 2 2 2 2 
2 2 2 2 2 2 7 2 2 2 2 
2 2 2 2 2 2 2 2 7 2 2 
2 2 2 2 2 2 2 2 7 2 2 
2 2 2 2 2 2 2 2 7 2 2 
0 2 2 2 2 2 2 2 2 7 2 2 
2 2 2 2 2 2 2 2 7 2 2 
2 0 2 2 2 2 2 2 2 7 2 2 
2 2 2 2 2 2 2 2 7 2 2 
2 2 2 2 2 2 2 2 7 2 2 
2 2 2 2 2 2 2 2 7 2 2 
2 2 2 2 2 2 2 7 2 2 
2 2 2 2 2 2 2 7 2 2 
2 2 2 2 2 2 2 7 2 2 
2 2 2 2 7 2 2 2 2 7 2 
2 2 2 7 2 2 2 2 2 7 2 
2 2 2 7 2 2 2 2 2 7 2 
2 2 2 7 2 2 2 2 2 7 2 2 
2 2 2 7 2 2 2 2 2 7 2 2 
2 2 2 7 2 2 2 2 2 7 2 2 
2 2 2 2 2 2 7 2 2 2 2 2 
2 2 2 2 2 2 2 7 2 2 2 
2 2 2 2 2 2 2 7 2 2 2 
2 2 2 2 2 7 2 2 2 
2 2 2 2 2 7 2 2 2 
2 2 2 2 2 7 2 2 2 
2 0 2 2 7 2 2 2 2 2 
2 0 2 2 7 2 2 2 2 2 
0 2 2 7 2 2 2 2 2 
2 0 2 2 7 2 2 2 2 2 
2 0 2 2 2 7 2 2 2 2 2 
0 2 2 2 2 7 2 2 2 2 2 
2 0 2 2 2 7 2 2 2 2 2 
2 0 2 2 2 7 2 2 2 2 2 
2 0 2 2 2 7 2 2 2 2 2 
2 2 2 2 2 2 2 2 7 2 2 
2 2 2 2 7 0 2 2 7 2 2 2 
2 2 2 2 7 0 2 2 7 2 2 2 
2 2 2 7 2 2 0 2 2 7 2 2 2 
2 2 7 2 2 0 2 7 2 2 2 2 
2 2 7 2 2 0 2 7 2 2 2 2 
2 2 2 0 7 2 2 7 2 7 2 
2 2 2 0 7 2 2 7 2 7 2 
2 2 2 7 0 2 2 7 2 7 2 
2 0 2 2 7 2 2 2 7 2 
2 2 0 2 7 2 2 7 2 2 
2 2 0 2 7 2 2 2 7 2 
2 0 2 2 7 2 2 2 7 2 
2 0 2 2 7 2 2 2 7 2 
2 0 2 2 7 2 2 2 7 2 
2 7 7 2 2 2 2 2 7 2 2 
2 2 2 2 7 2 7 7 2 2 2 
2 2 2 2 7 7 2 2 2 
2 2 2 7 7 2 2 2 
2 2 2 7 7 2 2 2 
2 2 2 7 7 2 2 2 
2 2 7 2 2 7 2 2 
2 2 7 2 2 7 2 2 
2 2 2 7 2 2 7 2 2 
2 2 2 2 7 7 7 2 
2 2 7 2 2 7 7 2 
2 2 7 2 2 7 7 2 
2 2 7 2 7 2 2 2 7 2 
2 2 2 7 2 7 2 2 7 2 
2 2 7 2 7 2 2 2 7 2 
2 2 2 2 2 7 2 2 
0 2 7 2 7 2 2 7 2 
2 2 7 2 0 7 2 7 2 2 
7 2 2 2 0 7 7 2 7 2 2 
2 0 7 2 2 7 7 2 7 2 2 
2 0 7 2 2 7 7 2 7 2 2 
0 2 2 2 7 7 2 2 7 2 
0 2 2 7 7 2 2 7 2 
0 2 2 7 7 2 2 7 2 
2 0 7 2 7 2 2 2 7 2 
2 0 7 2 7 2 2 2 7 2 
2 0 7 2 7 2 2 2 7 2 
2 0 7 2 7 2 2 2 2 7 7 2 
2 0 7 2 7 2 2 2 2 7 7 2 
0 2 2 7 2 2 2 2 7 7 2 
7 2 2 2 2 2 7 2 2 2 2 
2 2 2 7 2 0 2 2 2 7 2 7 2 2 
7 2 2 2 2 0 7 2 2 7 2 2 2 7 2 
2 2 2 2 7 2 2 7 7 2 
2 0 2 2 7 2 2 2 7 7 2 
2 0 2 2 7 2 2 2 7 7 2 
2 2 2 2 7 2 7 2 7 2 
2 2 2 2 7 2 7 2 7 2 
2 2 2 2 7 2 7 2 7 2 
2 2 2 2 7 2 7 2 2 7 2 
2 2 2 2 2 7 2 2 7 7 2 
2 2 2 2 2 7 2 2 7 7 2 
2 7 2 2 2 2 2 2 7 7 2 2 
2 2 7 2 2 2 2 2 2 7 7 2 2 
2 2 2 7 2 2 2 2 2 7 7 2 2 
2 2 2 2 2 2 7 7 2 2 
2 2 2 2 2 2 2 2 7 2 2 
2 2 2 2 2 2 2 7 2 2 
2 2 2 2 2 2 2 7 2 2 2 
2 2 2 2 2 2 7 2 2 2 
2 2 2 2 2 2 7 2 2 2 
7 2 2 2 2 2 2 7 2 2 
7 2 2 2 2 2 2 7 2 2 
2 7 2 2 2 2 2 2 7 2 2 
0 2 7 2 2 2 2 2 7 2 2 
2 0 2 7 2 2 2 2 7 2 2 
2 0 2 7 2 2 2 2 7 2 2 
2 2 0 2 2 7 2 2 2 
2 2 0 2 2 7 2 2 2 
2 2 0 2 2 7 2 2 2 
2 2 2 2 2 2 2 7 2 
2 7 2 2 2 2 7 2 2 
2 2 2 2 2 7 2 2 
2 7 2 2 2 2 2 7 2 
0 7 2 2 2 2 2 7 2 
0 7 2 2 2 2 2 7 2 
2 2 2 2 2 7 2 2 
2 2 2 2 2 7 2 2 
7 2 2 2 2 2 7 2 2 
2 0 2 2 2 2 7 2 2 
2 2 2 2 2 7 2 2 
2 2 2 2 2 7 2 2 
2 2 2 2 2 2 7 2 
2 2 2 2 2 2 7 2 
2 2 2 2 2 2 7 2 
2 2 2 2 2 2 
2 2 2 2 2 
2 2 2 2 
2 2 2 2 2 
2 2 2 2 
2 2 2 2 
2 2 2 2 
2 2 2 2 
2 2 2 2 
2 2 2 2 2 
2 2 2 2 2 
2 2 2 2 2 
2 2 2 2 2 2 
2 2 2 2 2 2 
2 2 2 2 2 2 
2 2 2 2 7 2 2 2 2 
2 2 2 7 2 2 2 
2 2 2 2 7 2 2 
2 2 2 2 7 2 2 
0 2 2 2 2 7 2 2 
0 2 2 2 2 7 2 2 
0 2 2 2 2 7 2 2 2 
0 2 2 2 2 7 2 2 2 
0 2 2 2 7 2 2 2 2 
0 2 2 7 2 2 2 2 
0 2 2 7 2 2 2 2 
0 2 2 7 2 2 2 2 
0 2 2 2 7 2 2 2 
0 2 2 2 7 2 2 2 
0 2 2 2 7 2 2 2 
2 7 2 2 2 2 2 2 7 2 
0 7 7 2 2 2 2 2 7 2 
2 0 7 7 2 2 2 2 2 7 2 
2 0 2 7 2 2 2 2 2 7 2 
2 0 7 2 2 2 2 2 7 2 
2 0 7 2 2 2 2 2 7 2 
2 7 2 2 2 7 2 2 
2 7 2 2 2 7 2 2 
7 2 2 2 2 7 2 2 
2 2 2 7 2 7 2 2 
2 2 2 7 2 2 7 2 
2 2 2 7 2 2 7 2 
2 2 2 2 2 7 7 2 7 2 
2 2 2 2 2 7 7 2 7 2 
2 2 2 2 2 7 7 2 7 2 
4 2 2 2 2 7 2 2 7 2 
2 2 2 2 2 7 7 2 2 
2 2 2 2 2 7 7 2 2 
2 2 2 7 2 7 2 2 
2 2 2 2 2 7 7 2 2 
2 2 2 2 2 7 7 2 2 
2 4 2 0 2 2 2 7 2 7 2 2 2 
2 4 2 2 0 2 2 7 2 7 2 2 2 
4 0 2 2 2 2 2 7 2 7 2 2 2 
4 2 2 7 0 2 7 2 2 2 2 
2 2 0 7 2 2 2 7 2 2 
4 2 2 0 7 2 2 2 7 2 2 
2 2 7 0 2 2 2 7 2 2 
2 2 7 0 2 2 2 7 2 2 
2 0 7 2 2 2 7 2 2 
2 2 2 2 7 2 2 
2 7 2 2 2 7 2 2 
2 7 2 2 2 7 2 2 
2 2 2 2 7 2 2 2 
2 2 2 2 7 2 2 2 
2 2 2 2 7 2 2 2 
2 2 2 2 7 2 2 2 2 
2 2 2 2 2 7 2 2 2 
2 2 2 2 7 2 2 2 2 
2 2 2 2 7 2 2 2 
0 2 2 2 7 2 2 2 2 
0 2 2 2 7 2 2 2 2 
0 2 7 2 2 2 7 2 2 
0 2 7 2 2 2 7 2 2 
0 2 7 2 2 2 7 2 2 
2 2 2 2 2 7 2 2 2 
2 2 7 7 2 2 2 7 2 2 
2 2 7 2 7 2 2 2 7 2 
2 2 7 2 7 2 2 7 2 
2 2 7 2 2 7 2 7 2 
2 2 7 2 2 7 2 7 2 
2 2 7 2 2 7 7 2 
2 2 7 2 2 7 7 2 
2 2 7 2 2 7 7 2 
2 2 2 7 7 2 2 7 2 
2 2 2 7 7 2 7 2 2 
2 2 2 7 7 2 7 2 2 
2 2 2 7 2 7 7 2 2 
2 2 2 7 2 7 7 2 2 
2 2 2 7 7 2 7 2 2 
2 2 2 2 2 7 2 2 7 
7 2 2 2 2 7 2 7 
2 2 2 7 2 7 2 7 
7 2 2 2 7 2 7 2 2 
0 2 7 2 2 7 2 7 2 2 
0 2 7 2 2 7 2 7 2 2 
2 0 7 2 2 2 7 2 2 
2 0 7 7 2 2 2 7 2 2 
2 7 0 2 2 2 7 2 2 
0 7 2 7 2 2 2 2 7 
2 7 2 7 2 2 2 2 7 
2 7 2 7 2 2 2 2 7 
2 7 2 2 7 7 2 2 
2 7 2 2 7 7 2 2 
2 7 2 2 7 7 2 2 
2 2 2 2 2 7 7 2 
2 2 2 2 7 2 7 7 2 2 
2 2 2 7 2 7 7 2 2 
2 2 2 7 7 7 2 2 2 
2 2 2 7 7 2 7 2 2 
2 2 2 7 7 2 7 2 2 
2 2 7 2 7 2 2 7 2 
2 2 7 2 7 2 2 7 2 
2 2 2 7 7 2 2 7 2 
2 7 2 2 2 7 2 2 
2 7 2 2 2 7 2 2 
2 7 2 2 2 7 2 2 
2 7 2 7 7 2 2 
2 2 7 2 7 7 2 2 
2 2 2 7 2 7 7 2 2 
2 2 2 2 2 7 7 2 2 2 
2 2 7 7 2 2 2 2 
2 7 7 2 2 2 2 
2 2 7 2 7 2 2 2 
2 2 7 2 7 2 2 2 
2 2 7 2 7 2 2 2 
2 2 7 7 7 2 2 2 
2 2 7 7 7 2 2 2 
2 2 7 2 7 7 2 2 2 
2 2 2 7 7 2 2 2 
2 2 7 7 2 2 2 2 
2 2 7 2 7 2 2 2 
2 7 2 2 7 2 2 2 
2 7 2 2 7 2 2 2 
2 7 2 2 7 2 2 2 
2 2 2 2 2 7 2 2 2 2 
2 2 0 2 7 2 2 2 2 
2 0 2 2 7 2 2 2 2 
0 2 2 7 2 2 2 2 
0 2 2 7 2 2 2 2 
0 2 2 7 2 2 2 2 
2 2 0 7 2 2 2 2 
2 2 0 7 2 2 2 2 
2 2 2 0 7 2 2 2 2 
2 0 2 2 7 2 2 2 2 
0 2 2 7 2 2 2 2 
0 2 2 7 2 2 2 2 
2 2 0 7 2 2 2 2 
2 2 0 7 2 2 2 2 
2 2 0 7 2 2 2 2 
2 2 2 2 2 7 2 2 2 2 
0 2 2 2 7 2 2 2 2 
2 0 2 2 2 7 2 2 2 2 
2 2 0 2 2 2 7 2 2 2 2 
2 2 2 0 2 2 2 7 2 2 2 2 
2 2 2 0 2 2 2 7 2 2 2 2 
2 0 2 2 2 2 7 2 2 2 2 
2 0 2 2 2 2 7 2 2 2 2 
2 2 2 2 2 7 2 2 2 2 
2 2 2 2 2 2 7 2 2 2 
2 2 2 2 2 2 7 2 2 2 
2 2 2 2 2 2 7 2 2 2 
2 2 2 2 7 2 2 2 2 
2 2 2 2 7 2 2 2 2 
2 2 2 7 2 2 2 2 
2 2 2 2 7 2 2 2 2 7 2 2 2 
2 2 2 7 7 2 2 2 
2 2 2 7 7 2 2 2 
2 2 2 2 7 7 2 2 2 
2 2 2 2 7 7 2 2 2 
2 2 2 2 7 7 2 2 2 
2 2 2 2 7 7 2 2 2 
2 2 2 2 7 7 2 2 2 
2 2 2 2 7 7 2 2 2 
2 2 2 2 2 2 7 7 2 2 2 
2 2 2 2 2 2 7 7 2 2 2 
2 2 2 2 2 2 7 7 2 2 2 
2 2 7 2 2 7 2 2 2 
2 2 7 2 2 7 2 2 2 
2 2 7 2 2 7 2 2 2 
2 2 2 7 2 2 2 2 2 2 
2 2 2 2 2 7 2 2 2 2 
2 2 2 2 7 2 2 2 2 2 
2 2 2 2 2 7 2 2 2 2 
2 2 2 2 7 2 2 2 2 
2 2 2 2 2 7 2 2 2 
2 2 2 2 7 2 2 2 2 2 
2 2 2 2 7 2 2 2 2 2 
2 2 2 2 7 2 2 2 2 2 
2 2 2 7 2 2 2 2 2 
2 2 2 7 2 2 2 2 2 
2 2 2 7 2 2 2 2 2 
2 2 7 2 2 2 2 2 
2 2 7 2 2 2 2 2 
2 2 2 2 7 2 2 2 2 2 
2 2 2 2 2 7 2 2 2 
2 2 2 7 2 7 2 2 2 
2 2 2 7 2 7 2 2 2 
2 2 7 2 7 2 2 2 
2 2 2 7 2 7 2 2 2 
2 2 2 7 2 7 2 2 2 
2 2 2 7 2 7 2 2 
2 2 2 7 2 7 2 2 
2 2 2 7 7 2 2 2 
2 7 2 7 2 2 2 
2 2 7 2 7 2 2 2 
2 2 2 7 2 7 2 2 2 
2 2 2 2 7 2 2 7 2 2 
2 2 2 2 7 2 2 7 2 2 
2 2 2 2 7 2 2 7 2 2 
2 2 2 2 2 7 2 2 2 
2 7 2 2 2 2 7 2 2 2 
2 7 2 2 2 7 2 2 2 
2 2 2 7 2 7 2 2 2 
2 2 2 7 2 2 2 7 2 2 
2 2 2 7 2 2 2 7 2 2 
2 7 2 0 2 2 2 2 7 2 2 
2 7 2 0 2 2 2 2 7 2 2 
2 0 2 2 2 2 2 7 2 2 
2 7 2 2 0 2 2 2 7 2 2 
2 7 2 2 0 2 2 2 7 2 2 
2 7 2 2 0 2 2 2 7 2 2 
2 2 7 2 0 2 2 7 2 2 2 
2 2 7 2 0 2 2 7 2 2 2 
2 2 7 2 0 2 2 7 2 2 2 
2 2 2 2 7 2 2 2 2 
2 2 2 2 2 7 2 2 2 2 
2 2 2 2 2 2 7 2 2 2 2 
2 2 2 2 2 7 2 2 2 
2 2 2 2 2 7 2 2 2 
2 2 2 2 2 7 2 2 2 
2 2 2 2 2 7 2 2 2 
2 2 2 2 2 7 2 2 2 
2 2 2 2 2 7 2 2 2 
2 2 2 2 7 2 2 7 2 2 2 
2 2 2 7 2 2 7 2 2 2 
2 2 2 7 2 2 7 2 2 2 
2 2 2 2 2 7 2 7 2 2 2 
2 2 2 2 2 7 2 7 2 2 2 
2 2 2 2 2 7 2 7 2 2 2 
2 2 2 7 2 2 7 2 2 2 
2 7 2 7 2 2 2 2 
2 7 2 2 7 2 2 2 
2 7 2 2 7 2 2 2 
2 7 2 2 7 2 2 2 
2 7 2 2 7 2 2 2 
2 7 2 7 2 2 2 
2 2 7 2 7 2 2 2 
2 2 7 2 7 2 2 2 
2 7 2 7 2 2 2 
2 2 7 2 7 2 2 2 
2 2 7 2 7 2 2 2 
2 2 7 2 2 7 2 2 2 
2 2 7 2 2 7 2 2 2 
2 2 7 2 7 2 2 2 2 
2 2 2 2 2 2 7 2 2 2 2 
2 2 2 2 2 7 7 2 2 2 2 
2 2 2 2 2 7 2 7 2 2 2 
2 2 7 2 2 2 2 7 2 2 
2 2 2 7 2 2 7 2 2 2 2 
2 2 7 2 2 2 2 7 2 2 2 
2 7 2 2 2 2 2 7 2 2 2 
2 7 2 2 2 2 2 7 2 2 2 
2 7 2 2 2 2 2 7 2 2 2 
2 2 2 7 2 2 7 2 2 2 2 
2 2 7 2 2 2 7 2 2 2 2 
2 2 7 2 2 2 7 2 2 2 2 
2 2 2 7 2 2 7 2 2 2 
2 2 2 7 2 2 7 2 2 2 
2 2 2 7 2 2 7 2 2 2 
2 2 2 2 7 2 2 2 
7 2 2 2 2 7 2 2 2 
7 2 2 2 2 7 2 2 2 
2 2 2 2 2 7 2 2 2 
2 2 2 2 2 7 2 2 2 
2 2 2 2 2 7 2 2 2 
7 2 2 2 2 7 2 2 2 
7 2 2 2 2 7 2 2 2 
7 2 2 2 2 7 2 2 2 
2 7 2 2 2 7 2 2 2 
2 7 2 2 2 7 2 2 2 
2 7 2 2 2 7 2 2 2 
7 2 2 2 7 2 2 2 
7 2 2 2 7 2 2 2 
7 2 2 2 7 2 2 2 
2 7 2 2 2 2 2 7 2 2 2 2 
2 0 2 2 2 2 7 7 2 2 2 2 
2 2 2 2 0 7 2 7 2 2 2 2 
0 2 2 2 2 7 2 7 2 2 2 2 
2 2 2 2 7 2 7 2 2 2 2 
2 2 2 2 7 2 7 2 2 2 2 
2 2 2 2 7 2 7 2 2 2 2 
2 2 2 2 7 2 7 2 2 2 2 
2 2 2 2 7 2 7 2 2 2 2 
0 2 2 2 2 2 7 7 2 2 2 2 
2 2 2 7 7 2 2 2 2 
2 2 2 7 7 2 2 2 2 
2 2 2 2 7 7 2 2 2 2 
2 2 2 2 7 7 2 2 2 2 
2 2 2 7 7 2 2 2 2 
2 2 2 2 2 2 2 2 2 
2 2 2 2 2 2 2 2 2 
2 2 2 2 7 2 2 2 2 2 
2 2 2 2 2 2 2 2 2 2 
2 2 2 2 2 2 2 2 2 
2 2 2 2 2 2 2 2 2 
2 2 2 2 2 2 7 2 2 2 2 2 
2 2 2 2 2 2 7 2 2 2 2 2 
2 2 2 2 2 2 7 2 2 2 2 2 
2 2 2 7 2 2 2 2 2 2 2 
2 2 2 7 2 2 2 2 2 2 2 
2 2 2 7 2 2 2 2 2 2 2 
2 2 2 2 2 7 2 2 2 2 2 
2 2 2 2 2 7 2 2 2 2 2 
2 2 2 2 2 7 2 2 2 2 2 
2 2 2 2 2 7 2 2 2 2 
2 2 7 2 2 7 2 2 2 2 
0 2 2 7 2 2 7 2 2 2 2 
2 2 7 2 2 7 2 2 2 2 
2 2 7 2 2 7 2 2 2 2 
2 2 7 2 2 7 2 2 2 2 
2 2 2 2 7 2 7 2 2 2 2 
2 2 2 2 7 2 7 2 2 2 2 
2 2 2 2 7 2 7 2 2 2 2 
2 2 2 7 2 7 2 2 2 2 
2 2 2 7 2 7 2 2 2 2 
2 2 2 7 2 7 2 2 2 2 
2 2 2 7 2 7 2 2 2 2 
2 2 2 7 2 7 2 2 2 2 
2 2 2 7 2 7 2 2 2 2 
2 2 2 2 7 2 2 2 2 2 
2 2 2 7 2 2 7 2 2 2 2 
2 2 2 2 7 2 7 2 2 2 2 
2 2 7 2 2 7 2 2 2 2 
2 7 2 2 2 7 2 2 2 2 
2 7 2 2 2 7 2 2 2 2 
2 7 2 2 2 7 2 2 2 2 
2 7 2 2 2 7 2 2 2 2 
2 7 2 2 2 7 2 2 2 2 
2 7 2 2 2 7 2 2 2 2 
2 7 2 2 2 7 2 2 2 2 
2 7 2 2 2 7 2 2 2 2 
2 7 2 2 2 7 2 2 2 2 
2 7 2 2 2 7 2 2 2 2 
2 7 2 2 2 7 2 2 2 2 
2 2 2 2 2 7 2 2 2 2 2 
2 7 2 2 2 7 2 2 2 2 
2 0 2 7 2 2 2 7 2 2 2 2 
2 7 2 2 7 2 2 2 2 
0 2 7 2 2 7 2 2 2 2 
0 2 7 2 2 7 2 2 2 2 
2 0 7 2 2 2 7 2 2 2 2 
2 0 2 7 2 2 2 7 2 2 2 2 
2 0 7 2 2 2 7 2 2 2 2 
2 2 0 2 7 2 2 7 2 2 2 2 2 
2 0 2 7 2 2 2 7 2 2 2 2 2 
2 0 2 7 2 2 2 7 2 2 2 2 2 
2 0 3 7 2 2 2 7 2 2 2 2 2 
2 0 3 7 2 2 2 7 2 2 2 2 2 
2 0 3 2 7 2 2 7 2 2 2 2 2 
2 2 2 2 2 2 2 2 2 2 2 
2 2 2 7 2 2 2 2 2 2 2 2 
2 2 2 7 2 2 2 2 2 2 2 2 
2 7 2 2 2 2 2 2 2 2 
2 7 2 2 2 2 2 2 2 2 
2 7 2 2 2 2 2 2 2 2 
2 2 7 2 2 2 2 2 2 2 2 
2 2 7 2 2 2 2 2 2 2 2 
2 2 7 2 2 2 2 2 2 2 2 
2 2 7 2 2 2 2 2 2 2 2 
2 2 7 2 2 2 2 2 2 2 2 
2 2 7 2 2 2 2 2 2 2 2 
2 2 7 2 2 2 2 2 2 2 2 
2 2 7 2 2 2 2 2 2 2 2 
2 2 7 2 2 2 2 2 2 2 2 
2 2 2 2 2 2 2 7 2 2 2 2 
2 7 2 2 2 2 7 2 2 2 2 
2 2 7 2 2 2 7 2 2 2 2 
2 7 2 2 7 2 2 2 2 2 
2 2 7 2 2 7 2 2 2 2 2 
2 2 7 2 2 7 2 2 2 2 2 
2 2 7 7 2 2 2 2 2 
2 2 2 7 7 2 2 2 2 2 
2 7 2 7 2 2 2 2 2 
2 7 2 2 7 2 2 2 2 
2 7 2 2 2 7 2 2 2 
2 7 2 2 2 7 2 2 2 
2 7 2 2 2 2 7 2 2 2 
2 7 2 2 2 2 7 2 2 2 
2 7 2 2 2 2 7 2 2 2 
2 2 2 7 2 2 2 2 
2 2 2 7 2 2 2 2 2 
2 2 2 7 2 2 2 2 2 
2 2 7 2 2 2 2 2 
2 2 7 2 2 2 2 2 
2 2 7 2 2 2 2 2 
0 2 2 2 7 2 2 2 2 
0 2 2 2 7 2 2 2 2 
2 0 2 2 7 2 2 2 2 
0 2 2 2 7 2 2 2 2 
0 2 2 2 7 2 2 2 2 
0 2 2 2 7 2 2 2 2 
2 0 2 2 2 7 2 2 2 2 
2 0 2 2 2 7 2 2 2 2 
2 2 0 2 2 7 2 2 2 2 
2 2 2 2 2 2 2 7 2 2 2 2 
2 2 2 2 0 2 2 7 2 2 2 
2 2 2 0 2 2 7 2 2 2 
2 7 2 2 0 2 2 7 2 2 2 
2 2 7 0 2 2 2 2 7 2 2 2 
2 2 7 0 2 2 2 2 7 2 2 2 
2 7 2 2 2 2 7 2 2 2 
2 7 2 2 2 2 7 2 2 2 
2 7 2 2 2 2 7 2 2 2 
2 2 2 2 2 7 2 2 2 
2 2 2 2 2 7 2 2 2 
2 2 2 2 2 7 2 2 2 
2 2 2 2 2 2 7 2 2 2 
2 2 2 2 2 2 7 2 2 2 
2 2 2 2 2 2 7 2 2 2 
2 2 2 2 7 2 2 2 2 2 2 
2 2 2 2 7 2 2 2 2 2 2 
0 2 2 2 2 7 2 2 2 2 2 2 
0 2 2 2 2 7 2 2 2 2 2 2 
2 2 2 7 2 2 2 2 2 2 2 
2 2 2 7 2 2 2 2 2 2 2 
2 2 2 2 2 7 2 2 2 2 2 2 
2 2 2 2 2 7 2 2 2 2 2 2 
2 2 7 2 2 2 2 2 2 2 2 
2 2 2 2 2 7 2 2 2 2 2 
2 2 2 2 2 7 2 2 2 2 2 
2 2 2 2 2 7 2 2 2 2 2 
2 2 2 2 7 2 2 2 2 2 2 
2 2 2 2 7 2 2 2 2 2 2 
2 2 2 2 7 2 2 2 2 2 2 
2 2 7 2 2 2 2 2 2 2 
2 2 2 2 7 2 2 2 2 2 
2 2 2 2 7 2 2 2 2 2 
2 2 2 2 2 7 2 2 2 2 
2 2 2 7 2 2 2 2 2 2 
2 2 2 7 2 2 2 2 2 2 
2 2 7 2 2 2 2 2 2 2 
2 2 7 2 2 2 2 2 2 2 
2 2 2 7 2 2 2 2 2 2 
2 2 2 7 2 2 2 2 2 2 
2 2 2 7 2 2 2 2 2 
2 2 2 7 2 2 2 2 2 
2 0 2 2 2 7 2 2 2 2 
2 0 2 2 2 7 2 2 2 2 
2 0 2 2 2 7 2 2 2 2 
2 2 2 2 2 2 2 2 2 2 2 
2 2 2 2 2 2 2 2 2 2 2 
2 2 2 2 2 2 2 2 2 2 
2 2 2 2 2 2 2 2 2 
2 2 2 2 2 2 2 2 2 
2 2 2 2 2 2 2 2 2 
2 2 2 2 2 2 2 2 2 
2 2 2 2 2 2 2 2 2 
2 2 2 2 2 2 2 2 2 
2 2 2 2 2 2 2 2 2 
2 2 2 2 2 2 2 2 2 
2 2 2 2 2 2 2 2 2 
2 2 2 2 2 2 2 2 2 
2 2 2 2 2 2 2 2 2 
2 2 2 2 2 2 2 2 2 
2 2 2 2 2 7 2 2 2 2 
2 0 2 2 7 2 2 2 2 2 
2 2 0 2 2 7 2 2 2 2 2 
0 2 2 2 2 7 2 2 2 
0 2 2 2 2 7 2 2 2 
0 2 2 2 2 7 2 2 2 
2 2 0 2 2 2 2 7 2 2 2 
2 2 0 2 2 2 2 7 2 2 2 
2 2 0 2 2 2 2 7 2 2 2 
2 2 0 2 2 2 7 2 2 2 2 
2 2 2 0 2 2 2 7 2 2 2 2 
2 2 2 0 2 2 2 7 2 2 2 2 
2 0 2 2 2 2 7 2 2 2 2 
2 0 2 2 2 2 7 2 2 2 2 
2 0 2 2 2 2 7 2 2 2 2 
2 2 2 2 2 2 2 2 7 2 2 2 
2 2 2 7 2 0 2 2 7 2 2 2 2 2 
2 2 2 2 0 2 2 7 2 2 2 2 2 
2 2 2 2 2 0 2 7 2 2 7 2 2 2 
2 2 2 2 0 2 7 2 2 7 2 2 2 
2 2 2 2 0 2 7 2 2 7 2 2 2 
2 2 2 2 0 2 2 7 2 2 2 2 
2 2 2 2 0 2 2 7 2 2 2 2 
2 2 2 2 0 2 2 7 2 2 2 2 
2 2 0 2 2 2 2 7 2 2 2 2 
2 0 2 2 2 2 2 7 2 2 2 2 
2 0 2 2 2 2 2 7 2 2 2 2 
2 0 2 2 7 2 2 2 2 2 2 2 
2 0 2 2 2 7 2 2 2 2 2 2 
2 0 2 2 7 2 2 2 2 2 2 2 
2 2 2 2 2 2 2 7 2 2 2 2 2 
2 2 2 2 2 2 2 7 2 2 2 2 
2 2 2 2 2 2 2 7 2 2 2 2 
2 7 2 2 2 2 2 7 2 2 2 2 
2 2 2 2 2 7 2 2 2 2 
2 2 2 2 2 7 2 2 2 2 
2 2 2 2 2 2 7 2 2 2 2 
2 2 2 2 2 2 7 2 2 2 2 
2 2 2 2 2 2 2 7 2 2 2 2 
2 2 2 2 2 2 2 7 2 2 2 2 
2 2 2 2 2 2 7 2 2 2 2 
2 2 2 2 2 2 7 2 2 2 2 
2 2 2 2 2 7 2 2 2 2 2 
2 2 2 2 2 7 2 2 2 2 2 
2 2 2 2 7 2 2 2 2 2 2 
2 2 7 2 2 2 2 2 2 2 2 2 
7 2 2 2 2 2 2 2 2 2 2 2 
2 2 2 2 2 2 2 2 2 2 2 
2 2 2 2 2 2 2 2 2 2 
2 2 2 2 2 2 2 2 2 2 
2 2 2 2 2 2 2 2 2 2 
2 2 2 2 2 2 2 2 2 2 
2 2 2 2 2 2 2 2 2 2 
2 2 2 2 2 2 2 2 2 2 
2 2 2 2 2 2 2 2 2 2 
2 2 2 2 2 2 2 2 2 2 
2 2 2 2 2 2 2 2 2 2 
2 2 2 2 2 2 2 2 2 
2 2 2 2 2 2 2 2 2 
2 2 2 2 2 2 2 2 2 
2 2 2 2 7 2 2 2 2 2 2 
2 2 2 2 2 7 2 2 2 2 2 
2 2 2 2 2 7 2 2 2 2 2 
2 2 2 2 2 7 2 2 2 2 2 
2 2 2 2 2 7 2 2 2 2 2 
2 2 2 2 2 7 2 2 2 2 2 
2 2 2 2 2 7 2 2 2 2 2 
2 2 2 2 2 7 2 2 2 2 2 
2 2 2 2 2 7 2 2 2 2 2 
2 2 2 2 2 2 7 2 2 2 2 2 
2 2 2 2 2 2 7 2 2 2 2 2 
2 2 2 2 2 2 7 2 2 2 2 2 
2 2 2 2 2 2 7 2 2 2 2 2 2 
2 2 2 2 2 2 7 2 2 2 2 2 2 
2 2 2 2 2 2 7 2 2 2 2 2 2 
2 2 2 2 2 2 2 2 2 2 2 2 
2 2 2 2 2 2 2 2 2 2 2 2 
2 2 2 2 2 2 2 2 2 2 2 2 
2 2 2 2 2 2 2 2 2 2 2 2 
2 2 2 2 2 2 2 2 2 2 2 
2 2 2 2 2 2 2 2 2 2 2 
2 2 2 2 2 2 2 2 2 2 2 
2 2 2 2 2 2 2 2 2 2 2 
2 2 2 2 2 2 2 2 2 2 
2 2 2 2 2 2 2 2 2 2 2 
2 2 2 2 2 2 2 2 2 2 2 
2 2 2 2 2 2 2 2 2 2 2 
2 2 2 2 2 2 2 2 2 2 2 
2 2 2 2 2 2 2 2 2 2 2 
2 2 2 2 2 2 2 2 2 2 2 
2 2 2 2 2 2 7 2 2 2 2 2 2 
2 2 2 0 2 2 2 7 2 2 2 2 2 2 
2 2 2 0 2 2 2 7 2 2 2 2 2 2 
2 2 0 2 2 2 7 2 2 2 2 2 2 
2 2 0 2 2 2 7 2 2 2 2 2 2 
2 2 0 2 2 2 7 2 2 2 2 2 2 
0 2 2 2 2 2 7 2 2 2 2 2 2 
0 2 2 2 2 2 7 2 2 2 2 2 2 
0 2 2 2 2 2 7 2 2 2 2 2 2 
2 2 2 2 2 7 2 2 2 2 2 
2 2 2 2 2 7 2 2 2 2 2 
2 2 2 2 2 7 2 2 2 2 2 
2 2 2 7 2 2 2 2 2 2 
2 2 2 7 2 2 2 2 2 2 
2 2 2 7 2 2 2 2 2 2 
2 7 2 2 2 2 2 
7 2 2 2 2 
7 2 2 2 2 
2 0 7 2 2 2 2 
2 0 7 2 2 2 2 
2 0 7 2 2 2 2 
7 2 0 2 2 2 2 
7 2 0 2 2 2 2 
7 2 0 2 2 2 2 
0 7 2 2 2 2 2 
7 2 2 2 2 2 
7 2 2 2 2 2 
2 7 2 2 2 2 
2 7 2 2 2 2 
2 7 2 2 2 2 
2 2 2 2 2 2 2 7 2 2 2 2 2 2 
2 2 2 2 7 2 2 2 2 2 2 
2 2 2 2 7 2 2 2 2 2 2 
2 2 2 2 2 7 2 2 2 2 2 
0 2 2 2 2 2 7 2 7 2 2 2 2 2 
0 2 2 2 2 2 7 2 7 2 2 2 2 2 
0 2 2 2 2 7 2 2 2 2 2 2 
0 2 2 2 2 7 2 2 2 2 2 2 
2 0 2 2 2 7 2 2 2 2 2 2 
0 2 2 2 2 2 2 7 7 2 2 2 2 2 
2 2 2 2 2 2 7 7 2 2 2 2 2 
2 2 2 2 2 2 7 7 2 2 2 2 2 
2 0 2 2 2 7 2 2 2 2 2 2 
2 0 2 2 2 7 2 7 2 2 2 2 2 
2 0 2 2 2 7 2 7 2 2 2 2 2 
2 2 2 2 2 7 2 2 2 2 2 2 
2 2 2 2 2 7 2 2 2 2 2 
2 2 2 2 2 7 2 2 2 2 2 
2 2 2 2 2 2 2 2 7 2 2 2 
2 2 2 2 2 2 2 7 2 2 2 
2 2 2 2 2 2 2 7 2 2 2 
2 2 2 7 2 2 2 2 2 2 
2 2 2 7 2 2 2 2 2 2 
2 2 2 2 7 2 2 2 2 2 2 
2 2 2 2 2 7 2 2 2 2 2 
2 2 2 2 7 2 2 2 2 2 
2 2 2 2 7 2 2 2 2 2 
2 2 2 2 2 2 2 2 2 2 2 
2 2 2 2 2 2 2 2 2 2 2 
2 2 2 2 2 2 2 2 2 2 2 
2 2 2 2 2 2 7 2 2 2 2 
2 2 2 2 2 2 7 2 2 2 
2 2 2 2 2 7 2 2 2 2 
2 2 2 2 2 7 2 2 2 2 2 
2 2 2 2 7 2 2 2 2 2 
2 2 2 2 7 2 2 2 2 2 
2 2 2 2 2 7 2 2 2 2 2 
2 2 2 2 2 7 2 2 2 2 2 
2 2 2 2 2 7 2 2 2 2 2 
2 2 0 2 2 7 2 2 7 2 2 2 2 2 
2 2 2 0 2 7 2 7 2 2 2 2 2 2 
2 2 2 0 2 7 2 7 2 2 2 2 2 2 
2 2 2 0 7 2 2 7 2 2 2 2 2 2 
2 2 2 0 2 2 7 2 2 2 2 2 2 
2 2 2 0 2 2 7 2 2 2 2 2 2 
2 2 2 2 2 7 2 2 2 2 2 2 2 2 
2 2 2 2 2 7 2 2 2 2 2 2 
2 2 2 2 7 2 2 2 2 2 2 
2 2 2 2 2 7 2 2 2 2 2 2 
2 2 2 7 2 2 2 2 2 2 
2 2 2 7 2 2 2 2 2 2 
2 2 2 2 7 2 2 2 2 2 2 
2 2 2 2 7 2 2 2 2 2 2 
2 2 2 2 7 2 2 2 2 2 2 
2 2 7 2 2 2 2 2 2 2 2 2 
2 2 2 7 2 2 2 2 2 2 2 2 
2 2 2 7 2 2 2 2 2 2 2 2 
2 2 2 2 2 2 7 2 2 2 2 
2 2 2 2 2 7 2 2 2 2 2 
2 2 2 2 2 7 2 2 2 2 2 
2 2 2 2 7 7 2 2 2 2 2 
2 2 2 2 2 7 7 2 2 2 2 
2 2 2 2 7 2 7 2 2 2 2 
2 2 2 2 2 2 7 7 2 2 2 2 
2 2 2 2 2 7 2 7 2 2 2 2 
2 2 2 2 2 7 2 7 2 2 2 2 
2 2 2 2 7 7 2 2 2 2 
2 2 2 2 7 7 2 2 2 2 
2 2 2 2 7 2 7 2 2 2 
2 2 2 2 2 7 2 2 7 2 2 
2 2 2 2 2 7 2 2 7 2 2 
2 2 2 2 2 7 2 2 7 2 2 
2 2 2 2 2 2 7 2 7 2 2 
2 2 2 2 2 2 7 7 2 2 2 
2 2 2 2 2 2 7 2 7 2 2 
2 2 2 2 2 2 7 7 2 2 2 2 2 
2 2 2 2 2 2 7 7 2 2 2 2 2 
2 2 2 2 2 2 7 7 2 2 2 2 2 
2 2 2 2 2 7 2 2 2 2 2 7 
2 2 2 2 7 2 2 2 2 2 7 
2 2 2 2 7 2 2 2 2 2 7 
2 2 2 2 7 2 2 2 2 7 2 
2 2 2 2 7 2 2 2 2 7 2 
0 2 2 2 7 2 2 2 2 2 7 
0 2 2 2 2 7 7 2 2 2 2 2 
0 2 2 2 2 2 7 7 2 2 2 2 2 
0 2 2 2 2 2 7 7 2 2 2 2 2 
2 2 2 2 2 7 7 2 2 2 2 2 
2 2 2 2 2 7 7 2 2 2 2 2 
2 2 2 2 2 7 7 2 2 2 2 2 
2 2 2 2 2 2 7 7 2 2 2 2 2 
2 2 2 2 2 2 7 7 2 2 2 2 
2 2 2 2 7 7 2 2 2 2 
0 2 2 2 7 2 2 2 7 2 2 
2 2 2 7 2 2 2 7 2 2 
2 2 2 7 2 2 2 7 2 2 
2 2 2 2 7 2 2 2 7 2 2 
2 2 2 2 7 2 2 2 7 2 2 
2 2 2 2 7 2 2 2 7 2 2 
2 2 2 2 7 2 2 2 7 2 2 
2 2 2 2 7 2 2 2 7 2 2 
2 2 2 2 7 2 2 2 7 2 2 
2 2 2 2 7 2 2 7 2 2 2 
2 2 2 2 7 2 2 7 2 2 2 
2 2 2 2 7 2 2 7 2 2 2 
2 2 2 2 7 7 2 2 2 2 2 
2 2 0 2 2 7 7 2 2 2 2 2 
2 2 0 2 2 7 2 7 2 2 2 2 
2 2 0 2 2 7 2 2 2 7 2 2 
2 2 0 2 2 7 2 2 2 7 2 2 
2 2 0 2 2 7 2 2 2 7 2 2 
2 2 2 0 2 2 2 7 2 2 2 2 7 
2 2 2 0 2 2 2 7 2 2 2 2 7 
2 2 2 0 2 2 2 7 2 2 2 2 7 
2 2 2 2 0 2 7 2 2 2 7 2 2 
2 2 2 2 0 2 7 2 2 2 7 2 2 
2 2 2 2 0 2 7 2 2 2 7 2 2 
2 2 0 2 2 7 2 2 2 2 7 2 
2 2 0 2 2 7 2 2 2 2 7 2 
2 2 0 2 2 7 2 2 2 2 7 2 
2 2 2 2 7 2 2 2 2 2 7 
2 2 2 2 2 7 2 2 2 2 7 
2 2 2 2 2 7 2 2 2 2 7 
2 2 2 2 2 7 2 2 2 7 2 
2 2 2 2 7 2 2 2 2 7 2 
2 2 2 2 7 2 2 2 2 7 2 
2 2 2 2 2 7 2 7 2 2 2 2 
2 2 2 2 2 7 2 7 2 2 2 2 
2 2 2 2 2 7 2 7 2 2 2 2 
2 2 2 2 2 2 7 2 2 2 
2 7 2 2 2 7 2 2 2 2 2 
2 7 2 2 2 7 2 2 2 2 2 
2 2 2 2 2 2 7 2 2 2 
2 2 2 2 2 2 7 2 2 2 
2 2 2 2 2 2 7 2 2 2 
2 2 2 2 2 2 2 2 2 2 
2 2 2 2 2 2 2 2 
2 2 2 2 2 2 2 2 2 
2 2 2 2 2 2 2 2 2 2 
2 2 2 2 2 2 2 2 2 
2 2 2 2 2 2 2 2 2 
2 2 2 2 2 2 2 2 2 2 
2 2 2 2 2 2 2 2 2 2 
2 2 2 2 2 2 2 2 2 
2 2 2 2 2 2 2 2 2 2 
2 2 2 2 2 2 2 2 2 2 
2 2 2 2 2 2 2 2 2 2 
2 2 2 2 2 2 2 2 2 
2 2 2 2 2 2 2 2 2 
2 2 2 2 2 2 2 2 2 
2 2 2 2 2 7 2 2 2 2 
2 2 2 2 7 2 2 2 2 2 
2 2 2 2 2 7 2 2 2 2 
2 2 2 2 2 2 7 2 2 2 2 
2 2 2 2 2 2 7 2 2 2 2 
2 2 2 2 2 2 7 2 2 2 2 
2 2 2 2 2 2 2 7 2 2 2 2 
2 2 2 2 2 2 2 7 2 2 2 2 
2 2 2 2 2 2 2 7 2 2 2 2 
2 2 2 2 2 2 2 2 7 2 2 2 
2 2 2 2 2 2 2 2 7 2 2 2 
2 2 2 2 2 2 2 2 2 7 2 2 
0 2 2 2 2 2 7 2 2 2 2 2 7 2 2 
0 2 2 2 2 2 7 2 2 2 2 2 2 7 2 
0 2 2 2 2 2 7 2 2 2 2 2 2 7 2 
2 2 7 2 2 2 7 2 2 2 2 2 
2 2 2 2 2 2 7 2 2 2 2 
2 2 2 2 2 2 7 2 2 2 2 
2 2 2 2 2 2 7 2 7 2 2 2 
2 2 2 2 2 7 7 2 2 2 2 2 
2 2 2 2 2 7 2 7 2 2 2 2 
2 2 2 2 2 2 2 7 7 2 2 2 7 2 
2 2 2 2 2 2 2 7 7 2 2 2 7 2 
2 2 2 2 2 2 7 2 2 7 2 7 2 
2 2 2 2 2 2 2 7 7 2 2 7 
2 2 2 2 2 2 2 7 7 2 2 7 
2 2 2 2 2 2 2 7 2 7 2 7 
2 2 2 2 2 2 2 7 7 2 7 
2 2 2 2 2 2 2 7 7 2 7 
2 2 2 2 2 2 2 7 7 2 7 
2 2 2 2 7 2 2 7 2 2 7 
2 2 2 2 2 2 7 2 7 2 2 2 7 
2 2 2 2 2 2 7 2 7 2 2 2 7 
2 2 2 0 2 2 2 2 7 2 7 2 2 2 7 
0 2 2 7 2 2 2 2 7 2 2 2 7 
0 2 2 7 2 2 2 2 7 2 2 2 7 
2 2 0 2 7 2 7 2 2 2 7 
2 2 0 2 7 2 7 2 2 2 7 
0 2 2 2 7 2 7 2 2 2 7 
0 2 2 2 5 7 2 2 7 2 2 2 7 
2 0 2 2 7 2 2 7 2 2 2 7 
0 2 2 2 7 2 2 7 2 2 2 7 
2 2 2 2 7 2 2 7 2 2 7 
2 2 2 2 7 2 2 7 2 2 7 
2 2 2 2 7 2 2 7 2 2 7 
2 2 2 2 7 2 7 7 2 2 
2 0 2 2 2 7 2 2 2 7 2 7 
2 0 2 2 7 2 2 2 7 2 7 
2 2 0 2 2 7 7 2 2 2 7 
2 0 2 2 2 7 7 2 2 2 7 
2 0 2 2 2 7 7 2 2 2 7 
2 2 2 2 2 2 7 7 2 2 7 2 2 
2 2 2 2 2 7 7 2 2 7 2 2 
2 2 2 2 2 7 7 2 2 7 2 2 
2 2 2 2 7 2 2 2 7 2 
2 0 2 2 7 2 2 2 7 2 
2 0 2 2 7 2 2 2 7 2 
2 2 2 7 7 2 2 2 2 7 
2 2 2 7 7 2 2 2 2 7 
2 2 2 7 7 2 2 2 2 7 
2 2 2 2 7 2 7 2 7 2 
2 2 2 2 2 7 2 2 7 7 2 
2 2 2 2 2 7 2 2 7 7 2 
2 2 2 2 2 2 7 7 2 2 7 
2 2 2 2 2 7 7 2 2 7 
2 2 2 2 2 7 7 2 2 7 
2 2 2 2 7 2 7 2 7 
2 2 2 2 7 2 7 2 7 
2 2 2 2 7 7 2 7 
2 2 2 2 7 7 2 7 
2 2 2 2 2 7 7 2 7 
2 2 2 2 2 7 7 2 7 
2 2 2 2 2 7 7 7 2 
2 2 2 2 2 7 7 7 2 
2 2 2 2 2 7 7 7 2 
7 2 2 2 2 2 7 2 2 2 7 
2 2 2 2 2 2 2 7 2 7 
2 2 2 2 2 2 2 7 2 7 
2 2 2 2 2 2 2 7 2 2 7 2 
2 2 2 2 2 2 7 2 2 7 2 
2 2 2 2 2 2 7 2 2 7 2 
2 2 2 2 2 2 2 2 7 2 
2 2 2 2 2 2 2 2 7 2 
2 2 2 2 2 2 2 2 7 2 
2 2 2 2 2 2 2 2 7 2 
2 2 2 2 2 2 2 2 7 2 
2 2 2 2 2 2 2 2 7 2 
2 2 2 2 7 2 2 2 2 
2 2 2 2 7 2 2 2 2 
2 2 2 2 7 2 2 2 2 
2 2 2 2 2 7 2 7 2 2 2 
2 2 2 2 2 2 7 2 7 2 2 
2 2 2 2 2 2 7 2 7 2 2 
2 2 2 2 2 7 7 2 2 2 
2 2 2 2 2 7 7 2 2 2 
2 2 2 2 2 7 7 2 2 2 
2 2 2 2 2 7 7 2 2 2 
2 2 2 2 7 7 2 2 2 
2 2 2 7 2 7 2 2 2 
2 2 2 2 2 2 7 2 7 2 2 2 
2 2 2 2 7 2 2 7 2 2 2 
2 2 2 2 7 2 2 7 2 2 2 
2 2 2 2 2 2 2 7 2 7 2 2 
2 2 2 2 2 2 2 7 7 2 2 2 
2 2 2 2 2 2 2 7 7 2 2 2 
2 2 7 2 2 2 2 7 2 2 2 
2 2 2 2 2 2 2 2 7 2 2 2 
2 2 2 2 2 2 7 2 2 2 2 
2 2 2 7 2 2 7 2 2 2 2 
2 2 2 7 2 2 7 2 2 2 2 
2 2 2 7 2 2 7 2 2 2 2 
2 2 2 2 2 2 7 2 7 2 2 2 
2 2 2 2 7 2 2 2 7 2 2 2 
2 2 2 2 7 2 2 2 7 2 2 2 
2 2 2 2 2 2 7 2 7 2 2 2 
2 2 2 2 2 2 7 2 7 2 2 2 
2 2 2 2 2 2 7 2 7 2 2 2 
2 2 2 2 2 7 7 2 2 2 
2 2 2 2 2 7 7 2 2 2 
2 2 2 2 2 7 7 2 2 2 
2 2 2 2 2 7 2 2 2 2 2 
2 2 2 2 2 2 7 2 2 2 
2 2 2 2 2 2 2 7 2 2 2 
2 2 2 2 2 2 7 2 2 2 
2 2 2 2 2 2 7 2 2 2 
2 2 2 2 2 2 7 2 2 2 
2 2 2 2 2 7 2 2 2 
2 2 2 2 2 7 2 2 2 
2 2 2 2 2 7 2 2 2 
2 2 2 2 7 2 2 2 2 
2 2 2 2 7 2 2 2 2 
2 2 2 2 7 2 2 2 2 
2 2 2 7 2 2 2 2 
2 2 2 7 2 2 2 2 
2 2 2 7 2 2 2 2 
2 0 2 2 2 2 2 2 2 2 
2 2 2 2 2 2 2 
2 2 2 2 2 2 2 2 
2 2 2 2 2 2 2 2 
2 2 2 2 2 2 2 2 
2 2 2 2 2 2 2 2 
2 2 2 2 2 2 2 2 
2 2 2 2 2 2 2 2 
2 2 2 2 2 2 2 2 
0 2 2 2 2 2 2 2 2 
0 2 2 2 2 2 2 2 2 
0 2 2 2 2 2 2 2 2 
2 2 2 0 2 2 2 2 2 
2 2 2 0 2 2 2 2 2 
2 2 2 0 2 2 2 2 2 
2 2 2 2 2 2 2 2 7 2 2 2 2 
2 0 2 2 2 2 2 2 7 2 2 2 2 
2 2 2 2 2 2 2 2 7 2 2 2 
2 2 2 2 2 2 2 2 7 2 2 
2 2 2 2 2 2 2 2 7 2 2 
2 2 2 2 2 2 2 2 7 2 2 
2 2 2 2 2 7 2 2 2 2 
2 2 2 2 2 7 2 2 2 2 
2 2 2 2 2 2 7 2 2 2 2 
2 2 2 2 7 2 2 2 2 2 
2 2 2 2 2 7 2 2 2 2 2 
2 2 2 2 2 7 2 2 2 2 2 
2 2 2 2 2 7 2 2 2 2 2 
2 2 2 2 2 7 2 2 2 2 2 
2 2 2 2 2 7 2 2 2 2 2 
2 2 2 2 2 2 2 
2 2 2 2 2 2 
2 2 2 2 2 2 
2 2 2 2 2 2 
2 2 2 2 2 2 
2 2 2 2 2 2 
2 2 2 2 2 2 
2 2 2 2 2 2 
2 2 2 2 2 2 
2 2 2 2 2 2 
2 2 2 2 2 2 
2 2 2 2 2 2 
2 2 2 2 2 2 
2 2 2 2 2 2 
2 2 2 2 2 2 
2 2 2 2 7 2 2 2 2 
2 2 2 2 2 2 7 2 2 2 2 
2 2 2 2 2 7 2 2 2 2 
2 2 2 2 2 2 7 2 2 2 2 
2 2 2 2 2 7 2 2 2 2 2 
2 2 2 2 2 7 2 2 2 2 2 
2 2 2 2 7 2 2 7 2 2 2 2 
2 2 2 2 7 2 2 7 2 2 2 2 
2 2 2 2 7 2 2 2 7 2 2 2 
2 2 2 2 2 2 2 7 2 2 2 2 
2 2 2 2 2 2 7 2 2 2 2 2 
2 2 2 2 2 2 7 2 2 2 2 2 
2 2 2 2 2 7 2 2 2 2 2 
2 2 2 2 2 7 2 2 2 2 2 
2 2 2 2 2 7 2 2 2 2 2 
2 2 2 2 2 2 2 2 2 
2 2 2 2 2 2 2 2 2 
2 2 2 2 2 2 2 2 2 
2 2 2 2 2 2 2 2 
2 2 2 2 2 2 2 2 
2 2 2 2 2 2 2 2 
2 2 2 2 2 2 2 2 
2 2 2 2 2 2 2 2 
2 2 2 2 2 2 2 2 2 
2 2 2 2 2 2 2 2 
2 2 2 2 2 2 2 2 2 
2 2 2 2 2 2 2 2 2 
2 2 2 2 2 2 2 2 
2 2 2 2 2 2 2 2 
2 2 2 2 2 2 2 2 
2 2 2 2 2 7 2 2 2 2 
2 2 2 2 2 7 2 2 2 
2 2 2 2 2 2 7 2 2 2 
2 2 2 2 2 7 2 2 2 2 2 
2 2 2 2 7 2 2 2 2 2 
2 2 2 2 7 2 2 2 2 2 
2 2 2 2 2 2 7 2 2 2 
2 2 2 2 2 2 7 2 2 2 
2 2 2 2 2 2 7 2 2 2 
0 2 2 2 2 2 7 2 2 2 2 2 
2 2 2 2 2 7 2 2 2 2 
2 2 2 2 2 7 2 2 2 2 
2 2 2 2 2 7 2 2 2 2 2 
2 2 2 2 2 7 2 2 2 2 2 
2 2 2 2 2 7 2 2 2 2 2 
2 2 7 2 2 2 2 
2 2 7 2 2 2 
2 2 7 2 2 2 
2 2 7 2 2 2 
2 2 7 2 2 2 
2 2 7 2 2 2 
2 2 7 2 2 2 
2 2 7 2 2 2 
2 2 7 2 2 2 
2 0 7 2 2 2 2 
2 0 7 2 2 2 2 
2 0 7 2 2 2 2 
2 0 7 2 2 2 2 
2 0 7 2 2 2 2 
0 2 7 2 2 2 2 
2 2 2 2 2 2 2 7 2 2 2 2 
2 2 2 2 7 2 2 2 2 
2 2 2 2 2 7 2 2 2 2 
2 2 2 2 2 7 2 2 2 2 
2 2 2 2 2 7 2 2 2 2 
2 2 2 2 2 7 2 2 2 2 
2 2 2 2 2 7 2 2 2 2 
2 2 2 2 2 7 2 2 2 2 
2 2 2 2 2 7 2 2 2 2 
2 2 2 2 2 7 2 2 2 2 
2 2 2 2 2 7 2 2 2 2 
2 2 2 2 2 7 2 2 2 2 
2 2 2 2 2 7 2 2 2 2 
2 2 2 2 2 7 2 2 2 2 
2 2 2 2 2 7 2 2 2 2 
2 2 2 2 2 7 2 2 2 2 
2 2 2 2 2 2 7 2 2 2 2 
2 2 2 2 2 2 7 2 2 2 
2 2 2 2 2 2 7 2 2 2 2 
2 2 2 2 2 7 2 2 2 2 
2 2 2 2 2 7 2 2 2 2 
2 2 2 2 2 2 7 2 2 2 2 
2 2 2 2 2 2 7 2 2 2 2 
2 2 2 2 2 2 7 2 2 2 2 
2 2 2 2 2 2 7 2 2 2 2 
2 2 2 2 2 2 7 2 2 2 2 
2 2 2 2 2 2 7 2 2 2 2 
2 2 2 2 2 2 7 2 2 2 2 
2 2 2 2 2 2 7 2 2 2 2 
2 2 2 2 2 2 7 2 2 2 2 
2 2 2 2 2 2 7 2 2 2 2 2 
2 2 2 2 2 2 2 2 7 2 2 2 
2 2 2 2 2 2 2 2 7 2 2 2 
2 2 2 2 2 2 2 2 7 2 2 2 
2 2 2 2 2 2 2 7 2 2 2 2 
2 2 2 2 2 2 2 7 2 2 2 2 
2 0 2 2 2 2 2 2 2 7 2 2 2 2 
2 0 2 2 2 2 2 2 2 7 2 2 2 2 
2 2 2 2 2 2 7 2 2 2 2 
2 2 2 2 2 7 2 2 2 2 
2 2 2 2 2 7 2 2 2 2 
2 2 2 2 2 7 2 2 2 2 
2 2 2 2 2 2 2 7 2 2 2 2 
2 2 2 2 2 2 2 7 2 2 2 2 
2 2 2 2 2 2 2 7 2 2 2 2 
2 2 2 2 2 2 2 2 2 2 2 
2 2 2 2 2 2 2 2 2 2 
2 2 2 2 2 2 2 2 2 2 
2 2 2 2 2 2 2 2 2 
2 2 2 2 2 2 2 2 2 2 
2 2 2 2 2 2 2 2 2 2 
2 2 2 2 2 2 2 2 2 
2 2 2 2 2 2 2 2 2 
2 2 2 2 2 2 2 2 2 
2 2 2 2 2 2 2 2 2 
2 2 2 2 2 2 2 2 2 
2 2 2 2 2 2 2 2 2 
2 2 2 2 2 2 2 2 2 
2 2 2 2 2 2 2 2 2 
2 2 2 2 2 2 2 2 2 
2 2 2 2 2 2 2 7 2 2 2 
2 2 2 2 2 2 2 7 2 2 2 2 
2 2 2 2 2 2 2 2 7 2 2 2 
2 2 2 0 2 2 2 2 7 2 2 2 2 
2 2 0 2 2 2 2 7 2 2 2 2 
2 2 0 2 2 2 2 7 2 2 2 2 
2 2 2 2 7 2 2 2 2 2 
2 2 2 2 7 2 2 2 2 2 
2 2 2 2 7 2 2 2 2 2 
2 2 2 2 2 7 2 2 2 2 2 
2 2 2 2 2 2 7 2 2 2 2 2 
2 2 2 2 2 2 7 2 2 2 2 2 
2 2 2 2 2 2 7 2 2 2 2 2 2 2 
2 2 2 2 2 2 7 2 2 2 2 2 2 2 
2 2 2 2 2 2 7 2 2 2 2 2 2 2 
2 2 2 7 2 2 2 2 
2 2 7 2 2 2 2 2 
2 2 7 2 2 2 2 2 
2 2 7 2 2 2 2 2 
2 2 7 2 2 2 2 2 
2 2 7 2 2 2 2 2 
2 2 2 7 2 2 2 2 
2 2 2 7 2 2 2 2 
2 2 7 2 2 2 2 2 
2 2 0 2 7 2 2 2 2 
2 2 0 2 7 2 2 2 2 
2 2 0 2 7 2 2 2 2 
2 2 7 2 2 2 2 2 
2 2 7 2 2 2 2 2 
2 2 7 2 2 2 2 2 
2 2 2 2 2 2 2 7 2 2 2 
2 2 2 2 2 2 2 2 2 7 2 2 2 
2 2 2 2 2 2 2 2 7 2 2 2 
2 2 2 2 2 2 2 2 2 2 2 7 
2 2 2 2 2 2 2 2 2 2 2 2 7 
2 2 2 2 2 2 2 2 2 2 2 2 7 
2 2 2 2 2 2 2 2 7 2 2 2 
2 2 2 2 2 2 2 2 7 2 2 2 
2 2 2 2 2 2 7 2 2 2 2 2 
2 2 2 2 2 2 2 2 2 2 2 2 7 
2 2 2 2 2 2 2 2 2 2 2 2 7 
2 2 2 2 2 2 2 2 2 2 2 2 7 
2 2 2 2 2 2 2 7 2 2 2 2 2 
2 2 2 2 2 2 2 7 2 2 2 2 2 
2 2 2 2 2 2 2 7 2 2 2 2 2 
2 2 2 7 2 2 2 
2 2 2 7 2 2 2 
2 2 2 7 2 2 2 
2 2 7 2 2 2 
2 2 7 2 2 2 
2 2 7 2 2 2 
2 2 2 2 2 7 
2 2 2 2 2 7 
2 2 2 2 2 7 
2 2 2 2 2 2 7 
2 2 2 2 2 2 7 
2 2 2 2 2 2 7 
2 2 2 2 2 7 
2 2 2 2 2 7 
2 2 2 2 2 7 
2 2 2 2 2 2 2 2 7 2 2 
2 2 2 2 2 2 2 2 2 2 7 
2 2 2 2 2 2 2 2 2 2 7 
2 2 2 2 2 2 2 2 2 2 7 
2 2 2 2 2 2 2 2 2 2 7 
2 2 2 2 2 2 2 2 2 2 7 
2 2 2 2 2 2 2 2 2 2 7 
2 2 2 2 2 2 2 2 2 2 7 
2 2 2 2 2 2 2 2 2 2 7 
2 2 2 2 2 2 2 2 2 2 7 
2 2 2 2 2 2 2 2 2 2 7 
2 2 2 2 2 2 2 2 2 2 7 
2 2 2 2 2 2 2 2 7 2 2 
2 2 2 2 2 2 2 2 7 2 2 
2 2 2 2 2 2 2 2 7 2 2 
2 2 2 2 2 2 7 2 2 2 2 
2 2 2 2 2 2 2 7 2 2 
2 2 2 2 2 2 2 2 7 2 2 
2 7 2 2 2 2 7 2 2 2 2 
2 7 2 2 2 7 2 2 2 2 
2 7 2 2 2 7 2 2 2 2 
2 7 2 2 2 2 2 2 2 2 
2 2 7 2 2 2 2 2 2 2 
2 2 7 2 2 2 2 2 2 2 
2 2 2 2 2 2 2 2 2 
2 2 2 2 2 2 2 2 2 
2 2 2 2 2 2 2 2 2 
2 2 2 2 7 2 2 2 2 2 2 2 
2 2 2 2 7 2 2 2 2 2 2 2 
2 2 2 2 7 2 2 2 2 2 2 2 
2 2 2 2 2 2 2 2 2 2 2 2 
3 2 2 2 2 2 2 2 2 2 2 2 2 2 
2 2 2 2 2 2 2 2 2 2 2 2 2 
2 2 2 2 2 2 2 2 2 7 2 2 2 2 2 2 
2 2 2 2 2 2 2 2 7 2 2 2 2 2 2 
2 2 2 2 2 2 2 2 7 2 2 2 2 2 2 
2 2 2 2 2 2 2 2 2 7 2 2 
2 2 2 2 2 2 2 2 2 7 2 2 
2 2 2 2 2 2 2 2 2 7 2 2 
2 2 2 2 2 7 2 2 2 2 2 2 
2 2 2 2 2 7 2 2 2 2 2 2 
2 2 2 2 2 7 2 2 2 2 2 2 
2 2 2 2 2 2 2 7 2 2 2 
2 2 2 2 2 2 2 7 2 2 2 
2 2 2 2 2 2 2 7 2 2 2 
7 2 2 2 2 2 2 2 2 2 2 2 
2 2 2 2 7 2 2 7 2 2 2 2 
2 2 2 2 7 2 2 7 2 2 2 2 
2 2 2 7 2 2 2 2 7 2 2 2 
2 2 2 7 2 2 2 7 2 2 2 
2 2 2 2 7 2 2 7 2 2 2 
2 2 7 2 7 2 2 2 2 2 2 2 
2 2 7 2 7 2 2 2 2 2 2 2 
2 2 7 2 7 2 2 2 2 2 2 2 
2 2 7 2 2 2 2 2 2 7 
2 7 2 2 2 2 2 2 2 7 
2 7 2 2 2 2 2 2 2 7 
2 2 2 7 2 2 2 2 2 2 7 
2 2 2 7 2 2 2 2 2 2 7 
2 2 2 7 2 2 2 2 2 2 7 
2 2 2 2 2 2 2 2 2 7 2 2 
2 2 2 2 7 2 2 2 2 7 2 
2 2 7 2 2 2 2 2 2 7 2 
2 2 7 2 2 2 2 2 2 2 7 
2 2 7 2 2 2 2 2 2 2 7 
2 2 7 2 2 2 2 2 2 2 7 
2 2 7 2 2 2 2 2 2 2 7 
2 2 7 2 2 2 2 2 2 2 7 
2 2 2 7 2 2 2 2 2 2 2 7 
2 2 2 7 2 2 2 2 2 2 2 7 
2 2 2 7 2 2 2 2 2 2 2 7 
2 2 2 7 2 2 2 2 2 2 2 7 
2 2 7 2 2 2 7 2 2 2 2 7 
2 2 7 2 2 2 7 2 2 2 2 7 
2 2 7 2 2 2 7 2 2 2 2 7 
2 2 7 2 2 2 2 7 2 2 7 
2 2 2 2 2 2 2 7 2 7 2 2 7 
2 2 2 2 2 2 2 2 2 7 7 2 2 7 
2 2 2 2 2 2 7 2 2 2 2 7 
2 2 2 2 2 2 7 2 2 2 2 7 
2 2 2 2 2 2 2 7 2 2 2 2 7 
2 2 2 2 2 7 2 2 2 2 7 2 2 7 
2 2 2 2 2 7 2 2 2 2 7 2 2 7 
2 2 2 2 2 7 2 2 2 7 2 2 2 7 
2 2 2 7 2 2 7 2 2 2 2 2 7 
2 2 2 2 2 7 2 2 2 2 2 7 
2 2 2 2 2 7 2 2 2 2 2 7 
2 2 2 2 7 2 2 2 2 2 2 7 
2 2 2 2 7 2 2 2 2 2 2 7 
2 2 2 2 7 2 2 2 2 2 2 7 
2 7 2 2 2 2 2 2 2 2 7 
2 2 2 2 7 2 2 2 2 2 2 7 
2 2 2 2 7 2 2 2 2 2 2 7 
2 2 2 7 2 2 2 2 2 2 2 7 
2 2 2 7 2 2 2 2 2 2 2 7 
2 2 2 7 2 2 2 2 2 2 2 7 
2 2 2 2 2 7 2 2 2 2 2 2 7 
2 2 2 2 2 7 2 2 2 2 2 2 7 
2 2 2 2 2 7 2 2 2 2 2 2 7 
2 2 2 2 2 2 2 2 7 2 2 
2 7 2 2 2 2 2 2 2 7 2 2 
2 7 2 2 2 2 2 2 2 7 2 2 
2 7 2 2 2 2 2 2 2 2 2 7 
2 7 2 2 2 2 2 2 2 2 2 7 
2 7 2 2 2 2 2 2 2 2 2 7 
2 2 2 2 2 2 2 2 7 2 2 
2 2 2 2 2 2 2 2 7 2 2 
2 2 2 2 2 2 2 2 7 2 2 
2 2 2 2 2 2 2 7 2 2 2 
7 2 2 2 2 2 2 2 7 2 2 2 
7 2 2 2 2 2 2 2 7 2 2 2 
2 2 2 2 7 2 2 2 2 2 
2 2 2 2 2 7 2 2 2 2 2 
2 2 2 2 7 2 2 2 2 2 
2 2 2 7 2 2 2 2 2 2 2 
2 2 2 7 2 2 2 2 2 2 2 
2 2 2 7 2 2 2 2 2 2 2 
2 2 2 7 2 2 2 2 2 2 2 
2 2 2 7 2 2 2 2 2 2 2 
2 2 2 7 2 2 2 2 2 2 2 
2 2 2 2 2 2 7 2 2 2 2 2 
2 2 2 2 2 2 7 2 2 2 2 
2 2 2 2 2 2 7 2 2 2 2 
2 2 2 2 2 2 7 2 2 2 
2 2 2 2 2 7 2 2 2 
2 2 2 2 2 7 2 2 2 
7 2 2 2 2 2 2 7 2 2 2 2 
2 7 2 2 2 2 2 7 2 2 2 2 
2 7 2 2 2 2 2 7 2 2 2 2 
2 2 2 7 2 2 7 2 2 2 2 2 
2 2 2 2 7 2 2 2 7 2 2 2 2 
2 2 2 2 7 2 2 2 7 2 2 2 2 
2 2 2 2 2 7 2 7 2 2 2 2 
2 2 2 2 2 7 2 7 2 2 2 2 
2 2 2 2 2 7 2 7 2 2 2 2 
2 2 2 2 2 2 2 2 2 2 2 
2 2 2 2 2 2 2 2 2 2 
2 2 2 2 2 2 2 2 2 
2 2 2 2 7 2 2 2 2 2 
2 2 2 2 7 2 2 2 2 2 2 
2 2 2 2 7 2 2 2 2 2 2 
2 2 2 2 2 2 2 2 2 2 
2 2 2 2 2 2 2 2 2 2 
2 2 2 2 2 2 2 2 2 2 
2 2 2 7 2 2 2 2 2 2 2 2 
2 2 2 2 2 2 2 2 2 2 2 
2 2 2 2 2 2 2 2 2 2 2 
2 2 2 7 2 2 2 2 2 2 
2 2 2 7 2 2 2 2 2 2 
2 2 7 2 2 2 2 2 2 
2 2 7 2 2 2 2 2 2 2 2 2 
2 2 7 2 2 2 2 2 2 2 
2 2 7 2 2 2 2 2 2 2 
2 2 7 2 2 2 2 2 2 2 
2 2 2 7 2 2 2 2 2 2 
2 2 2 7 2 2 2 2 2 2 
2 2 2 2 2 2 2 2 2 2 
2 2 2 2 2 2 2 2 2 2 
2 2 2 2 2 2 2 2 2 2 2 
2 2 2 7 7 2 2 2 2 2 2 2 
2 2 7 7 2 2 2 2 2 2 2 2 
2 2 7 7 2 2 2 2 2 2 2 2 
2 2 2 7 2 2 2 7 2 2 2 2 
2 2 2 7 2 2 2 7 2 2 2 2 
2 2 2 2 7 2 2 7 2 2 2 2 
2 2 2 2 2 7 2 2 2 2 2 
2 7 2 2 2 7 2 2 2 2 
2 7 2 2 2 2 7 2 2 2 
2 2 2 2 2 2 2 2 2 
2 2 2 7 2 2 2 2 2 2 
2 2 2 7 2 2 2 2 2 2 
2 2 7 2 2 2 2 2 2 2 
2 2 2 7 2 2 2 2 2 2 
2 2 7 2 2 2 2 2 2 2 
2 2 2 2 7 2 2 2 2 2 2 
2 2 2 7 2 2 2 2 2 2 2 
2 2 2 7 2 2 2 2 2 2 2 
2 2 2 2 2 2 2 2 2 2 2 
2 2 2 2 2 2 2 2 2 2 2 
2 2 2 2 2 2 2 2 2 2 2 
2 2 2 2 2 2 2 2 2 2 2 
2 2 2 2 2 2 2 2 2 2 2 
2 2 2 2 2 2 2 2 2 2 2 
2 2 2 2 2 2 2 2 2 2 2 
2 2 2 2 2 2 2 2 2 2 2 
2 2 2 2 2 2 2 2 2 2 2 
2 2 2 2 2 2 2 2 2 2 2 
2 2 2 2 2 2 2 2 2 2 2 
2 2 2 2 2 2 2 2 2 2 
2 2 2 2 2 2 2 2 2 2 
2 2 2 2 2 2 2 2 2 2 
2 2 2 2 2 2 2 2 2 2 
2 2 2 2 2 2 2 2 2 
2 2 2 2 2 2 2 2 2 
2 2 2 2 2 2 2 2 2 
2 2 2 2 2 2 2 2 2 2 
2 2 2 2 2 2 2 2 2 
2 2 2 2 2 2 2 2 2 2 
2 2 2 2 2 2 2 2 2 
2 2 2 2 2 2 2 2 2 2 
2 2 2 2 2 2 2 2 2 2 
2 2 2 2 2 2 2 2 
2 2 2 2 2 2 2 2 
2 2 2 2 2 2 2 2 
2 2 2 2 2 2 2 2 2 2 
2 2 3 2 2 2 2 2 2 2 2 
2 2 3 2 2 2 2 2 2 2 2 
2 2 2 2 2 2 2 2 
2 2 2 2 2 2 2 2 
2 2 2 2 2 2 2 2 
2 2 2 2 2 2 2 2 2 2 
2 2 2 2 2 2 2 2 
2 2 2 2 2 2 2 2 
2 2 2 2 2 2 2 2 2 
2 2 2 2 2 2 2 2 2 
2 2 2 2 2 2 2 2 2 
2 2 2 2 2 2 2 2 
2 2 2 2 2 2 2 2 
2 2 2 2 2 2 2 2 
2 2 2 2 2 2 2 
2 2 2 2 2 2 2 
2 2 2 2 2 2 2 
2 2 2 2 2 2 2 2 
2 2 2 2 2 2 2 2 
2 2 2 2 2 2 2 2 
2 2 2 2 2 2 2 2 2 
2 2 2 2 2 2 2 
2 2 2 2 2 2 2 
2 2 2 2 2 2 2 
2 2 2 2 2 2 2 
2 2 2 2 2 2 2 
2 2 2 2 2 2 2 2 
2 2 2 2 2 2 2 2 
2 2 2 2 2 2 2 2 
2 2 2 2 2 2 2 2 2 2 
2 2 2 2 2 2 2 2 2 2 
2 2 2 2 2 2 2 2 2 2 
2 2 2 2 2 2 2 2 
2 2 2 2 2 2 2 2 
2 2 2 2 2 2 2 2 
2 7 2 2 2 2 2 2 2 2 
2 2 2 7 2 2 2 2 2 
2 2 2 7 2 2 2 2 2 
2 2 7 2 2 2 2 2 2 
2 7 2 2 2 2 2 2 2 
2 7 2 2 2 2 2 2 2 
2 2 2 2 2 2 2 2 
2 2 2 2 2 2 2 2 
2 2 2 2 2 2 2 2 
2 2 2 2 2 2 2 2 2 
2 2 2 2 2 2 2 2 2 
2 2 2 2 2 2 2 2 2 
2 2 2 2 2 2 2 2 
2 2 2 2 2 2 2 2 
2 2 2 2 2 2 2 2 
2 2 2 2 2 2 2 2 
2 2 2 2 2 2 2 2 
2 2 2 2 2 2 2 2 
2 2 2 2 2 2 2 2 2 
2 2 2 2 2 2 2 2 2 
2 2 2 2 2 2 2 2 2 
2 2 2 2 2 2 2 2 2 
2 2 2 2 2 2 2 2 2 
2 2 2 2 2 2 2 2 2 
2 2 2 2 2 2 2 2 2 
2 2 2 2 2 2 2 2 2 
2 2 2 2 2 2 2 2 2 
2 2 7 2 2 2 2 2 2 2 
2 2 7 2 2 2 2 2 2 2 
2 2 7 2 2 2 2 2 2 2 
2 2 2 2 2 2 2 2 2 
2 2 2 2 2 2 2 2 2 
2 2 2 2 2 2 2 2 
2 2 2 2 2 2 2 2 2 
2 2 2 2 2 2 2 2 2 
2 2 2 2 2 2 2 2 2 
2 2 2 2 2 2 2 2 2 
2 2 2 2 2 2 2 2 2 
2 2 2 2 2 2 2 2 
2 2 2 2 2 2 2 2 2 
2 2 2 2 2 2 2 2 2 
2 2 2 2 2 2 2 2 2 
2 2 2 2 2 2 2 2 2 2 
2 2 2 2 2 2 2 2 2 2 
2 2 2 2 2 2 2 2 2 2 
2 2 2 2 2 2 2 2 
2 2 2 2 2 2 2 
2 2 2 2 2 2 2 
2 2 2 2 2 2 2 2 
2 2 2 2 2 2 2 2 
2 2 2 2 2 2 2 2 
2 2 2 2 2 2 
2 2 2 2 2 2 
2 2 2 2 2 2 
2 7 2 2 2 2 2 2 
2 7 2 2 2 2 2 2 
2 7 2 2 2 2 2 2 
2 2 2 2 2 2 2 
2 2 2 2 2 2 2 
2 2 2 2 2 2 2 
2 2 2 2 2 2 2 2 2 
2 2 7 2 2 2 2 2 2 
2 2 7 2 2 2 2 2 2 
2 2 2 2 2 2 7 2 2 2 2 
2 2 2 2 2 2 7 2 2 2 2 
2 2 2 2 2 2 7 2 2 2 2 
2 2 2 2 2 2 7 2 2 2 2 
2 2 2 2 2 2 7 2 2 2 2 
2 2 2 2 2 2 7 2 2 2 2 
2 2 2 2 2 2 7 2 2 2 2 
2 2 2 2 2 2 7 2 2 2 2 
2 2 2 2 2 2 7 2 2 2 2 
2 2 2 2 2 2 2 2 2 2 2 
2 2 2 2 2 2 2 2 2 2 2 
2 2 2 2 2 2 2 2 2 2 2 
2 2 2 2 2 2 2 
2 2 7 2 2 2 2 
2 2 7 2 2 2 2 
2 2 2 2 7 2 2 
2 2 2 2 7 2 2 
2 2 2 2 7 2 2 
2 2 2 2 7 2 2 2 2 
2 2 2 2 7 2 2 2 2 
2 2 2 7 2 2 2 2 
2 2 2 2 2 2 2 2 2 
2 2 2 2 2 2 2 2 2 
2 2 2 2 2 2 2 2 2 
2 2 2 7 2 2 2 
2 2 2 7 2 2 2 
2 2 2 7 2 2 2 
2 2 2 2 2 2 7 2 2 2 
2 2 2 7 2 2 2 
2 2 7 2 2 2 
2 2 2 2 2 7 2 
2 2 2 2 2 7 2 
2 2 2 2 2 7 2 
2 2 2 2 7 2 
2 2 2 2 7 2 
2 2 2 2 7 2 
2 2 2 2 7 2 2 
2 2 2 2 7 2 2 
2 2 2 2 7 2 2 
2 2 2 7 2 2 2 
2 2 2 7 2 2 2 
2 2 2 7 2 2 2 
2 2 2 7 2 2 2 2 
2 2 2 7 2 2 2 
2 2 2 7 2 2 2 
2 2 2 7 2 2 2 
2 2 2 2 7 2 2 2 
2 2 2 2 7 2 2 2 
2 2 2 7 2 2 2 
2 2 2 7 2 2 2 
2 2 2 7 2 2 2 
2 2 2 2 2 2 2 7 2 
2 2 2 2 2 2 2 7 2 
2 2 2 2 2 2 2 7 2 
2 2 2 2 2 2 7 2 2 
2 2 2 2 2 2 7 2 2 
2 2 2 2 2 2 7 2 2 
2 2 2 2 2 7 2 2 
2 2 2 2 2 7 2 
2 2 2 2 2 7 2 
2 2 2 2 7 2 2 2 
2 2 2 2 7 2 2 2 
2 2 2 2 7 2 2 2 
2 2 2 2 2 7 2 2 2 2 
2 2 2 2 2 7 2 2 2 2 
2 2 2 2 2 7 2 2 2 2 
2 2 2 2 2 7 2 
7 2 2 2 2 2 7 2 
7 2 2 2 2 2 7 2 
2 2 2 2 2 7 2 
2 2 2 2 2 7 2 
2 2 2 2 2 7 2 
2 2 2 2 7 2 2 2 
2 2 7 2 2 2 
2 2 7 2 2 2 
2 7 2 2 2 
2 7 2 2 2 
2 7 2 2 2 
2 2 7 2 2 
2 2 7 2 2 
2 2 7 2 2 
2 2 2 7 2 
2 2 7 2 2 
2 2 7 2 2 
2 2 7 2 2 
2 2 7 2 2 
2 2 7 2 2 
0 2 2 2 2 2 7 
2 2 2 2 2 7 
2 2 2 2 2 7 
2 2 2 2 2 7 
4 2 2 2 2 2 7 
4 2 2 2 2 2 7 
2 2 2 2 2 7 
2 2 2 2 2 7 
2 2 2 2 2 7 
2 2 2 2 7 2 
2 2 2 2 7 2 
2 2 2 2 7 2 
2 2 2 2 7 2 
2 2 2 2 7 2 
2 2 2 2 2 7 2 
0 2 2 2 2 
7 2 2 2 
7 2 2 2 
2 2 2 2 
2 2 2 2 
2 2 2 2 
7 7 2 2 2 2 
7 2 2 2 2 
7 2 2 2 2 
2 2 7 2 7 2 2 
2 2 7 2 7 2 2 
2 2 7 2 7 2 2 
7 2 2 2 
7 2 2 2 
7 2 2 2 
7 2 2 2 
7 2 7 2 2 2 
2 7 2 2 2 
0 7 2 2 2 
2 2 0 7 2 2 2 
2 2 0 7 2 2 2 
2 0 7 2 2 2 
2 0 7 2 2 2 
2 0 7 2 2 2 
7 2 2 2 
7 2 2 2 
7 2 2 2 
0 7 2 2 2 
0 7 2 2 2 
0 7 2 2 2 
2 7 2 2 2 
7 7 2 2 2 
7 7 2 2 2 
2 7 2 2 2 
2 7 2 2 2 
2 7 2 2 2 
2 2 7 2 2 2 
2 2 7 2 2 2 
2 2 7 2 2 2 
2 7 2 2 2 
2 7 2 2 2 
2 7 2 2 2 
2 7 2 2 2 
2 7 2 2 2 
2 7 2 2 2 
7 2 7 2 2 
2 7 2 2 
7 2 7 2 2 
2 7 2 2 2 
2 7 2 2 2 
2 7 2 2 2 
7 2 2 7 2 
7 2 2 7 2 
7 2 2 7 2 
0 2 2 7 2 
2 2 7 2 
2 2 7 2 
2 2 2 7 
2 2 2 7 
2 2 2 7 
7 2 7 
0 7 2 7 
0 7 2 7 
7 2 2 7 
7 2 2 7 
7 2 2 7 
2 7 7 7 
7 7 7 
7 7 7 
0 7 2 7 7 
0 7 2 7 7 
0 2 7 7 7 
2 2 7 7 7 
2 2 7 7 7 
2 2 7 7 7 
2 2 7 7 
2 7 7 
2 7 7 
7 2 7 
7 2 7 
7 2 7 
7 2 7 
7 2 7 
7 2 7 
2 7 7 
2 7 7 
2 7 7 
7 7 
7 7 
7 7 
2 7 7 
2 7 7 
2 7 7 
2 7 7 
2 7 7 
2 7 7 
2 7 7 
2 7 7 
2 7 7 
2 7 7 
2 7 7 
2 7 7 
2 7 7 
2 7 7 
2 7 7 
7 7 
7 7 
7 7 
2 7 7 
2 7 7 
2 7 7 
2 7 7 
2 7 7 
2 7 7 
2 7 
2 7 
2 7 
2 2 
2 2 
2 2 
2 7 2 7 2 
2 2 2 
2 2 2 
2 2 2 
2 2 2 
2 2 2 
2 2 3 
2 2 3 
2 2 3 
2 2 2 2 
2 2 2 2 
2 2 2 2 
2 2 2 3 2 
2 2 2 3 2 
2 2 3 2 
2 2 
2 2 2 
2 2 2 
2 2 2 
2 2 2 
2 2 2 
7 2 2 2 
7 2 2 2 
7 2 2 2 
2 2 2 2 
2 2 2 2 
2 2 2 2 
2 2 2 2 
2 2 2 2 
2 2 2 2 
2 2 2 2 
2 7 2 2 2 
2 2 7 2 2 
2 2 7 2 2 
2 7 2 2 2 
2 7 2 2 2 
2 2 7 2 2 
2 7 2 2 
2 7 2 2 
2 2 2 7 
2 2 2 7 
2 2 2 7 
2 2 2 
2 2 2 
2 2 2 
7 2 
2 2 2 
2 2 2 
2 
2 
2 
2 2 2 
2 2 2 
2 2 
2 2 
2 2 
2 2 
2 2 7 2 
7 2 2 2 
2 2 2 
2 2 
2 
2 
2 
2 
2 
2 7 2 
2 7 2 
7 2 2 
2 7 
2 7 
2 7 
2 7 
2 7 
2 7 
2 7 
2 7 
2 7 
2 2 7 2 
2 2 7 2 
2 2 7 2 
2 2 7 
2 2 7 
2 2 7 
2 2 7 
2 2 7 
2 2 7 
2 2 7 
2 7 2 
2 7 2 
2 7 
7 2 
7 2 
2 7 
2 2 7 
2 2 7 
2 7 
2 7 
7 
7 
7 
7 
7 
7 
2 2 7 
2 2 7 
2 2 2 7 
2 2 7 
2 7 
2 7 
2 7 
2 2 7 
2 2 7 
2 2 2 7 
2 2 2 7 
2 2 2 7 
2 2 2 7 
2 7 2 
2 7 2 
2 7 2 
2 7 
2 7 
2 7 
2 7 2 
2 7 2 
2 7 2 
2 2 7 2 
2 7 2 2 
2 2 7 2 
2 2 2 7 
2 2 2 7 
2 2 2 7 
2 2 2 7 
2 2 2 7 
2 2 2 7 
2 2 2 2 7 2 
2 2 2 7 2 
2 2 2 7 2 
2 2 2 2 7 
2 2 2 7 2 
2 2 2 7 2 
2 2 2 
2 2 2 
2 2 2 
7 2 2 2 2 
7 2 2 2 2 
7 2 2 2 2 
7 2 2 2 
7 2 2 2 
7 2 2 2 
2 2 2 
7 2 2 7 
7 2 2 7 
2 2 2 2 
7 2 2 2 2 
7 2 2 2 2 
2 2 2 
2 2 2 
2 2 2 
2 7 2 
2 7 2 
2 7 2 
2 2 7 
2 2 7 
2 2 7 
4 2 2 7 2 
4 2 2 7 2 
2 4 2 7 2 
2 2 4 2 2 
2 2 4 2 2 
2 2 4 2 2 
2 2 4 2 2 
2 2 4 2 2 
2 2 4 2 2 
4 2 2 
2 2 
2 2 
2 2 7 
2 2 7 
2 7 2 
2 2 2 2 7 
2 2 2 7 
2 2 2 7 
2 2 7 
2 2 2 7 
2 2 2 7 
2 2 2 2 7 
2 2 2 7 
2 2 2 7 
2 7 
2 7 
2 7 
2 2 7 
2 2 7 
2 2 7 
2 2 7 
7 2 7 
2 7 
2 7 
2 7 
2 7 
2 7 
2 7 
2 7 
7 2 7 
7 2 7 
7 2 7 
2 7 
2 7 
2 7 
2 2 2 7 
2 7 
2 7 
2 7 7 
2 7 7 
2 7 7 
2 7 
2 7 
2 7 
2 7 2 7 
2 7 2 7 
2 7 2 7 
2 7 2 7 
2 7 7 2 7 
2 7 7 2 7 
2 2 2 7 2 7 
2 7 2 7 
2 7 2 7 
2 2 7 
2 7 
2 7 
2 2 7 
2 2 7 
2 2 7 
7 2 2 7 
2 7 2 2 7 
2 7 2 2 7 
2 7 7 7 2 
2 7 7 7 2 
2 7 7 7 2 
2 2 2 7 2 2 
2 2 7 2 2 
2 2 7 2 2 
2 2 7 7 2 2 
2 2 7 2 7 2 
2 2 7 2 7 2 
2 3 2 7 7 2 
2 7 2 3 2 7 
7 2 2 3 7 2 
2 7 2 
2 7 2 
2 7 2 
2 7 2 
2 7 2 
2 7 2 
2 2 2 2 7 
2 2 2 7 
2 2 2 7 
7 2 2 7 2 
7 2 2 7 2 
7 2 2 7 2 
2 2 7 2 
2 2 7 2 
2 2 2 7 2 
2 7 2 
7 2 2 
2 7 2 
2 2 7 2 
2 2 7 2 
2 2 7 2 
2 2 2 
2 7 
2 7 
2 7 2 
7 2 
7 2 
2 2 
2 2 
2 2 
2 2 
2 2 
2 2 
2 7 2 
2 7 2 
2 7 2 
2 2 2 2 
7 2 2 2 2 
2 2 2 2 
2 2 2 2 
2 2 2 2 
2 2 2 2 
2 2 2 2 
2 2 2 2 
2 2 2 2 
7 2 2 2 2 
7 2 2 2 2 
2 2 2 2 
7 2 2 2 2 
7 2 2 2 2 
7 2 2 2 2 
2 2 2 2 
2 2 2 2 
2 2 2 2 
7 2 2 2 2 
7 2 2 2 2 
7 2 2 2 2 
2 2 2 7 2 
2 2 2 7 2 
2 2 7 2 2 
2 2 2 2 
2 2 2 2 
2 2 2 2 
2 2 2 2 
2 2 2 2 
2 2 2 2 
7 2 2 2 2 2 
2 2 2 2 
2 7 2 2 2 
2 7 2 2 2 2 
2 7 2 2 2 2 
2 7 2 2 2 2 
2 2 2 2 
2 2 2 2 
2 2 2 2 
2 2 2 2 2 2 
2 2 2 2 2 2 2 
2 2 2 2 2 2 2 
2 2 2 2 2 
2 2 2 2 2 2 
2 2 2 2 2 2 2 
2 2 2 2 2 2 
2 2 2 2 2 2 
2 2 2 2 2 2 
2 2 2 2 2 2 2 
2 2 2 2 2 2 
2 2 2 2 2 2 
2 2 7 2 2 2 
2 2 7 2 2 2 
2 2 7 2 2 2 
2 2 7 2 2 2 2 2 
2 2 7 2 2 2 2 2 
2 2 7 2 2 2 2 2 
2 7 2 2 2 2 2 
2 7 2 2 2 2 2 
2 2 7 2 2 2 2 
7 2 2 2 2 2 2 2 
2 2 2 2 2 2 2 
2 2 2 2 2 2 2 
2 2 2 2 2 2 2 
2 2 2 2 2 2 2 2 
2 2 2 2 2 2 2 2 
7 2 2 2 2 2 2 2 
7 2 2 2 2 2 2 2 
2 7 2 2 2 2 2 2 2 
2 2 2 2 2 2 2 2 
2 2 2 2 2 2 2 2 
2 2 2 2 2 2 2 2 
2 2 2 2 2 2 2 
2 2 2 2 2 2 2 
2 2 2 2 2 2 2 
2 7 2 2 2 2 2 2 2 
2 7 2 2 2 2 2 2 
2 7 2 2 2 2 2 2 
2 2 2 2 2 2 2 
2 2 2 2 2 2 2 
2 2 2 2 2 2 2 
2 2 2 2 2 2 2 
2 2 2 2 2 2 2 
2 2 2 2 2 2 2 
2 2 2 2 2 2 2 
2 2 2 2 2 2 2 
2 2 2 2 2 2 2 
2 2 2 2 2 2 2 
2 2 2 2 2 2 2 
2 2 2 2 2 2 2 
2 2 2 2 2 2 
2 2 2 2 2 2 
2 2 2 2 2 2 2 
2 7 2 2 2 2 2 
2 2 7 2 2 2 2 2 
2 2 7 2 2 2 2 2 
2 7 2 2 2 2 2 2 
2 7 2 2 2 2 2 2 
2 2 7 2 2 2 2 2 2 
2 2 2 2 2 2 2 2 2 
2 2 2 2 2 2 2 2 2 
2 2 2 2 2 2 2 2 2 
2 2 2 2 7 2 2 2 2 2 
2 2 2 2 7 2 2 2 2 2 
2 2 2 2 7 2 2 2 2 2 
2 2 2 2 2 7 2 2 2 2 
2 7 2 2 2 2 2 2 2 2 
7 2 2 2 2 2 2 2 2 2 
2 2 2 2 2 2 2 2 2 
2 2 2 2 2 2 2 2 2 
2 2 2 2 2 2 2 2 2 
2 2 2 2 7 2 2 2 2 
2 2 2 2 7 2 2 2 2 
2 2 2 2 2 2 7 2 2 
2 2 2 2 2 2 2 2 7 2 
2 2 2 2 2 2 2 7 2 2 
2 2 2 2 2 2 2 7 2 2 
2 2 2 2 2 2 2 2 7 2 
2 2 2 2 2 2 2 2 7 2 
2 2 2 2 2 2 2 2 7 2 
2 2 2 2 7 2 2 2 2 2 
2 2 2 2 2 7 2 2 2 
2 2 2 2 2 2 7 2 2 
2 2 2 2 2 2 7 2 2 
2 2 2 2 2 7 2 2 2 
2 2 2 2 2 7 2 2 2 
2 2 2 2 2 2 2 7 2 2 
2 2 7 2 2 2 2 2 7 2 2 
2 2 7 2 2 2 2 2 7 2 2 
2 2 2 2 2 7 2 2 2 2 7 
2 2 2 2 7 2 2 2 2 7 
2 2 2 2 7 2 2 2 2 7 
2 2 2 7 2 2 2 7 
2 2 2 7 2 2 2 7 
2 2 2 7 2 2 2 7 
2 2 2 2 7 2 2 7 
2 2 2 7 2 2 7 
2 2 2 7 2 2 2 7 
2 2 2 7 2 2 2 7 
2 2 2 7 2 2 2 7 
2 2 7 2 2 2 7 
2 2 2 7 2 2 2 7 
2 2 2 7 2 2 2 7 
2 2 7 2 2 2 2 7 
2 2 2 7 2 2 7 
2 2 2 7 2 2 7 
2 2 2 7 2 2 7 
2 2 2 7 2 2 7 
2 2 2 7 2 2 7 
2 2 2 7 2 2 7 
2 2 2 2 7 2 2 2 7 
2 2 2 2 2 7 2 7 
2 2 2 2 2 7 2 7 
2 2 2 2 2 7 7 
4 2 2 2 2 2 7 7 
4 2 2 2 2 2 7 7 
2 2 7 2 2 2 7 2 
2 7 2 2 2 2 7 2 
2 7 2 2 2 2 7 2 
2 2 2 2 2 2 7 
2 2 2 2 2 2 7 
2 2 2 2 2 2 7 
2 2 3 2 2 2 2 7 
2 2 3 2 2 2 2 7 
2 2 3 2 2 2 2 7 
2 2 2 7 2 2 2 
2 2 7 2 2 2 2 
2 7 2 2 2 2 
2 2 2 7 2 
2 2 2 2 7 
2 2 2 2 7 
2 2 2 2 7 
2 2 2 2 7 
2 2 2 2 7 
2 2 2 2 7 
2 2 2 2 7 
2 2 2 2 7 
2 2 2 2 7 
2 2 2 2 7 
2 2 2 2 7 
2 2 2 2 2 7 
2 2 2 2 7 
2 2 2 2 7 
2 2 2 7 
2 2 2 7 
2 2 2 7 
2 2 2 7 
2 2 7 
2 2 7 
2 2 7 
2 2 7 
2 2 7 
2 2 2 
2 2 2 
2 2 2 
2 2 2 
2 2 2 
2 2 2 
2 2 2 2 
2 2 2 2 
2 2 2 2 
2 2 2 
2 2 2 
2 2 2 
2 2 
2 2 
2 2 
2 2 
2 2 
2 2 
2 2 2 
2 2 
2 2 
2 2 2 
2 2 2 
2 2 2 
2 2 2 
2 2 2 
2 2 2 
2 2 2 
2 2 2 
2 2 2 
2 2 2 
2 2 2 
2 2 2 
2 2 2 2 2 2 2 
2 2 2 2 2 2 2 
2 2 2 2 2 2 2 
2 2 2 2 2 2 
2 2 2 2 2 2 2 
2 2 2 2 2 2 2 
2 7 2 2 2 2 2 2 
2 7 2 2 2 2 2 2 
2 7 2 2 2 2 2 2 
2 2 2 2 2 2 
2 2 2 2 2 2 
2 2 2 2 2 2 
2 2 2 2 2 2 
2 2 2 2 2 2 
2 2 2 2 2 2 
2 2 2 2 2 2 
2 2 2 2 2 2 
2 2 2 2 2 2 
2 2 2 2 2 
2 2 2 2 2 
2 2 2 2 2 
2 2 2 2 2 
2 2 2 2 2 
2 2 2 2 2 
2 2 2 2 2 
2 2 2 2 2 
2 2 2 2 2 
2 2 2 2 2 
2 2 2 2 2 
2 2 2 2 2 
2 2 2 2 2 2 
2 2 2 2 2 
2 2 2 2 2 
2 2 2 2 2 
2 2 2 2 2 
2 2 2 2 2 
2 2 2 2 2 
2 2 2 2 2 
2 2 2 2 2 
2 2 2 2 2 
2 2 2 2 2 
2 2 2 2 2 
2 2 2 2 2 
2 2 2 2 2 
2 2 2 2 2 
2 2 2 2 2 
2 2 2 2 2 
2 2 2 2 2 
2 2 2 2 2 
2 2 2 2 2 
2 2 2 2 2 
2 2 2 2 2 
2 2 2 2 2 
2 2 2 2 2 
2 2 2 2 2 
2 2 2 2 2 
2 2 2 2 2 
2 2 2 2 2 
2 2 2 2 2 
2 2 2 2 2 
2 2 2 2 2 2 2 
2 2 2 2 2 
2 2 2 2 2 
2 2 2 2 2 
2 2 2 2 2 
2 2 2 2 2 
2 2 2 2 2 
2 2 2 2 2 
2 2 2 2 2 
2 2 2 2 2 
2 2 2 2 2 
2 2 2 2 2 
2 2 2 2 2 
2 2 2 2 2 
2 2 2 2 2 
2 2 2 2 2 
2 2 2 2 2 
2 2 2 2 2 
2 2 2 2 
2 2 2 2 
2 2 2 2 
2 2 2 2 
2 2 2 2 
2 2 2 2 
2 2 2 2 
2 2 2 2 
2 2 2 2 
2 2 2 2 2 
2 2 2 2 2 
2 2 2 2 2 
2 2 2 2 2 
2 2 2 2 
2 2 2 2 
2 2 2 2 2 
2 2 2 2 2 
2 2 2 2 2 
2 2 2 2 2 
2 2 2 2 2 
2 2 2 2 2 
2 2 2 2 2 
2 2 2 2 2 
2 2 2 2 2 
2 2 2 2 2 
2 2 2 2 2 
2 2 2 2 2 
2 2 2 2 2 
2 2 2 2 2 
2 2 2 2 2 
2 2 2 2 2 
2 2 2 2 2 
2 2 2 2 2 
2 2 2 2 2 
2 2 2 2 2 
2 2 2 2 2 
2 2 2 2 2 
2 2 2 2 2 
2 2 2 2 2 
2 2 2 2 2 
2 2 2 2 2 2 
2 2 2 2 2 2 
2 2 2 2 2 
2 2 2 2 2 
2 2 2 2 2 
2 2 2 2 2 
2 2 2 2 2 2 
2 2 2 2 2 2 
2 2 2 2 
2 2 2 2 
2 2 2 2 
2 2 2 2 
2 2 2 2 
2 2 2 2 
2 2 2 
2 2 2 
2 2 2 
2 2 2 2 2 
2 2 2 2 
2 2 2 2 
2 2 2 2 
2 2 2 2 
2 2 2 2 
2 2 2 2 
2 2 2 2 
2 2 2 2 
2 2 2 2 
2 2 2 2 
2 2 2 2 
2 2 2 2 
2 2 2 2 
2 2 2 2 
2 2 2 2 
2 2 2 2 2 
2 2 2 2 
7 2 2 2 2 
7 2 2 2 2 
7 2 2 2 2 
2 2 2 2 2 
2 2 2 2 2 
2 2 2 2 2 
2 2 2 2 
2 2 2 2 
2 2 2 2 
2 7 2 2 
2 2 7 2 2 
2 7 2 2 2 
2 2 2 2 2 2 2 
2 7 2 2 2 2 
2 7 2 2 2 2 
2 7 2 2 2 2 
2 7 2 2 2 2 
2 7 2 2 2 2 
2 2 2 2 2 
2 2 2 2 2 
2 2 2 2 2 
2 2 2 2 2 
2 2 2 2 2 
2 2 2 2 2 
2 2 2 2 2 
2 2 2 2 2 
2 2 2 2 2 
2 2 2 2 2 2 
2 2 2 2 
2 2 2 2 
2 2 2 2 
2 2 2 2 2 
2 2 2 2 2 
2 2 2 2 
2 2 2 
2 2 2 
2 2 2 
2 2 2 
2 2 2 
2 2 2 
2 2 2 
2 2 2 
2 7 2 2 2 
2 2 2 
2 2 2 
2 2 2 2 
2 2 2 2 
2 2 2 2 
2 2 2 
2 2 2 
2 2 2 2 
2 2 2 
2 2 2 
2 2 2 
2 2 2 2 
2 2 2 2 
2 2 2 2 
2 2 2 2 
2 2 2 
2 2 2 
2 2 
2 2 
2 2 
2 2 
2 2 
2 2 
2 2 
2 2 
2 2 
2 2 
2 2 
2 2 
2 2 2 
2 2 
2 2 
2 2 
2 2 
2 2 
2 2 2 
2 2 2 
2 2 2 
2 2 2 
2 2 2 
2 2 2 
2 2 2 
2 2 2 
2 2 2 
2 2 2 
2 2 
2 2 
2 2 
2 2 
2 2 
2 2 
2 2 
2 2 
2 2 
2 2 
2 2 
2 2 
2 2 
2 2 
2 2 2 
2 2 2 
2 2 2 
2 2 2 2 
2 2 2 2 
2 2 2 2 
2 2 2 
2 2 2 
2 2 2 
2 2 2 2 
2 2 2 2 
2 2 2 2 
2 2 2 2 
2 2 2 2 
2 2 2 2 
2 2 2 2 
2 2 2 2 
2 2 2 2 
2 2 2 
2 2 2 
2 2 2 
2 2 2 
2 2 2 2 
2 2 2 2 
2 2 2 2 
2 2 2 2 
2 2 2 2 
2 2 2 2 
2 2 2 2 
2 2 2 2 
2 2 2 
2 2 2 
2 2 2 
2 2 2 2 
2 2 2 2 
2 2 2 2 
2 2 2 2 
2 2 2 2 
2 2 2 2 
2 2 2 2 
2 2 2 2 
2 2 2 2 
2 2 2 2 
2 2 2 2 
2 2 2 2 
2 2 2 
2 2 2 2 
2 2 2 2 
2 2 2 2 
2 2 2 
2 2 2 
2 2 2 2 
2 2 2 2 
2 2 2 2 
2 2 2 
2 2 2 
2 2 2 
2 2 2 2 
2 2 2 2 
2 2 2 2 
2 2 2 2 2 2 
2 2 2 2 2 2 
2 2 2 2 2 2 
2 2 2 2 2 2 
2 7 2 2 2 2 2 
2 7 2 2 2 2 2 
2 2 2 7 2 2 2 
2 2 2 7 2 2 2 
2 2 2 7 2 2 2 
2 2 2 7 2 2 2 
2 2 2 7 2 2 2 
2 2 2 7 2 2 2 
2 2 2 7 2 2 2 2 
2 2 2 7 2 2 2 2 
2 2 2 7 2 2 2 2 
2 2 2 2 2 2 7 2 2 
2 2 2 2 2 7 2 
2 2 2 2 2 7 2 
2 2 2 7 2 
2 2 2 7 2 
2 2 2 7 2 
2 2 7 2 2 
2 2 7 2 2 
2 2 7 2 2 
2 2 2 2 7 
2 2 2 7 2 
2 2 2 7 2 
7 2 2 2 2 2 
2 7 2 2 2 2 
2 7 2 2 2 2 
2 2 2 2 2 2 
2 2 7 2 2 2 2 2 
2 7 2 2 2 2 2 
2 2 2 2 2 2 
2 2 2 2 2 2 
2 2 2 2 2 2 
2 7 2 2 2 2 2 
2 7 2 2 2 2 2 
2 7 2 2 2 2 2 
2 2 2 2 2 
2 2 2 2 2 
2 2 2 2 2 
2 2 7 2 2 2 
2 2 7 2 2 2 
2 2 7 2 2 2 
2 2 2 2 2 
2 2 2 2 2 2 2 
2 2 2 2 2 2 2 
2 2 2 2 2 2 
2 7 2 2 2 2 2 
2 7 2 2 2 2 2 
2 2 2 2 2 2 2 
2 2 2 2 2 2 2 
2 2 2 2 2 2 2 
2 2 2 2 2 2 
2 2 2 2 2 2 
2 2 2 2 2 2 
2 2 2 2 2 2 
2 2 2 2 2 2 
2 2 2 2 2 2 
2 2 2 2 2 2 2 2 
7 2 2 2 2 2 2 
7 2 2 2 2 2 2 
2 2 2 2 2 2 
2 2 2 2 2 2 
2 2 2 2 2 2 
2 2 2 2 2 2 
2 2 2 2 2 2 
2 2 2 2 2 2 
2 7 2 2 2 2 2 
2 2 7 2 2 2 2 2 
2 2 7 2 2 2 2 2 
2 2 2 2 2 2 
2 2 2 2 2 2 
2 2 2 2 2 2 
2 2 2 2 2 2 2 
2 2 2 2 2 2 
2 2 2 2 2 2 
2 2 2 2 2 2 
2 2 2 2 2 2 
2 2 2 2 2 2 
2 2 2 2 2 2 
2 2 2 2 2 2 
2 2 2 2 2 2 
2 2 2 2 2 2 
2 2 2 2 2 2 
2 2 2 2 2 2 
2 2 2 2 2 2 
2 2 2 2 2 2 
2 2 2 2 2 2 
7 2 2 2 2 2 2 
2 2 2 2 2 2 
2 2 2 2 2 2 
2 2 2 2 2 2 2 2 
2 2 2 2 2 2 2 2 
2 2 2 2 2 2 2 2 
2 2 2 2 2 2 
2 2 2 2 2 2 
2 2 2 2 2 2 
2 2 2 2 2 2 
2 2 2 2 2 2 
2 2 2 2 2 2 
2 2 7 2 2 
2 2 7 2 2 
2 2 7 2 2 
2 2 2 2 2 
2 2 2 2 2 
2 2 2 2 2 
2 2 2 2 2 
2 2 2 2 2 2 
2 2 2 2 2 2 
2 2 2 2 7 2 2 
2 2 2 2 7 2 2 
2 2 2 2 7 2 2 
2 7 2 2 2 2 2 
2 7 2 2 2 2 2 
2 7 2 2 2 2 2 
2 2 7 2 2 2 2 
2 2 7 2 2 2 2 
2 2 7 2 2 2 2 
2 7 2 2 2 2 2 
2 7 2 2 2 2 
2 7 2 2 2 2 
2 2 2 2 2 2 
2 2 2 2 2 2 
2 2 2 2 2 2 
2 2 2 2 2 7 
2 2 2 2 2 7 
2 2 2 2 2 2 7 
2 2 7 2 2 2 2 
2 2 2 7 2 2 2 2 
2 2 2 7 2 2 2 2 
2 2 2 2 7 2 
2 2 2 2 7 2 
2 2 2 2 7 2 
2 2 2 2 7 2 2 
2 2 7 2 2 2 2 2 
2 2 7 2 2 2 2 
2 2 2 7 2 2 2 2 
2 2 2 7 2 2 2 2 
2 2 2 7 2 2 2 2 
2 2 2 2 2 2 2 
2 2 2 2 2 2 2 
2 2 2 2 2 2 2 
2 2 2 2 2 2 2 2 
2 2 2 2 2 2 2 2 
2 2 2 2 2 2 2 2 
2 2 2 7 2 2 2 2 
2 2 2 7 2 2 2 2 
2 2 2 2 7 2 2 2 
2 2 2 7 2 2 2 2 2 2 
2 7 2 2 2 2 2 2 2 2 
2 7 2 2 2 2 2 2 2 2 
2 2 2 2 2 2 2 2 2 
2 2 2 2 2 2 2 2 2 
2 2 2 2 2 2 2 2 2 
2 2 2 2 2 2 2 2 2 
2 2 2 2 2 2 2 2 2 2 
2 2 2 2 2 2 2 2 2 2 
2 2 2 2 2 2 2 2 2 
2 2 2 2 2 2 2 2 2 
2 2 2 2 2 2 2 2 2 
2 7 2 2 2 2 2 2 
2 7 2 2 2 2 2 2 
2 7 2 2 2 2 2 2 
2 2 2 2 2 2 2 2 2 
2 2 2 2 2 2 2 
2 2 2 2 2 2 2 
2 2 2 2 2 2 2 
2 2 2 2 2 2 2 
2 2 2 2 2 2 2 
2 2 2 2 2 2 2 
2 2 2 2 2 2 2 
2 2 2 2 2 2 2 
2 2 2 2 2 2 2 
2 2 2 2 2 2 2 
2 2 2 2 2 2 2 
2 2 2 2 2 2 
2 2 2 2 2 2 
2 2 2 2 2 2 
2 2 2 2 2 2 2 2 
2 2 2 2 2 2 
2 2 2 2 2 2 
2 2 2 2 2 2 
2 2 2 2 2 2 
2 2 2 2 2 2 
2 2 2 2 2 
2 2 2 2 2 
2 2 2 2 2 
2 2 2 2 2 2 
2 2 2 2 2 2 
2 2 2 2 2 2 
2 2 2 2 2 2 
2 2 2 2 2 2 
2 2 2 2 2 2 
2 2 2 2 
2 2 2 2 
2 2 2 2 
2 2 2 2 
2 2 2 2 
2 2 2 2 
2 2 2 
2 2 2 
2 2 2 
2 2 2 
2 2 2 
2 2 2 
2 2 2 
2 2 2 
2 2 2 
2 2 2 2 2 2 
2 2 2 2 2 
2 2 2 2 
2 2 2 2 
2 2 2 2 2 
2 2 2 2 2 
2 2 2 2 2 2 
2 2 2 2 2 2 
2 2 2 2 2 2 
2 2 2 2 2 
2 2 2 2 2 
2 2 2 2 2 
2 2 2 2 2 
2 2 2 2 2 
2 2 2 2 2 
2 2 
2 2 
2 2 
2 2 
2 2 
2 2 
2 2 
2 2 
2 2 
2 2 
2 2 
2 2 
2 2 
2 2 
2 2 
2 2 2 2 2 
2 2 2 2 2 
2 2 2 2 2 
2 2 2 2 2 
2 2 2 2 2 
2 2 2 2 2 
2 2 2 2 
2 2 2 2 
2 2 2 2 
2 2 2 
7 2 2 2 
7 2 2 2 
2 2 2 
2 2 2 
2 2 2 
7 2 2 2 2 2 
2 2 2 2 
7 2 2 2 2 
7 2 2 2 2 
7 2 2 2 2 
7 2 2 2 2 
7 2 2 2 2 
7 2 2 2 2 
2 2 2 2 
2 2 2 2 
2 2 2 2 
2 2 2 2 
2 2 2 2 
2 2 2 2 
2 2 2 2 
2 2 2 2 2 2 
2 2 2 2 2 
2 2 2 2 2 
2 2 2 2 2 
2 2 2 2 2 
2 2 2 2 2 
2 2 2 2 2 2 
2 2 2 2 2 2 
2 2 2 2 2 2 
2 2 2 2 2 2 
2 2 2 2 2 2 
2 2 2 2 2 2 
2 2 2 2 2 2 
2 2 2 2 2 2 
2 2 2 2 2 2 
2 2 2 2 2 
7 2 2 2 2 
7 2 2 2 2 
2 2 2 2 
2 2 2 2 
2 2 2 2 
7 2 2 2 2 
7 2 2 2 2 
7 2 2 2 2 
2 2 2 2 2 2 
2 2 2 2 2 2 
2 2 2 2 2 2 
2 2 7 2 2 2 2 
2 2 7 2 2 2 2 
2 2 7 2 2 2 2 
2 2 2 2 2 2 2 
2 2 2 2 2 2 2 
2 2 2 2 2 2 2 
2 2 2 2 2 2 2 
2 2 2 2 2 2 2 
2 2 2 2 2 2 2 
2 2 2 2 2 2 
2 2 2 2 2 2 
2 2 2 2 2 2 
2 2 2 2 2 2 
2 2 2 2 2 2 
2 2 2 2 2 2 
2 2 2 2 2 2 2 
2 2 2 2 2 2 2 
2 2 2 2 2 2 2 
2 2 2 2 2 2 2 
2 2 2 2 2 2 2 
2 2 2 2 2 2 2 
2 2 2 2 2 2 
2 2 2 2 2 2 
2 2 2 2 2 2 
2 2 2 2 2 2 2 
2 2 2 2 2 2 
2 2 2 2 2 2 
2 2 2 2 2 2 
2 2 2 2 2 2 
2 2 2 2 2 2 
2 2 2 2 2 2 2 
2 2 2 2 2 2 2 
2 2 2 2 2 2 2 
2 2 2 2 2 2 
2 2 2 2 2 2 
2 2 2 2 2 2 
2 2 2 2 2 2 
2 2 2 2 2 2 
2 2 2 2 2 2 
2 2 2 2 2 
2 2 2 2 2 
2 2 2 2 2 
2 2 2 2 2 2 
2 2 2 2 2 2 
2 2 2 2 2 2 
2 2 2 2 2 2 2 
2 2 2 2 2 2 2 
2 2 2 2 2 2 2 
2 2 2 2 2 2 2 
2 2 2 2 2 2 
2 2 2 2 2 2 
2 2 2 2 2 
2 2 2 2 2 2 
2 2 2 2 2 2 
2 2 2 2 2 
2 2 2 2 2 
2 2 2 2 2 
2 2 2 2 
2 2 2 2 
2 2 2 2 
2 2 2 
2 2 2 
2 2 2 
2 2 2 2 
2 2 2 2 
2 2 2 2 
2 2 2 2 
2 2 2 2 2 
2 2 2 2 2 
2 2 2 
2 2 2 2 
2 2 2 
2 2 2 2 
2 2 2 2 
2 2 2 2 
2 2 2 2 
2 2 2 2 
2 2 2 2 
2 2 2 
2 2 2 
2 2 2 
2 2 2 
2 2 2 
2 2 2 
2 2 2 
2 2 2 
2 2 2 
2 2 2 
2 2 2 
2 2 2 
2 2 2 2 
2 2 2 2 
2 2 2 2 
2 2 2 2 
2 2 2 
2 2 2 
2 2 2 2 
2 2 2 2 
2 2 2 2 
2 2 2 2 
2 2 2 2 
2 2 2 2 
2 2 2 2 2 
2 2 2 2 2 
2 2 2 2 2 
2 2 2 2 
2 2 2 2 
2 2 2 2 
2 2 2 2 2 
2 2 2 2 
2 2 2 2 
2 2 2 2 
2 2 2 2 
2 2 2 2 
2 2 2 2 
2 2 2 2 
2 2 2 2 
2 2 2 2 
2 2 2 2 
2 2 2 2 
2 2 2 2 
2 2 2 2 
2 2 2 2 
2 2 2 2 
2 2 2 2 
2 2 2 2 
2 2 2 2 
2 2 2 2 
2 2 2 2 
2 2 2 2 
2 2 2 2 
2 2 2 2 
2 2 2 2 2 
2 2 2 2 2 
2 2 2 2 2 
2 2 2 2 2 
2 2 2 2 2 
2 2 2 2 2 
2 2 2 2 2 
2 2 2 2 
2 2 2 2 
2 2 2 2 
2 2 2 2 
2 2 2 2 
2 2 2 2 
2 2 2 2 
2 2 2 2 
2 2 2 2 
2 2 2 2 
2 2 2 2 
2 2 2 2 2 
2 2 2 2 2 
2 2 2 2 2 
2 2 2 2 2 2 2 2 
2 2 2 2 2 2 2 
2 2 2 2 2 2 2 
2 2 2 2 2 2 
2 2 2 2 2 2 
2 2 2 2 2 2 
2 2 2 2 2 2 
2 2 2 2 2 2 
2 2 2 2 2 2 
2 2 2 2 2 2 
2 2 2 2 2 2 
2 2 2 2 2 2 
2 2 2 2 2 2 
2 2 2 2 2 2 
2 2 2 2 2 2 
2 2 2 2 2 2 
2 2 2 2 2 2 
2 2 2 2 2 2 
2 2 2 2 2 2 
2 2 2 2 2 2 
2 2 2 2 2 2 
2 2 2 2 2 2 
2 2 2 2 2 2 
2 2 2 2 2 2 
2 2 2 2 2 2 
2 2 2 2 2 2 
2 2 2 2 2 2 
2 2 2 2 2 2 
2 2 2 2 2 2 
2 2 2 2 2 2 
2 2 2 2 2 2 2 
2 2 2 2 2 2 
2 2 2 2 2 2 
2 2 2 2 2 2 2 
2 2 2 2 2 2 2 
2 2 2 2 2 2 2 
2 2 2 2 2 2 2 
2 2 2 2 2 2 2 
2 2 2 2 2 2 2 
2 2 2 2 2 2 2 2 
2 2 2 2 2 2 2 
2 2 2 2 2 2 2 
2 2 2 2 2 2 
2 2 2 2 2 2 2 
2 2 2 2 2 2 2 
7 2 2 2 2 2 2 
2 2 2 2 2 2 2 
2 2 2 2 2 2 2 
2 2 2 2 2 2 2 
2 2 2 2 2 2 2 
2 2 2 2 2 2 2 
2 2 2 2 2 2 2 
2 2 2 2 2 2 2 
2 2 2 2 2 2 2 
2 2 2 2 2 2 2 
2 2 2 2 2 2 2 2 
2 2 2 2 2 2 2 2 
2 2 2 2 2 2 
2 2 2 2 2 2 
2 2 2 2 2 2 
2 2 2 2 2 2 2 
2 2 2 2 2 2 2 
2 2 2 2 2 2 2 
2 2 2 2 2 2 2 
2 2 2 2 2 2 2 
2 2 2 2 2 2 2 
2 2 2 2 2 2 2 2 
2 2 2 2 2 2 2 2 
2 2 2 2 2 2 2 2 
2 2 2 2 2 2 2 
2 2 2 2 2 2 2 
2 2 2 2 2 2 2 
2 2 2 2 2 2 
2 2 2 2 2 2 
2 2 2 2 2 2 
2 2 2 2 2 
2 2 2 2 2 
2 2 2 2 2 
2 2 2 2 2 
2 2 2 2 2 
2 2 2 2 2 
7 2 2 2 2 2 
7 2 2 2 2 2 
7 2 2 2 2 2 
2 2 2 2 2 
2 2 2 2 2 
2 2 2 2 2 
2 2 2 2 2 
2 2 2 2 2 
2 2 2 2 2 
2 2 2 2 2 
0 2 2 2 2 2 2 
0 2 2 2 2 2 2 
2 2 2 2 2 2 2 
2 2 2 2 2 2 2 
2 2 2 2 2 2 2 
2 2 2 2 2 2 
2 2 2 2 2 2 
2 2 2 2 2 2 
2 2 2 2 2 2 2 
2 2 2 2 2 2 2 
2 2 2 2 2 2 2 
2 2 2 2 2 2 
2 2 2 2 2 2 
2 2 2 2 2 2 
2 2 2 
2 2 2 
2 2 2 
2 2 2 
2 2 2 
2 2 2 
2 2 
2 2 
2 2 
2 2 
2 2 
2 2 
2 2 
2 2 
2 2 
2 2 2 2 
2 2 2 2 2 
2 2 2 2 2 
2 2 2 2 
2 2 2 2 
2 2 2 2 
2 2 2 2 2 
2 2 2 2 2 
2 2 2 2 2 
2 2 2 2 2 2 
2 2 2 2 2 2 
2 2 2 2 2 2 
2 2 7 2 2 2 2 
2 2 7 2 2 2 2 
2 2 7 2 2 2 2 
7 2 2 2 2 
2 2 2 2 
2 2 2 2 
7 2 2 2 2 
2 7 2 2 2 
2 7 2 2 2 
2 2 2 2 2 
2 2 2 2 2 
2 2 2 2 2 
2 7 2 2 2 2 
2 7 2 2 2 2 
2 7 2 2 2 2 
2 7 2 2 2 
2 7 2 2 2 
2 7 2 2 2 
2 2 2 2 
2 2 7 2 2 
2 2 7 2 2 
2 2 7 2 
2 2 7 2 2 
2 2 7 2 2 
2 2 2 2 2 
2 2 2 2 2 
2 2 2 2 2 
2 2 7 2 2 
2 2 7 2 2 
2 2 7 2 2 
2 2 2 7 2 2 
2 2 2 7 2 2 
2 2 2 2 7 2 
2 2 2 2 
2 2 7 2 2 2 
2 7 2 2 2 
2 7 2 2 2 
2 7 2 2 2 
2 7 2 2 2 
7 2 2 2 
7 2 2 2 
7 2 2 2 
2 2 2 2 
2 2 2 2 
2 2 2 2 
2 2 7 2 2 
2 2 7 2 2 
2 2 7 2 2 
2 2 2 
2 2 2 2 
2 2 2 
2 2 2 
2 2 2 2 
2 2 2 2 
2 2 2 
2 2 2 
2 2 2 
2 2 2 
2 2 2 
2 2 2 
2 2 2 
2 2 2 
2 2 2 
2 2 
2 2 
2 2 
2 2 
2 2 
2 2 
2 2 
2 2 
2 2 
2 2 
2 2 
2 2 
2 2 
2 2 
2 2 
2 2 2 
2 2 2 
2 2 2 
2 7 2 2 
2 7 2 2 
2 7 2 2 
7 2 2 
7 2 2 
7 2 2 
7 2 2 
7 2 2 
7 2 2 
7 2 2 
7 2 2 
7 2 2 
2 2 2 2 
2 2 2 
2 2 2 
2 2 2 
2 2 2 
2 2 2 
2 2 2 
2 2 2 
2 2 2 
2 2 
2 2 
2 2 
2 2 2 
2 2 2 
2 2 2 
2 2 2 
2 2 2 
2 2 2 2 
2 2 2 
2 2 2 
2 2 2 
2 2 2 
2 2 2 
2 2 2 
2 2 2 
2 2 2 
2 2 2 
2 2 2 
2 2 2 
2 2 2 
2 2 
2 
2 
2 
2 
2 
2 
2 
2 
2 
2 
2 
2 
2 
2 
2 2 2 2 
2 2 2 
2 2 2 
2 2 2 
2 2 2 
2 2 2 
2 2 2 
2 2 2 
2 2 2 
2 2 2 
2 2 2 
2 2 2 
2 2 2 
2 2 2 
2 2 2 
7 2 2 2 
7 2 2 
7 2 2 
7 2 2 
7 2 2 
7 2 2 
7 2 2 
7 2 2 
2 7 2 2 
2 2 
2 2 
2 2 
2 2 
2 2 
2 2 
2 2 2 
2 2 2 
2 2 
2 2 2 
2 2 2 
2 2 2 
2 2 2 
2 2 2 
2 2 2 
2 2 2 
2 2 2 
2 2 2 
2 2 2 2 
2 2 2 2 
2 2 2 2 
2 2 2 
2 2 2 
2 2 2 
2 2 2 
2 2 2 
2 2 2 
2 2 2 
2 2 2 
2 2 2 
2 2 2 
2 2 2 
2 2 2 
2 2 2 
2 2 2 
2 2 2 
2 2 2 
2 2 2 
2 2 2 
2 2 2 
2 2 2 
2 2 2 
2 2 2 
2 2 2 
2 2 2 
2 2 2 
2 2 2 
2 2 2 
2 2 2 
2 2 2 
2 2 2 
2 2 2 2 
2 2 2 
2 2 2 
2 2 2 
2 2 2 
2 2 2 
2 2 2 2 
2 2 2 2 
2 2 2 2 
2 2 2 
2 2 2 
2 2 2 
2 2 2 
2 2 2 
2 2 2 
2 2 2 
2 2 2 
2 2 2 
7 2 2 2 2 
2 2 2 2 
2 2 2 2 
2 2 2 2 
2 2 2 2 
7 2 2 2 2 
7 2 2 2 2 
2 2 2 2 
2 2 2 2 
2 2 2 2 
2 2 2 2 
2 2 2 2 
2 7 2 2 2 
2 7 2 2 2 
2 7 2 2 2 
7 2 2 2 
7 2 2 2 
7 2 2 2 
7 2 2 2 
7 2 2 2 
7 2 2 2 
2 7 2 2 2 
7 2 2 2 2 
7 2 2 2 2 
2 2 2 2 
2 2 2 2 
2 2 2 2 
7 2 2 2 
7 2 2 2 
7 2 2 2 
2 7 2 2 
7 2 2 2 
7 2 2 2 
7 2 2 2 2 
2 7 2 2 2 
2 7 2 2 2 
2 7 2 2 
2 7 2 2 
2 7 2 2 
2 2 2 
2 2 2 
2 2 2 
2 2 2 2 
2 2 2 
2 2 2 
7 2 2 2 
7 2 2 2 
7 2 2 2 
2 2 2 2 
2 2 2 2 
2 2 2 2 
2 2 2 2 2 
2 2 2 2 2 
2 2 2 2 2 
2 2 2 2 
2 2 2 2 
2 2 2 2 
2 2 2 2 
2 2 2 2 2 
2 2 2 2 2 
2 2 2 2 2 
2 2 2 2 2 
2 2 2 2 2 
2 2 2 2 2 
2 2 2 2 2 
2 2 2 2 2 
2 2 2 2 2 
2 2 2 2 2 
2 2 2 2 2 
2 2 2 2 2 
2 2 2 2 2 
2 2 2 2 2 
2 7 2 2 2 
2 2 2 2 
2 2 2 2 
7 2 2 2 
2 7 2 2 
2 7 2 2 
7 2 2 2 
7 2 2 2 
7 2 2 2 
2 2 2 2 2 
2 2 2 2 
2 2 2 2 
2 2 2 2 
2 2 2 2 
2 2 2 2 
2 2 2 2 
2 2 2 
2 2 2 
2 2 2 
2 2 2 
2 2 2 
2 2 2 
2 2 2 
2 2 2 
2 2 2 
2 2 2 
2 2 2 
2 2 2 
2 2 2 
2 2 2 
2 2 2 2 
2 2 2 
2 2 2 
2 2 2 
2 2 2 
2 2 2 
2 2 2 
2 2 2 
2 2 2 
2 2 2 2 
2 2 2 2 
2 2 2 2 
2 2 2 2 
2 2 2 2 
2 2 2 2 
7 2 2 2 2 
2 2 2 2 
2 2 2 2 2 
7 2 2 2 2 
7 2 2 2 2 
7 2 2 2 2 
2 2 2 2 
2 2 2 2 
2 2 2 2 
2 2 2 2 
2 2 2 2 
2 2 2 2 
7 2 2 2 2 
7 2 2 2 2 
7 2 2 2 2 
2 2 2 
2 2 2 
2 2 2 
2 2 2 
2 2 2 
2 2 2 
2 2 2 
2 2 2 
2 2 2 
2 2 2 
2 2 2 
2 2 2 
2 2 2 
2 2 2 
2 2 2 
2 2 2 2 
2 2 2 
2 2 2 
2 2 2 
2 2 2 
2 2 2 
2 2 2 
2 2 2 
2 2 2 
2 2 2 
2 2 2 
2 2 2 
2 2 2 
2 2 2 
2 2 2 
2 2 2 
2 2 2 
2 2 2 
2 2 2 
2 2 2 
2 2 2 
2 2 2 2 
2 2 2 2 
2 2 2 2 
2 2 2 2 
2 2 2 2 
2 2 2 2 
7 2 2 2 
2 7 2 2 
2 7 2 2 
2 7 2 2 
2 7 2 2 7 2 2 
2 7 2 2 7 2 2 
2 7 2 7 2 2 
2 7 2 7 2 2 
2 7 2 7 2 2 
7 2 7 2 2 
7 2 7 2 2 
7 2 7 2 2 
7 2 7 2 2 
2 7 2 2 
7 2 7 2 2 
2 2 7 2 
2 2 7 2 
2 2 7 2 
2 2 7 
2 2 7 
2 2 7 
2 2 7 
2 2 7 
2 2 7 
2 2 7 
2 2 7 
2 2 7 
7 2 2 
7 2 2 
7 2 2 
2 2 7 
2 2 7 
2 2 7 
2 2 7 2 2 
2 7 2 
2 7 2 
2 7 2 
2 7 2 
2 7 2 
2 7 2 
2 7 2 
2 7 2 
7 2 2 
7 2 2 
7 2 2 
2 7 2 
2 7 2 
2 7 2 
2 2 7 
2 7 
7 2 
2 7 
2 7 
2 7 
7 2 
7 2 
7 2 
7 2 
7 2 
7 2 
2 7 
2 7 
2 7 
2 2 2 2 2 7 
2 2 2 7 
2 2 2 7 
2 2 2 7 
2 2 2 7 
2 2 2 7 
2 2 2 7 
2 2 2 7 
2 7 2 2 7 
2 7 2 2 2 
2 7 2 2 2 
2 7 2 2 2 
2 2 2 2 
2 2 2 2 
2 2 2 2 
2 2 2 
2 2 
2 2 
2 2 
2 2 
2 2 
2 2 
2 2 
2 2 
2 2 
2 2 
2 2 
2 2 
2 2 
2 2 
2 2 2 2 2 
2 2 2 2 
2 2 2 2 
2 2 2 2 
2 2 2 2 2 
2 2 2 2 2 
2 2 2 2 2 
2 2 2 2 2 
2 2 2 2 2 
2 2 2 2 2 
2 2 2 2 2 
2 2 2 2 2 
2 7 2 2 2 2 
2 7 2 2 2 2 
2 7 2 2 2 2 
2 2 2 2 2 
2 2 2 2 
2 2 2 2 
2 2 2 2 
2 2 2 2 
2 2 2 2 
2 2 2 2 
2 2 2 2 
2 2 2 2 
2 2 2 2 
2 2 2 2 
2 2 2 2 
2 2 2 2 
2 2 2 2 
2 2 2 2 
2 2 2 2 
2 7 2 2 2 
2 7 2 2 2 
7 2 2 2 2 
7 2 2 2 2 
7 2 2 2 2 
7 2 2 2 2 
7 2 2 2 2 
7 2 2 2 2 
2 2 7 2 2 2 
2 2 7 2 2 2 
2 2 7 2 2 2 
2 2 2 7 2 2 
2 2 2 7 2 2 
2 2 2 7 2 2 
2 2 2 2 2 2 
2 7 2 2 2 
2 7 2 2 2 
2 2 2 7 2 2 
2 2 7 2 2 
2 2 7 2 2 
2 7 2 2 
2 7 2 2 
2 7 2 2 
2 2 7 2 2 
2 2 2 7 2 2 
2 2 2 7 2 2 
2 7 2 2 2 
2 7 2 2 2 
2 7 2 2 2 
2 2 2 2 2 2 
2 2 2 7 2 2 
2 2 2 7 2 2 
2 7 2 2 2 2 
2 7 2 2 2 2 
2 7 2 2 2 2 
2 7 2 2 2 2 
2 7 2 2 2 2 
2 7 2 2 2 2 
2 7 2 2 2 2 
2 7 2 2 2 2 
2 7 2 2 2 2 
2 2 7 2 2 2 
2 2 7 2 2 2 
2 2 7 2 2 2 
2 2 2 2 2 2 
7 2 2 2 2 2 
2 7 2 2 2 2 2 
7 2 2 2 2 2 
7 2 2 2 2 2 
7 2 2 2 2 2 
7 2 2 2 2 2 
7 2 2 2 2 2 
7 2 2 2 2 2 
7 2 2 2 2 2 
7 2 2 2 2 2 
7 2 2 2 2 2 
2 2 2 2 2 
2 2 2 2 2 
2 2 2 2 2 
2 2 2 2 2 
2 2 2 2 2 2 
2 2 2 2 2 2 2 
2 2 2 2 2 2 2 2 
2 2 2 2 2 2 2 2 
2 2 2 2 2 2 2 2 
2 7 2 2 2 2 2 2 
2 7 2 2 2 2 2 2 
2 2 2 2 2 2 2 
2 2 2 2 2 2 2 
2 7 2 2 2 2 2 2 
2 7 2 2 2 2 2 2 
2 7 2 2 2 2 2 2 
2 7 2 2 2 2 2 2 
2 7 2 2 2 2 2 2 
2 7 2 2 2 2 2 2 
2 2 2 2 2 2 2 
2 2 2 2 2 2 2 2 
2 2 2 2 2 2 2 2 
2 2 2 2 2 2 2 2 
2 2 2 2 2 2 2 2 
2 2 2 2 2 2 2 2 
2 2 2 2 2 2 2 2 
2 2 2 2 2 2 2 2 
2 7 2 2 2 2 2 2 
2 7 2 2 2 2 2 2 
2 7 2 2 2 2 2 2 
2 2 2 2 2 2 2 2 
2 2 2 2 2 2 2 2 
2 2 2 2 2 2 2 2 
0 2 2 2 2 2 2 2 2 2 
2 0 2 2 2 2 2 2 2 2 
2 0 2 2 2 2 2 2 2 2 
2 2 2 2 2 2 2 2 2 
2 2 2 2 2 2 2 2 2 
2 2 2 2 2 2 2 2 2 
2 2 2 2 2 2 2 2 2 2 
2 2 2 2 2 2 2 2 2 2 
2 2 2 2 2 2 2 2 2 
2 2 2 2 2 2 2 2 2 2 
2 2 2 2 2 2 2 2 2 2 
2 2 2 2 2 2 2 2 2 2 
2 2 2 2 2 2 2 2 2 2 
2 2 2 2 2 2 2 2 2 2 
2 2 2 2 2 2 2 2 2 2 
2 2 2 2 2 2 2 2 
2 2 2 2 2 2 2 2 2 
2 2 2 2 2 2 2 2 2 
2 2 2 2 2 2 2 2 2 
2 2 2 2 2 2 2 2 2 
2 2 2 2 2 2 2 2 2 
2 2 2 2 2 2 2 2 2 2 
2 2 2 2 2 2 2 2 2 2 
2 2 2 2 2 2 2 2 2 2 
2 2 2 2 2 2 2 2 
2 2 2 2 2 2 2 2 
2 2 2 2 2 2 2 2 
2 2 2 2 2 2 2 2 
2 2 2 2 2 2 2 2 
2 2 2 2 2 2 2 2 
2 2 2 2 2 2 2 2 2 
2 2 2 2 2 2 2 2 
2 2 2 2 2 2 2 2 2 
2 2 2 2 2 2 2 2 2 
2 2 2 2 2 2 2 2 2 
2 2 2 2 2 2 2 2 2 
2 2 2 2 2 2 2 2 2 
2 2 2 2 2 2 2 2 2 
2 2 2 2 2 2 2 2 2 
2 2 2 2 2 2 2 2 
2 2 2 2 2 2 2 2 
2 2 2 2 2 2 2 2 
2 2 2 2 2 2 2 2 
2 2 2 2 2 2 2 2 
2 2 2 2 2 2 2 2 
2 2 2 2 2 2 2 2 
2 2 2 2 2 2 2 2 
2 2 2 2 2 2 2 
2 2 2 2 2 2 2 
2 2 2 2 2 2 2 2 
2 2 2 2 2 2 2 2 
2 2 2 2 2 2 2 2 
2 2 2 2 2 2 2 2 
2 2 2 2 2 2 2 2 
2 2 2 2 2 2 2 2 
2 2 2 2 2 2 2 2 
2 2 2 2 2 2 2 2 
2 2 2 2 2 2 2 
2 2 2 2 2 2 2 
2 2 2 2 2 2 2 
2 2 2 2 2 2 2 2 
2 2 2 2 2 2 2 2 2 
2 2 2 2 2 2 2 2 2 2 
2 2 2 2 2 2 2 2 2 2 
2 2 2 2 2 2 2 2 2 2 
2 2 2 2 2 2 2 2 2 2 
2 2 2 2 2 2 2 2 2 2 
2 2 2 2 2 2 2 2 2 
2 2 2 2 2 2 2 2 2 
2 2 2 2 2 2 2 2 
2 2 2 2 2 2 2 2 
2 2 2 2 2 2 2 2 
2 2 2 2 2 2 2 2 2 
2 2 2 2 2 2 2 2 2 
2 2 2 2 2 2 2 2 2 
2 2 2 2 2 2 2 
2 2 2 2 2 2 2 2 
2 2 2 2 2 2 2 2 
2 2 2 2 2 2 2 
2 2 2 2 2 2 2 
2 2 2 2 2 2 2 
2 2 2 2 2 2 2 
2 2 2 2 2 2 2 
7 2 2 2 2 2 2 2 
7 2 2 2 2 2 2 2 
7 2 2 2 2 2 2 2 
7 2 2 2 2 2 2 2 
7 2 2 2 2 2 2 2 
7 2 2 2 2 2 2 2 
7 2 2 2 2 2 2 2 
2 2 2 2 2 2 2 2 2 
2 2 2 2 2 2 2 2 
2 2 2 2 2 2 2 2 
2 2 2 2 2 2 2 
2 2 2 2 2 2 2 2 
2 2 2 2 2 2 2 2 
2 2 7 2 2 2 2 2 2 2 
2 2 7 2 2 2 2 2 2 2 
2 7 2 2 2 2 2 2 2 2 
3 2 2 2 7 2 2 2 2 2 
3 2 2 7 2 2 2 2 2 2 
3 2 2 7 2 2 2 2 2 2 
2 2 2 2 2 2 2 2 2 
2 2 2 2 2 2 2 2 2 
2 2 2 2 2 2 2 2 2 
2 2 2 2 2 2 2 2 
2 2 2 2 2 2 2 2 2 2 
2 2 2 2 2 2 2 2 2 2 
2 2 2 2 2 2 2 2 
2 2 2 2 2 2 2 2 
2 2 2 2 2 2 2 2 
2 2 2 2 2 2 2 
2 2 2 2 2 2 2 
2 2 2 2 2 2 2 2 
2 2 2 2 2 2 2 
2 2 2 2 2 2 2 
2 2 2 2 2 2 2 
2 2 2 2 2 2 2 
2 2 2 2 2 2 2 
2 2 2 2 2 2 2 
2 2 2 2 2 2 2 2 
2 2 2 2 2 2 2 2 
2 2 2 2 2 2 2 2 
2 2 2 2 2 2 2 2 2 
2 2 2 2 2 2 2 2 
2 2 2 2 2 2 2 2 
2 2 2 2 2 2 2 2 
2 2 2 2 2 2 2 2 
2 2 2 2 2 2 2 2 
2 2 2 2 2 2 2 
2 2 2 2 2 2 2 2 
2 2 2 2 2 2 2 2 
2 2 2 2 2 2 
2 2 2 2 2 2 
2 2 2 2 2 2 
2 2 2 2 2 2 2 
2 2 2 2 2 2 
2 2 2 2 2 2 
2 2 2 2 2 2 
2 2 2 2 2 2 
2 2 2 2 2 2 
2 2 2 2 2 2 2 
2 2 2 2 2 2 2 
2 2 2 2 2 2 2 
2 2 2 2 2 2 2 2 
2 2 2 2 2 2 2 2 
2 2 2 2 2 2 2 2 
2 2 2 2 2 2 2 2 
2 2 2 2 2 2 2 2 
2 2 2 2 2 2 2 2 
2 2 2 2 2 2 2 
2 2 2 2 2 2 2 2 
2 2 2 2 2 2 2 2 
2 2 2 2 2 2 2 2 
2 2 2 2 2 2 2 2 
2 2 2 2 2 2 2 2 
2 2 2 2 2 2 2 
2 2 2 2 2 2 2 
2 2 2 2 2 2 2 
2 2 2 2 2 2 2 
2 2 2 2 2 2 2 
2 2 2 2 2 2 2 
2 2 2 2 2 2 2 
2 2 2 2 2 2 2 
2 2 2 2 2 2 2 
2 2 2 2 2 2 2 2 2 
2 2 2 2 2 2 2 2 
2 2 2 2 2 2 2 2 
2 2 2 2 2 2 2 2 
2 2 2 2 2 2 2 2 
2 2 2 2 2 2 2 2 
2 2 7 2 2 2 2 2 2 
2 2 7 2 2 2 2 2 2 
2 2 7 2 2 2 2 2 2 
2 2 2 2 2 2 2 
2 2 2 2 2 2 2 
2 2 2 2 2 2 2 
2 2 2 2 2 2 
2 2 2 2 2 2 
2 2 2 2 2 2 
2 2 7 2 2 2 2 2 
2 2 2 2 2 2 2 
2 2 2 2 2 2 2 
2 2 2 2 2 2 2 2 
2 2 2 2 2 2 2 2 
2 2 2 2 2 2 2 2 
2 2 2 2 2 2 2 2 
2 2 2 2 2 2 2 2 
2 2 2 2 2 2 2 2 
2 2 2 2 2 2 2 2 2 
2 2 2 2 2 2 2 2 2 
2 2 2 2 2 2 2 2 2 
2 2 2 2 2 2 2 2 
2 2 2 2 2 2 2 2 
2 2 2 2 2 2 2 2 
7 2 2 2 2 2 2 
2 7 2 2 2 2 2 2 
2 7 2 2 2 2 2 2 
7 2 2 2 2 2 2 2 2 
7 2 2 2 2 2 2 2 2 
7 2 2 2 2 2 2 2 2 
2 2 2 2 2 2 2 2 2 
2 2 2 2 2 2 2 2 2 
2 2 7 2 2 2 2 2 2 2 
2 2 2 2 2 2 2 
2 2 2 2 2 2 2 
2 2 2 2 2 2 2 
7 2 2 2 2 2 2 2 
7 2 2 2 2 2 2 2 
7 2 2 2 2 2 2 2 
2 2 2 2 2 2 2 
2 2 2 7 2 2 2 2 
2 2 2 7 2 2 2 2 
2 2 2 2 2 2 2 
7 2 2 2 2 2 2 2 
7 2 2 2 2 2 2 2 
2 7 2 2 2 2 2 2 
2 7 2 2 2 2 2 2 
2 7 2 2 2 2 2 2 
7 2 2 2 2 7 2 2 2 2 
2 7 2 2 2 2 2 7 2 2 
2 7 2 2 2 2 2 7 2 2 
7 2 2 2 2 2 7 2 2 
7 2 2 2 2 2 7 2 2 
2 2 2 2 2 7 2 2 
2 2 2 2 7 2 2 7 2 2 
7 2 2 2 7 2 2 7 2 2 
7 2 2 2 7 7 2 2 2 
7 2 2 7 2 2 2 2 2 7 
7 2 2 7 2 2 2 2 2 7 
7 2 2 7 2 2 2 2 2 7 
2 7 2 2 2 2 2 2 7 
2 2 2 2 2 2 2 7 
7 2 2 2 2 2 2 2 7 
2 2 2 2 2 2 2 2 7 
2 2 2 2 2 2 2 7 
2 2 2 2 2 2 2 7 
2 2 7 2 2 2 2 7 
2 2 7 2 2 2 2 7 
2 2 7 2 2 2 2 7 
2 2 2 7 2 2 2 2 7 
2 2 7 2 2 2 2 2 7 
2 2 7 2 2 2 2 2 7 
2 7 2 2 2 2 2 7 
2 7 2 2 2 2 2 7 
2 7 2 2 2 2 2 7 
2 7 2 2 2 2 2 7 
2 7 2 2 2 2 2 7 
2 2 7 2 2 2 2 7 
2 7 2 2 2 7 2 2 7 
2 7 2 2 7 2 2 2 7 
2 7 2 2 7 2 2 2 7 
2 2 7 2 2 2 2 7 
2 2 7 2 2 2 2 7 
2 2 7 2 2 2 2 7 
2 7 2 2 2 2 2 2 2 7 
2 7 2 2 2 2 7 
2 7 2 2 2 2 7 
2 2 2 7 2 2 2 2 7 
2 2 7 2 2 2 2 7 
2 2 7 2 2 2 2 7 
2 2 7 2 2 2 7 2 
2 2 7 2 2 2 7 2 
2 2 7 2 2 2 7 2 
2 2 7 2 2 2 7 2 
2 2 2 2 7 2 2 7 2 
2 2 2 2 7 2 2 7 2 
2 2 2 7 2 2 2 7 2 2 2 2 
2 2 2 7 2 2 7 2 2 2 2 2 
2 7 2 2 2 7 2 2 2 2 2 
2 2 2 2 2 2 2 7 2 
2 2 2 2 2 2 2 7 2 
2 2 2 2 2 2 2 7 2 
2 2 2 2 7 2 2 7 2 2 
2 2 2 2 2 7 2 2 7 2 2 
2 2 2 2 2 7 2 2 7 2 2 
2 2 2 2 7 2 2 7 2 2 2 2 
2 2 2 2 7 2 2 7 2 2 2 2 
2 2 2 7 2 2 7 2 2 2 2 
2 2 2 2 2 2 2 2 2 
2 2 2 2 2 2 2 2 2 
2 2 2 2 2 2 2 2 2 
2 2 2 2 2 2 2 2 2 
2 2 2 2 2 2 2 2 2 
2 2 2 2 2 2 2 2 2 
2 2 2 7 2 2 2 2 2 2 
2 7 2 2 2 2 2 2 2 
7 2 2 2 2 2 2 2 
2 2 2 2 2 2 2 2 
2 2 2 2 2 2 2 2 
2 2 2 2 2 2 2 2 
2 2 2 2 2 2 2 
2 2 2 2 2 2 2 
2 2 2 2 2 2 2 2 
7 2 7 2 2 2 2 2 2 
7 2 2 7 2 2 2 2 2 
7 2 2 7 2 2 2 2 2 
7 2 2 2 2 7 2 2 2 
7 2 2 2 2 7 2 2 2 
7 2 2 2 2 7 2 2 2 
2 7 2 2 2 2 2 2 
2 7 2 2 2 2 2 2 
2 7 2 2 2 2 2 2 
2 2 2 2 2 2 2 
2 2 2 2 2 2 2 
2 2 2 2 2 2 2 
7 2 2 2 2 2 2 2 
7 2 2 2 2 2 2 2 
7 2 2 2 2 2 2 2 
2 2 2 7 2 2 2 
2 2 2 7 2 2 2 2 
2 2 2 7 2 2 2 2 
2 2 2 2 7 2 2 2 2 
2 2 2 2 7 2 2 2 2 
2 2 2 2 7 2 2 2 2 
2 2 2 2 2 2 2 2 
2 2 7 2 2 2 7 2 2 2 
2 2 7 2 7 2 2 2 2 2 
2 2 2 7 2 2 2 2 2 
7 2 2 7 2 2 2 2 2 
7 2 2 7 2 2 2 2 2 
2 2 2 2 2 7 2 2 
2 2 2 2 2 7 2 2 
2 2 2 2 2 7 2 2 
2 7 2 2 2 2 2 7 2 
7 2 2 2 2 2 7 2 
7 2 2 2 2 2 7 2 
7 2 2 2 2 2 2 7 2 
7 2 2 2 2 2 2 7 2 
7 2 2 2 2 2 2 7 2 
2 2 2 7 2 2 2 2 
2 2 2 2 2 7 2 2 
2 2 2 2 2 7 2 2 2 
2 2 2 2 2 2 7 2 2 
2 2 2 2 2 2 2 7 2 2 
2 2 2 2 2 2 2 7 2 2 
2 2 2 2 7 2 2 2 2 
2 2 2 2 7 2 2 2 2 
2 2 2 2 7 2 2 2 2 
2 2 2 2 2 7 2 2 2 
2 2 2 2 2 7 2 2 2 
2 2 2 2 2 7 2 2 2 
2 2 2 2 7 2 2 2 2 
2 2 2 2 7 2 2 2 2 
2 2 2 2 7 2 2 2 2 
2 2 2 2 2 7 2 2 2 2 
2 2 2 2 2 7 2 2 
2 2 2 2 2 7 2 2 
2 2 2 7 2 2 2 
2 2 2 7 2 2 2 
2 2 2 7 2 2 2 
2 2 2 2 7 2 2 2 2 
2 2 2 2 7 2 2 2 2 
2 2 2 2 7 2 2 2 2 
2 2 2 7 2 2 2 2 2 
2 2 2 7 2 2 2 2 2 
2 2 2 7 2 2 2 2 2 
7 2 2 2 2 2 2 2 
7 2 2 2 2 2 2 2 
7 2 2 2 2 2 2 2 
2 2 2 2 2 2 2 2 2 
2 2 7 2 2 2 2 2 2 2 
2 2 2 7 2 2 2 2 2 2 
2 2 2 7 2 2 2 2 2 2 
2 2 2 2 7 2 2 2 2 2 
2 2 2 2 7 2 2 2 2 2 
2 2 2 2 2 2 7 2 2 2 2 
2 2 2 2 2 2 7 2 2 2 2 
2 2 2 2 2 7 2 2 2 2 
2 2 7 2 2 2 2 2 2 2 
2 2 7 2 2 2 2 2 2 2 
2 2 7 2 2 2 2 2 2 2 
2 2 2 2 7 2 2 2 2 2 2 
2 2 2 2 7 2 2 2 2 2 2 
2 2 2 2 7 2 2 2 2 2 2 
2 2 2 2 2 2 2 2 
2 2 7 2 2 2 2 2 2 
2 2 7 2 2 2 2 2 2 
2 2 7 2 2 2 2 2 
2 2 2 7 2 2 2 2 2 
2 2 2 7 2 2 2 2 2 
2 2 2 7 2 2 2 2 
2 2 2 7 2 2 2 2 
2 2 2 7 2 2 2 2 
2 2 2 2 7 2 2 2 2 
2 2 2 7 2 2 2 2 2 
2 2 2 7 2 2 2 2 2 
2 2 2 2 7 2 2 2 
2 2 2 7 2 2 2 2 
2 2 2 7 2 2 2 2 
2 2 2 7 2 2 2 2 2 7 2 
2 2 2 2 2 2 7 2 2 7 
2 2 2 2 7 2 2 2 7 
2 2 2 7 2 2 2 2 2 7 
2 2 2 7 2 2 2 2 2 7 
2 2 2 7 2 2 2 2 2 7 
2 2 2 7 2 2 2 2 2 2 7 
2 2 2 2 7 2 2 2 2 2 2 7 
2 2 2 2 7 2 2 2 2 2 2 7 
2 2 2 2 7 2 2 2 2 2 2 7 
2 2 7 2 2 2 2 2 2 2 2 7 
2 2 7 2 2 2 2 2 2 2 2 7 
2 7 2 2 2 2 2 2 2 7 
2 7 2 2 2 2 2 2 2 7 
2 7 2 2 2 2 2 2 2 7 
2 7 7 2 2 2 2 2 2 
2 2 2 2 2 7 2 2 
2 2 7 2 2 2 7 2 2 
2 2 2 7 2 2 2 2 7 
2 2 7 2 2 2 2 2 7 
2 2 7 2 2 2 2 2 7 
2 7 2 2 2 2 2 2 7 
2 7 2 2 2 2 2 2 7 
2 7 2 2 2 2 2 2 7 
2 7 2 2 2 2 2 7 
2 7 2 2 2 2 2 7 
2 7 2 2 2 2 2 7 
2 7 2 2 2 7 2 2 
2 7 2 2 7 2 2 2 
2 7 2 7 2 2 2 2 
2 2 2 2 2 7 2 
2 7 2 2 2 2 7 2 2 
2 2 7 2 2 2 7 2 2 
7 2 2 7 2 2 2 2 
7 2 2 2 7 2 2 2 
7 2 2 2 7 2 2 2 
2 2 7 7 2 2 2 2 2 2 2 
2 7 7 7 2 2 2 2 2 2 2 
2 7 7 2 2 2 2 2 2 2 
2 2 2 2 2 2 2 
2 2 2 2 2 2 2 2 
2 2 2 2 2 2 2 2 
7 2 2 2 2 2 2 2 
7 2 2 2 2 2 2 2 
7 2 2 2 2 2 2 2 
2 2 2 2 2 2 2 2 2 
2 2 2 2 2 2 2 2 2 
2 2 2 2 2 2 2 2 2 
2 2 2 2 2 2 2 
2 2 2 2 2 2 2 2 2 2 
2 2 2 2 2 2 2 2 2 2 
2 2 2 2 2 2 2 
2 2 2 2 2 2 2 
2 2 2 2 2 2 2 
2 2 2 2 2 2 2 2 
2 2 2 2 2 2 2 2 
2 2 2 2 2 2 2 2 
7 2 2 2 2 2 2 2 
7 2 2 2 2 2 2 2 
7 2 2 2 2 2 2 2 
2 2 2 2 2 2 2 
2 2 7 2 2 2 2 2 2 
2 2 2 2 2 2 2 2 
2 2 2 2 2 7 2 2 2 
2 2 2 2 2 7 2 2 2 
2 2 2 2 2 7 2 2 2 
2 7 2 2 7 2 2 2 7 2 2 
2 7 2 2 7 2 2 2 7 2 2 
2 7 2 2 7 2 2 2 7 2 2 
2 2 2 2 2 2 7 2 2 
2 2 2 2 2 2 7 2 2 
2 2 2 2 2 2 7 2 2 
2 2 2 2 2 2 2 7 2 
2 2 2 2 2 2 2 7 2 
2 2 2 2 2 2 2 7 2 
2 2 2 2 7 2 2 2 
2 2 2 2 7 2 2 2 
2 2 2 2 7 2 2 2 
2 2 2 7 2 2 2 2 
2 2 2 2 7 2 2 2 
2 2 2 2 7 2 2 2 
2 2 2 2 2 7 2 2 
2 2 2 2 2 7 2 2 
2 2 2 2 2 7 2 2 
2 2 2 2 2 7 2 2 
2 2 2 2 2 7 2 2 
2 2 2 2 2 7 2 2 
2 2 2 2 2 7 2 2 
2 2 2 2 2 7 2 2 
2 2 2 2 2 7 2 2 
2 2 2 2 2 2 7 2 
2 2 2 2 7 2 2 2 
2 2 2 2 7 2 2 2 
2 2 2 2 7 2 2 2 
2 2 2 2 7 2 2 2 
2 2 2 2 7 2 2 2 
2 2 2 2 2 7 2 2 
2 2 2 2 7 2 2 2 
7 2 2 2 2 2 7 2 2 
2 7 2 2 2 2 2 2 7 2 
2 7 2 2 2 2 2 2 7 2 
2 7 2 2 2 2 2 2 7 2 
2 2 2 2 2 7 2 2 2 
2 2 2 2 2 7 2 2 2 
2 2 2 2 2 7 2 2 2 
2 2 2 2 2 7 2 2 2 
2 2 2 2 2 2 7 2 2 2 
2 2 2 2 2 7 2 2 2 
2 2 7 2 2 2 2 2 2 
2 2 2 2 7 2 2 2 2 
2 2 2 2 7 2 2 2 2 
2 2 2 2 7 2 2 2 2 
2 2 2 2 7 2 2 2 2 
2 2 2 7 2 2 2 2 2 
7 2 2 2 2 2 2 2 2 2 
2 2 2 2 2 2 2 2 2 2 
2 2 2 2 2 2 2 2 2 2 
2 2 2 2 2 2 2 2 2 2 
2 2 2 2 2 2 2 2 2 2 
2 2 2 2 2 2 2 2 2 2 
2 7 2 2 2 2 2 2 2 
2 2 2 2 2 2 2 2 
2 2 2 2 2 2 2 2 
4 2 2 2 2 2 2 2 2 
4 2 2 2 2 2 2 2 2 
4 2 2 2 2 2 2 2 2 
2 7 2 2 2 2 2 2 2 2 
2 7 2 2 2 2 2 2 2 2 
2 2 2 2 2 2 2 2 2 
2 2 2 2 2 2 2 2 
2 2 2 2 2 2 2 2 
2 2 2 2 2 2 2 2 
2 2 2 2 2 2 2 2 
2 2 2 2 2 2 2 2 
2 2 2 2 2 2 2 2 
2 2 2 2 2 2 2 2 
2 2 2 2 2 2 2 2 
2 2 2 2 2 2 2 2 
2 7 2 2 7 2 2 2 2 2 
2 7 7 2 2 2 2 2 2 2 
2 7 7 2 2 2 2 2 2 2 
2 2 2 2 2 2 2 2 
2 2 2 2 2 2 2 2 
2 2 2 2 2 2 2 2 
2 2 2 2 2 2 2 2 
2 2 2 2 2 2 2 2 
2 2 2 2 2 2 2 2 
7 2 2 2 2 2 2 2 2 
7 2 2 2 2 2 2 2 2 
7 2 2 2 2 2 2 2 2 
2 2 2 2 2 2 2 2 2 
2 2 2 2 2 2 2 2 
2 2 2 2 2 2 2 2 
2 2 2 2 2 2 2 2 
2 2 2 2 2 2 2 2 
2 2 2 2 2 2 2 2 
2 2 2 2 2 2 2 2 
2 2 2 2 2 2 2 2 
2 2 2 2 2 2 2 2 
2 2 2 2 2 2 2 2 
2 2 2 2 2 2 2 2 
2 2 2 2 2 2 2 2 
2 2 2 2 2 2 2 2 
2 2 2 2 2 2 2 2 
2 2 2 2 2 2 2 2 
2 2 2 2 2 2 2 2 
2 2 2 2 2 2 2 2 
2 2 2 2 2 2 2 2 
2 2 2 2 2 2 2 2 2 
2 2 2 2 2 2 2 2 2 
2 2 2 2 2 2 2 2 2 
2 2 2 2 2 2 2 2 
2 2 2 2 2 2 2 2 
2 2 2 2 2 2 2 2 
2 2 2 2 2 2 2 
2 2 2 2 2 2 2 
2 2 2 2 2 2 2 
2 2 2 2 2 2 2 
2 2 2 2 2 2 2 
2 2 2 2 2 2 2 
2 2 2 2 2 2 2 
2 2 7 2 2 2 2 2 2 
2 2 7 2 2 2 2 2 2 
2 2 2 2 2 2 2 2 
2 2 2 2 2 2 2 2 
2 2 2 2 2 2 2 2 
2 2 2 2 2 2 2 
2 2 2 2 2 2 2 
2 2 2 2 2 2 2 
2 2 2 2 2 2 2 
2 2 2 2 2 2 2 
2 2 2 2 2 2 2 
2 2 2 2 2 2 2 
2 2 2 2 2 2 2 
2 2 2 2 2 2 2 
2 2 2 2 2 2 
2 2 2 2 2 2 2 2 
2 2 2 2 2 2 2 2 
2 2 2 2 2 2 2 2 
2 2 2 2 2 2 2 2 
2 2 2 2 2 2 2 2 2 
2 2 2 2 2 2 2 2 2 
2 2 2 2 2 2 2 2 2 
2 2 2 2 2 2 2 2 2 
2 2 2 2 2 2 2 2 2 
2 2 2 2 2 2 2 2 2 
2 2 2 2 2 2 2 2 2 
2 2 2 2 2 2 2 2 2 
2 2 2 2 2 2 2 2 2 
2 2 2 2 2 2 2 2 2 
2 2 2 2 2 2 2 2 2 
2 2 2 2 2 2 2 2 2 
2 2 2 2 2 2 2 2 
2 2 2 2 2 2 2 2 2 
2 2 2 2 2 2 2 2 2 
2 2 2 2 2 2 2 2 2 
2 2 2 2 2 2 2 2 
2 2 2 2 2 2 2 2 
2 2 2 2 2 2 2 2 
2 2 2 2 2 2 2 
2 2 2 2 2 2 2 
2 2 2 2 2 2 2 
2 2 2 2 2 2 2 
2 2 2 2 2 2 2 
2 2 2 2 2 2 2 
2 2 2 2 2 2 
2 2 2 2 2 2 
2 2 2 2 2 2 
2 2 2 2 2 2 2 2 
2 2 2 2 2 2 2 
2 2 2 2 2 2 2 
2 2 2 2 2 2 
2 2 2 2 2 2 2 
2 2 2 2 2 2 
2 2 2 2 2 2 2 
2 2 2 2 2 2 2 
2 2 2 2 2 2 2 
2 2 2 2 2 2 2 
2 2 2 2 2 2 2 
2 2 2 2 2 2 2 
2 2 2 2 2 2 2 
2 2 2 2 2 2 2 
2 2 2 2 2 2 2 
2 2 2 2 2 2 
2 2 2 2 2 2 
2 2 2 2 2 2 
2 2 2 2 2 2 
2 2 2 2 2 2 
2 2 2 2 2 2 
2 2 2 2 2 2 2 
2 2 2 2 2 2 2 
2 2 2 2 2 2 2 
2 2 2 2 2 2 2 
2 2 2 2 2 2 2 
2 2 2 2 2 2 2 
2 2 2 2 2 2 
2 2 2 2 2 
2 2 2 2 2 
2 2 2 2 2 2 
2 2 2 2 2 2 
2 2 2 2 2 2 
2 2 2 2 2 2 
2 2 2 2 2 2 
2 2 2 2 2 2 
2 2 2 7 2 2 2 2 
2 2 2 2 7 2 2 2 
2 2 2 2 7 2 2 2 
2 2 2 7 2 2 2 2 
2 2 2 7 2 2 2 2 
2 2 2 7 2 2 2 2 
2 7 2 2 2 2 2 
2 2 2 2 2 2 
2 2 2 2 2 2 
2 2 2 2 2 
2 2 2 2 2 2 
2 2 2 2 2 2 
2 2 2 2 2 2 2 
2 2 2 2 2 2 2 
2 2 2 2 2 2 2 
2 2 2 2 2 2 2 2 
2 2 2 2 2 2 2 2 
2 2 2 2 2 2 2 2 
2 2 2 2 2 2 2 
2 2 2 2 2 2 2 
2 2 2 2 2 2 2 
2 2 2 2 2 2 2 
2 2 2 2 2 2 2 2 
2 2 2 2 2 2 2 
2 2 2 2 2 
2 2 2 2 2 2 2 
2 2 2 2 2 2 2 2 
2 2 2 2 2 2 
2 2 2 2 2 2 
2 2 2 2 2 2 
2 2 2 2 2 2 
2 2 2 2 2 2 
2 2 2 2 2 2 
2 2 2 2 2 2 
2 2 2 2 2 2 
2 2 2 2 2 2 
2 2 2 2 2 
2 2 2 2 2 
2 2 2 2 2 
2 2 2 2 2 2 
2 2 2 2 2 2 
2 2 2 2 2 2 
2 2 2 2 2 2 
2 2 2 2 2 2 
2 2 2 2 2 2 
2 2 2 2 2 
2 2 2 2 2 
2 2 2 2 2 
2 2 2 2 2 
2 2 2 2 2 
2 2 2 2 2 
2 2 2 2 2 
2 2 2 2 2 
2 2 2 2 2 
2 2 2 2 2 2 
2 2 2 2 2 2 
2 2 2 2 2 2 
2 2 2 2 2 2 
2 2 2 2 2 2 
2 2 2 2 2 2 
2 2 2 2 2 2 
2 2 2 2 2 2 
2 2 2 2 2 2 
2 2 2 2 2 2 
2 2 2 2 2 2 
2 2 2 2 2 2 
2 2 2 2 2 
2 2 2 2 2 
2 2 2 2 
2 2 2 2 2 
2 2 2 2 2 
2 2 2 2 2 
2 2 2 2 
2 2 2 2 
2 2 2 2 
2 2 2 2 
2 2 2 2 
2 2 2 2 
2 2 2 2 2 
2 2 2 2 2 
2 2 2 2 2 
2 2 2 2 
2 2 2 2 
2 2 2 2 
2 2 2 2 
2 2 2 2 
2 2 2 2 
2 2 2 2 
2 2 2 2 
2 2 2 2 2 
2 2 2 2 2 
2 2 2 2 2 
2 2 2 2 2 
2 2 2 2 2 2 
2 2 2 2 2 2 
2 2 2 2 2 2 
2 2 2 2 2 
2 2 2 2 
2 2 2 2 
2 2 2 2 2 
2 2 2 2 2 
2 2 2 2 2 
2 2 2 2 2 
2 2 2 2 2 
2 2 2 2 2 
2 2 2 2 2 2 
2 2 2 2 2 2 
2 2 2 2 2 2 
2 2 2 2 2 2 
2 2 2 2 2 2 
2 2 2 2 2 2 
2 2 2 2 2 2 
2 2 2 2 2 2 
2 2 2 2 2 2 
2 2 2 2 2 2 2 
2 2 2 2 2 2 2 
2 2 2 2 2 2 2 
2 2 2 2 2 2 2 
2 2 2 2 2 2 2 
2 2 2 2 2 2 2 
7 7 2 2 2 2 2 
7 7 2 2 2 2 2 
7 7 2 2 2 2 2 
2 7 7 2 2 2 2 2 
2 7 7 2 2 2 2 2 
2 7 7 2 2 2 2 2 
2 2 2 2 2 2 
2 2 2 2 2 2 
2 2 2 2 2 2 
2 2 2 2 2 2 
2 2 2 2 2 2 
2 2 2 2 2 2 
2 2 2 2 2 2 
2 2 2 2 2 2 
2 2 2 2 2 2 
2 2 2 2 2 2 2 
2 2 2 2 2 2 2 
2 2 2 2 2 2 2 
2 2 2 2 2 2 2 
2 2 2 2 2 2 2 
2 2 2 2 2 2 2 
2 6 2 2 2 2 
2 2 2 2 2 2 2 
2 7 2 2 2 2 2 
7 2 2 2 7 2 
2 2 7 7 2 2 7 2 
2 2 7 7 2 2 7 2 
2 2 2 7 7 2 7 2 2 2 
2 2 2 7 7 2 7 2 2 2 
2 2 2 7 7 2 2 2 2 
2 2 2 7 7 2 2 2 7 
2 2 2 7 7 2 2 2 7 
2 2 2 7 7 2 2 2 7 
2 2 2 7 2 2 2 7 
2 2 2 7 2 2 2 7 
2 2 2 7 2 2 2 7 
2 2 2 2 2 7 
2 2 7 2 2 2 7 
2 2 7 2 2 2 7 
2 2 7 2 2 2 7 
2 7 2 2 2 7 
2 7 2 2 2 7 
2 7 2 2 2 7 
2 7 2 2 2 7 
2 7 2 2 2 7 
2 7 2 2 2 7 
2 7 2 2 2 7 
2 7 2 2 2 7 
2 2 7 2 2 2 7 
2 2 7 2 2 2 7 
2 2 7 2 2 2 7 
2 2 2 2 7 
2 2 7 2 2 2 7 
2 2 2 2 2 7 
2 2 2 2 2 7 
2 2 2 2 2 7 
2 2 2 2 2 7 
2 2 2 2 2 7 
2 2 2 2 2 7 
2 2 2 2 2 7 
2 2 2 2 7 2 
2 2 2 2 7 2 
2 2 2 2 7 2 
2 2 7 2 2 7 2 
2 2 7 2 2 7 2 
2 7 2 2 2 7 2 
7 2 2 2 2 7 2 
2 7 2 2 7 2 
7 2 2 7 2 
7 2 2 7 2 
7 2 2 7 2 
7 2 2 7 2 
2 2 7 2 
2 2 7 2 
2 2 7 2 
2 7 2 2 7 2 
2 7 2 2 7 2 
2 7 2 2 7 2 
2 7 2 2 2 
2 7 2 2 2 
2 7 2 2 2 
7 2 2 2 2 2 2 2 2 
2 2 3 7 2 2 2 2 2 
2 3 7 2 2 2 2 2 
2 7 7 2 2 2 2 2 2 
2 2 2 7 2 2 2 2 2 
2 2 7 2 7 2 2 2 2 2 
2 2 7 7 2 2 2 2 2 
2 2 7 7 2 2 2 2 2 
2 2 7 7 2 2 2 2 2 
2 2 7 7 2 2 2 
2 2 7 7 2 2 2 
2 2 7 7 2 2 2 
2 2 2 7 7 2 2 2 
2 2 2 7 7 2 2 2 
2 2 7 7 2 2 2 
2 2 7 2 7 2 2 2 2 
2 7 2 2 2 7 2 2 2 
7 2 2 2 7 2 2 2 
7 2 2 2 2 2 2 
7 2 2 2 2 2 2 
7 2 2 2 2 2 2 
2 7 2 7 2 2 2 2 2 
2 7 2 7 2 2 2 2 2 
2 7 2 7 2 2 2 2 2 
2 7 2 2 2 2 2 
2 2 7 2 2 2 2 2 
2 2 7 2 2 2 2 2 
2 7 2 2 7 2 2 2 
2 7 2 7 2 2 2 2 
2 7 2 7 2 2 2 2 
2 2 2 2 7 7 2 7 2 2 
2 7 7 2 2 7 2 2 2 
2 7 2 7 2 2 7 2 2 
