2 2 2 2 2 2 
2 4 2 2 2 2 2 
2 4 2 2 2 2 2 
4 2 2 2 2 2 2 
0 2 2 2 2 2 2 
2 2 2 2 2 2 
4 2 2 2 2 2 
2 2 2 2 2 4 2 2 
2 2 2 2 2 
2 2 2 2 2 
2 2 2 2 2 
2 2 2 2 2 
5 2 2 2 2 
2 6 2 2 2 
2 5 2 2 2 
5 2 2 2 2 
5 2 6 3 2 
6 3 2 2 
2 6 2 2 
6 2 2 
2 
2 
6 2 
2 
6 2 
6 2 
6 2 
6 2 
6 2 
2 2 
2 2 
5 6 2 
5 2 2 
5 2 2 
5 2 2 2 
2 5 2 2 
2 2 2 
2 5 2 2 2 
2 2 2 2 
2 2 2 2 
2 2 2 2 
2 2 2 
2 2 2 
2 2 
2 2 
2 2 2 2 2 
2 2 2 
2 2 2 
2 2 2 
2 2 2 
2 2 2 
2 2 2 2 2 
2 2 2 2 
2 2 2 2 
2 2 2 2 
2 2 2 2 
2 2 2 2 
2 2 2 2 
2 2 2 2 
2 2 2 2 2 
2 2 2 2 2 
2 2 2 2 2 
2 2 2 2 
2 2 2 2 
2 2 2 2 
2 2 2 2 2 
2 2 2 2 2 
2 2 2 2 2 
2 2 2 2 2 
2 2 2 2 2 
2 2 3 2 2 2 
2 2 2 2 2 
2 2 2 2 2 
7 2 2 2 2 2 
2 2 2 2 
2 2 2 2 
2 2 2 2 2 
7 2 2 2 2 2 
2 2 2 2 2 
2 2 2 2 
2 2 2 2 
2 2 2 2 
2 2 2 2 
2 2 2 2 
2 2 2 2 
2 2 2 2 
2 2 2 2 2 2 
2 2 2 2 
2 2 2 
2 2 2 2 2 
2 2 4 2 2 2 
2 2 2 2 2 
2 2 2 2 2 
2 2 2 2 2 
2 2 2 2 2 2 
2 2 2 2 2 
2 2 2 2 2 
2 2 2 2 2 2 
2 2 2 2 2 
2 2 2 2 2 
2 2 2 2 2 
5 2 2 2 2 2 2 
5 2 2 2 2 
5 2 2 2 2 
5 2 2 2 2 
2 2 2 2 
2 2 2 2 2 
2 2 2 2 
5 2 2 2 
5 2 2 2 
2 2 2 
2 2 2 
2 2 2 
2 6 2 2 
6 2 2 
2 2 6 2 2 
5 2 2 
6 6 2 2 
6 2 2 
2 2 
2 2 2 2 2 
6 2 2 2 2 
2 2 2 2 
5 2 2 2 2 
2 2 2 2 
2 2 2 2 
7 2 2 2 2 
7 5 2 2 2 2 
7 2 2 2 2 
2 2 2 2 2 2 
5 7 2 2 2 2 2 
2 2 2 2 2 2 
2 2 2 2 2 2 
2 2 2 2 2 2 
2 2 2 2 2 
2 2 2 2 2 
2 2 2 2 2 2 
2 2 2 2 2 2 
2 2 2 2 2 2 
2 2 2 2 2 2 
2 2 2 2 2 
2 2 2 2 2 
2 2 2 2 2 2 
2 2 2 2 2 
2 2 2 2 2 
2 2 2 2 
2 2 2 2 
2 2 2 2 
2 2 2 2 
2 2 2 2 
2 2 2 2 
2 2 2 2 
2 2 2 2 
2 2 2 2 
2 2 2 2 
2 2 2 2 2 
2 2 2 2 2 2 
2 2 2 2 2 2 2 
2 2 2 2 2 2 
2 2 2 2 2 2 
2 2 2 2 2 2 
2 2 2 2 2 2 
2 2 2 2 2 2 
2 2 2 2 2 
2 2 2 2 2 
2 2 2 2 2 2 2 
2 2 2 2 2 2 2 2 
2 2 2 2 2 2 2 
2 2 2 2 2 2 2 2 
2 2 2 2 2 2 2 
2 2 2 2 2 2 2 
2 2 2 2 2 2 2 
2 2 2 2 2 2 
2 2 2 2 2 2 
2 2 2 2 2 
2 2 2 2 2 2 
2 2 2 2 2 2 2 
2 2 2 2 2 2 2 2 
2 2 2 2 2 2 2 
2 2 2 2 2 2 2 
2 2 2 2 2 2 2 
2 2 2 2 2 2 2 
2 2 2 2 2 2 2 
2 2 2 2 2 2 2 
2 2 2 2 2 2 2 
2 2 2 2 2 2 
2 2 2 2 2 2 
2 2 2 2 2 2 
2 2 2 2 2 2 
2 4 2 2 2 2 2 
4 2 2 2 2 2 2 
2 4 2 2 2 2 2 2 
4 2 2 2 2 2 2 2 2 
4 2 2 2 2 2 2 2 2 
2 2 2 2 2 2 2 2 
2 2 2 2 2 2 2 
2 2 2 2 2 2 
2 2 2 2 2 
2 2 2 2 2 2 
2 2 2 2 2 2 
2 2 2 2 2 2 
2 2 2 2 2 
2 2 2 2 2 
2 2 2 2 2 
2 2 2 2 2 
2 2 2 2 
2 2 2 2 
2 2 2 2 
2 2 2 2 
2 2 2 2 
2 2 4 2 2 
2 4 2 2 
2 4 2 2 
2 4 2 2 
2 2 4 2 
2 4 2 2 
4 2 2 2 2 
2 2 2 2 
2 2 2 2 
2 2 2 2 
2 2 2 2 
2 4 2 2 
2 2 2 
2 2 2 
2 2 2 
2 2 2 
2 2 2 
2 2 2 
2 2 2 2 
2 2 2 
2 2 2 
2 2 2 
2 2 2 
2 2 2 
2 2 2 
2 2 2 
2 2 2 2 
2 2 2 2 
2 2 2 2 
2 2 2 2 
2 2 2 
2 2 2 
2 2 2 
2 2 2 
2 2 2 
2 2 2 
2 2 2 
2 2 2 
2 2 2 
2 2 2 2 
2 2 2 2 
2 2 2 2 
2 2 2 2 
2 2 2 2 
2 2 2 2 
2 2 2 2 
2 2 2 2 2 
2 2 2 2 2 
2 2 2 2 2 
2 2 2 2 2 
2 2 2 2 2 2 
2 2 2 2 2 2 
2 2 2 2 2 2 
2 2 2 2 2 2 
2 2 2 2 2 
2 2 2 2 2 2 
2 2 2 2 2 
2 2 2 2 2 2 
2 2 2 2 2 
0 2 2 2 2 2 
2 2 2 2 2 2 2 
2 2 2 2 2 2 2 
2 2 2 2 2 2 2 2 
2 2 2 2 2 2 2 2 
2 2 7 2 2 2 2 2 2 
7 3 2 2 2 2 2 2 2 2 
7 2 2 2 2 2 
2 2 2 2 2 2 2 
2 2 2 2 2 2 2 2 
2 2 2 2 2 2 2 
2 2 2 2 2 2 2 
2 2 2 2 2 2 2 2 2 
3 2 2 2 2 2 2 
2 3 2 2 2 2 2 
2 2 2 2 2 2 2 
2 2 2 2 2 
2 2 2 2 2 
2 2 2 2 2 
2 2 4 2 2 2 
2 2 2 2 2 
2 2 2 2 2 
2 2 2 2 2 
2 2 2 2 2 
2 2 2 2 2 
2 2 2 2 
2 2 2 2 2 
2 2 2 2 
2 2 2 2 
2 2 2 
2 2 2 2 
2 2 2 2 
2 2 2 2 
2 2 2 2 
2 2 2 2 
2 2 2 2 
2 2 2 
2 2 2 2 
2 2 2 2 
2 2 2 2 
2 2 2 2 
2 2 2 2 
2 2 2 2 
2 2 2 2 
2 2 2 2 
2 2 2 2 
2 2 2 2 
2 2 2 
2 2 2 
2 2 2 
2 2 2 2 
2 2 2 2 
2 2 2 
2 2 2 2 
2 3 2 2 
2 2 2 2 
2 2 2 2 
2 2 2 2 
2 2 
2 
2 



2 
2 
4 
4 


2 2 
2 
2 2 
2 2 
2 

2 
2 2 
2 2 2 2 
2 2 2 2 
2 2 2 2 
2 2 2 
2 2 2 2 
2 2 2 2 
2 2 2 2 
2 2 2 2 
2 2 2 2 
2 2 2 2 2 
2 2 2 2 2 
2 2 2 2 2 
2 2 2 2 2 
2 2 2 2 2 
2 3 2 2 2 
2 2 2 2 2 
2 2 2 2 2 2 
2 2 2 2 2 2 2 
2 2 2 2 
2 2 2 2 2 
3 2 2 
2 2 
2 
2 2 2 
2 2 2 
2 2 2 
2 2 2 
2 2 2 
3 2 2 2 
3 2 2 2 
2 2 2 
2 2 2 2 2 
3 2 2 2 
2 2 2 
2 2 2 2 
2 2 2 2 
3 2 2 2 2 
2 2 2 2 
2 2 2 2 
2 2 2 2 2 
2 2 2 2 2 
2 2 2 2 2 2 2 
2 2 2 2 2 2 
2 2 2 2 2 2 2 
2 2 2 2 2 2 
2 2 2 2 2 2 
2 2 2 2 2 2 
2 2 2 2 2 2 
2 2 2 2 2 2 
2 2 2 2 2 2 
2 2 2 2 2 2 
2 2 2 2 2 2 
2 2 2 2 2 2 
2 2 2 2 2 2 
2 2 2 2 2 2 
2 2 2 2 2 2 2 
2 2 2 2 2 2 
2 2 2 2 2 2 
2 2 2 2 2 2 
2 2 2 2 2 2 
2 2 2 2 2 2 
2 2 2 2 2 
2 2 2 2 2 
2 2 2 2 
2 2 2 2 
2 2 2 2 
2 2 2 2 
2 2 2 2 
2 2 2 2 
2 2 2 2 
2 2 2 2 2 
2 2 2 2 2 
2 2 2 2 
2 2 2 
2 2 2 
2 2 2 
2 2 2 
2 2 2 
2 2 2 
2 2 2 2 2 
2 2 7 2 2 
7 2 2 2 2 
7 2 2 2 2 
7 2 2 2 2 
7 2 2 2 2 
2 7 2 2 2 
2 7 2 2 2 
2 7 2 2 2 
2 2 7 2 2 
2 2 2 2 2 
2 2 2 2 
2 2 2 2 
2 2 2 2 2 
2 2 3 2 2 2 
2 2 2 2 
2 2 2 2 2 
2 2 2 2 2 
2 2 2 2 2 
2 2 2 2 2 
2 2 2 2 2 
2 2 2 2 2 
2 2 2 2 2 2 
2 2 2 2 2 2 
2 2 2 2 2 2 
2 2 2 2 2 2 
2 2 2 2 2 2 
2 2 2 2 2 2 
2 2 2 2 2 2 2 
2 2 2 2 2 2 2 
2 2 2 2 2 2 2 
2 2 2 2 2 2 2 
2 2 2 2 2 2 2 
2 2 2 2 2 2 2 
2 2 2 2 2 2 2 
2 2 2 2 2 2 2 
2 2 2 2 2 2 2 
2 2 2 2 2 2 2 
2 2 2 2 2 2 
2 2 2 2 2 2 2 
2 2 2 2 2 2 2 
2 2 4 2 2 2 2 2 
2 2 2 2 4 2 2 2 2 
2 2 2 2 2 2 2 2 
2 2 2 2 2 2 
2 2 2 4 2 2 
2 2 2 2 2 
2 2 2 2 4 2 2 
2 2 2 2 2 4 2 2 
2 2 2 2 2 2 2 
2 4 2 2 2 2 2 2 
2 2 2 2 2 2 
2 2 2 4 2 2 2 
2 2 2 4 2 2 
4 2 2 2 2 2 2 
2 2 2 2 2 2 
2 2 2 2 2 2 
2 2 2 2 2 2 
2 2 2 2 2 2 
2 2 2 2 2 
2 2 2 2 2 
2 2 2 2 
2 2 2 2 
2 2 2 2 
2 2 2 
2 2 2 
2 2 2 
2 2 2 
2 2 2 
2 2 2 
2 2 2 
2 2 2 
2 2 2 
2 2 2 
2 2 
2 2 2 
2 2 2 
4 2 2 
4 2 2 2 
2 
2 2 
2 2 
2 2 
2 2 
2 2 
2 2 2 
2 2 2 
2 2 2 
2 2 2 
2 2 2 
2 2 2 
2 2 
2 2 
2 2 
2 2 
2 2 
2 2 
2 2 
2 2 2 
2 2 2 
2 2 
2 2 
2 2 
2 2 
2 2 
2 2 
2 2 
2 2 
2 2 
2 2 
2 2 
2 2 
2 2 
2 2 
2 
2 
4 
2 
2 
2 
2 
2 
2 2 
2 2 
2 2 
2 2 
2 2 
2 2 
2 2 
2 2 
2 2 
2 4 2 
4 2 
2 2 2 2 
2 2 2 
2 2 2 
2 2 2 
2 2 2 
2 2 
2 2 2 
2 2 
2 2 
2 2 2 
2 2 
5 2 2 
5 7 2 2 
5 2 2 
5 2 2 
2 2 2 
2 2 
2 2 2 
2 2 2 
2 2 2 
6 2 2 
2 2 2 
2 2 2 
2 2 2 2 
2 2 2 
2 2 2 
2 2 2 
2 2 2 2 
2 2 2 2 
2 2 2 2 2 
2 2 2 2 
2 2 2 2 2 
2 2 2 2 2 
2 2 2 2 2 
2 2 2 2 2 
2 2 2 2 
2 2 2 2 
2 2 2 2 
2 2 2 2 
2 2 2 2 
2 2 2 2 
2 2 2 2 
2 2 2 2 
2 2 2 2 
2 2 
2 2 
2 2 
2 2 
2 2 
2 2 
2 2 
2 2 
2 2 
2 2 
2 2 
2 
2 2 
2 2 
2 2 
2 2 
2 2 
2 2 
2 2 
2 2 2 
2 2 2 
2 2 2 
2 4 2 2 2 
2 2 2 2 
2 2 2 
2 2 2 
2 2 2 
2 2 2 
2 2 
5 2 2 2 2 
2 2 2 2 
2 2 2 2 
5 2 2 2 
2 2 2 2 
2 5 2 2 2 
0 2 5 2 2 2 
2 2 2 5 2 
5 2 2 2 2 2 
2 2 2 2 
2 2 2 2 
2 2 2 2 
2 2 2 2 
2 2 2 
6 2 2 2 
2 7 2 2 
2 2 2 
2 2 2 
6 2 2 2 
2 2 2 
2 6 2 2 
2 6 2 2 
7 2 2 
2 2 
2 2 
2 2 
2 2 
2 2 
2 2 2 
7 2 2 2 
2 2 2 
2 2 2 
7 2 2 2 
6 2 2 
6 2 2 
5 2 2 
6 5 2 2 
5 2 2 
2 2 5 
2 2 5 
5 2 2 
2 7 5 2 2 
2 2 5 2 
2 2 6 2 2 
2 2 6 2 5 2 
5 6 2 2 2 5 
2 2 2 5 2 5 
2 2 5 2 5 
2 2 2 5 2 5 
2 2 5 2 5 
2 2 2 2 2 
2 2 2 
2 2 2 2 
2 2 5 2 2 
2 2 2 2 
2 2 
2 
2 
2 2 
2 2 2 
2 2 
2 2 2 
2 2 
2 2 
2 2 
2 2 2 
2 2 2 2 
6 2 2 2 2 
2 2 2 2 
2 2 2 
6 2 2 
5 2 2 2 
2 2 6 2 2 
2 6 2 2 
2 6 2 2 
5 6 2 2 2 
5 2 2 2 
2 2 5 2 
2 5 2 2 
2 5 2 2 2 
5 2 2 2 
2 5 2 2 
2 2 5 2 
2 5 2 2 
2 2 2 5 2 
5 2 2 2 
2 2 5 2 
2 5 2 2 
0 2 2 5 2 
2 5 2 2 
2 2 5 2 
2 2 5 2 2 
2 2 5 2 
2 2 5 2 
5 7 2 2 2 
7 5 2 2 2 
2 2 2 2 2 
2 2 2 2 2 
2 2 2 
2 2 2 
2 2 2 
2 2 2 
6 2 2 2 2 
2 2 2 2 
2 3 2 2 2 2 
2 2 2 2 2 
2 2 2 2 2 
2 2 2 2 2 
2 2 2 2 2 2 
2 2 2 2 2 2 
2 2 2 2 2 2 
2 2 2 2 2 
2 2 2 2 2 
2 2 2 2 2 
2 2 2 2 2 
2 2 2 2 2 
2 2 2 2 2 
2 2 2 2 2 2 
2 2 2 2 2 2 
2 2 2 2 2 2 
2 2 2 2 2 
2 2 2 2 2 2 
2 2 2 2 2 2 
2 2 2 2 2 2 
2 2 2 2 2 2 
2 2 2 2 2 2 
2 2 2 2 2 2 2 
2 2 2 2 2 2 2 
2 2 2 2 2 2 2 
2 2 2 2 2 2 2 
2 2 2 2 2 2 2 2 
2 2 2 2 2 2 2 2 
2 2 2 2 2 2 2 2 
2 2 2 2 2 2 2 2 
2 2 2 2 2 2 2 2 
2 2 2 2 2 2 2 
2 2 2 2 2 2 
2 2 2 2 2 2 2 2 
2 2 2 2 2 2 2 2 
2 2 2 2 2 2 
3 2 2 2 2 2 2 2 
2 2 2 2 2 2 2 
2 2 2 2 2 2 2 
2 2 2 2 2 2 2 2 
2 2 2 2 2 2 
2 2 2 2 2 2 
2 2 2 2 2 2 
2 2 2 2 2 2 
3 2 2 2 2 3 2 2 2 
2 2 2 2 2 
4 2 2 3 2 2 2 2 
2 2 3 2 2 
3 2 2 2 2 
2 2 2 2 
2 2 2 3 2 2 
2 2 2 2 
2 2 2 2 2 
2 2 2 2 2 
2 2 2 2 
2 2 2 2 
2 2 2 2 2 
2 2 2 2 
2 2 2 2 
2 2 2 2 
2 2 2 2 
2 2 2 2 
2 2 2 2 
2 2 2 2 
2 2 2 2 
2 2 2 2 2 
2 2 2 2 2 
2 2 2 2 2 
2 2 2 2 2 
2 2 2 2 2 2 
2 2 2 2 2 
2 2 2 2 2 
2 2 2 2 
2 2 2 2 
2 2 2 2 
2 2 2 
2 2 2 
2 2 2 
2 2 
2 2 2 
2 2 
2 2 
2 2 
2 2 
2 2 
2 2 
2 2 
2 2 
2 2 
2 2 
2 2 2 
2 2 2 
2 2 2 
2 2 2 
2 2 2 
2 2 2 2 
2 2 2 2 
2 2 2 2 2 
2 2 2 2 2 2 
2 2 2 2 2 
2 2 2 2 2 
2 2 2 2 2 
2 2 2 2 2 
2 2 2 2 2 
2 2 2 2 2 
2 2 2 2 
2 2 2 2 
2 2 2 2 
3 2 2 2 
2 2 2 2 
2 2 2 2 
2 2 2 2 
2 2 2 2 2 
2 2 2 2 2 
2 2 2 2 2 
2 2 2 2 2 
2 2 2 2 2 
2 2 2 2 2 2 
2 2 2 2 2 2 
2 2 2 2 2 2 
2 2 2 2 2 2 
2 2 2 2 2 2 
4 2 2 2 2 2 2 
2 2 2 2 2 2 2 
2 3 2 2 2 2 2 
2 2 2 2 2 
3 2 2 2 2 2 
3 2 2 2 2 2 
2 2 2 2 2 
2 2 2 2 2 
2 2 2 2 2 
2 2 2 2 2 
2 2 2 2 2 
2 2 2 2 2 
2 2 2 2 
2 2 2 2 
2 2 2 2 
2 2 2 2 
2 2 2 7 5 2 
0 2 2 2 
0 2 2 2 
2 2 5 2 2 
2 5 2 2 2 
2 5 
2 5 
5 
2 5 2 
2 5 
2 5 
5 2 
0 5 
2 
5 
5 
5 
5 
5 
2 5 
2 5 
2 5 
6 5 5 
5 6 5 
2 5 
6 5 5 
2 2 5 
2 2 5 
2 2 5 
2 2 5 
2 2 2 5 
5 2 2 5 
2 2 2 2 5 
2 2 2 2 5 
2 2 2 2 5 
2 2 5 
2 2 5 2 
2 4 5 2 2 
2 2 5 2 
2 2 2 5 
5 6 5 2 2 
5 2 2 5 
2 5 2 5 
2 5 2 5 
5 2 5 2 
5 5 2 2 
6 5 2 2 
2 5 2 
2 5 2 
4 2 5 2 
5 2 2 
2 2 
2 2 
2 
2 
2 


2 
2 
2 
2 
2 
2 
2 
2 

3 



2 
2 
2 2 
2 2 
2 
2 2 
2 2 
2 2 
2 2 
2 2 
2 2 
2 2 
2 
2 7 
2 7 
2 2 2 
7 2 2 2 
7 2 2 
7 2 3 2 2 
3 2 2 
2 2 
2 2 
2 2 2 
2 2 2 
2 2 
2 2 3 2 
2 2 
2 2 2 
2 2 
2 2 
2 2 
2 2 
2 2 
2 2 
2 2 
2 2 
7 2 2 2 
7 2 2 2 
2 2 2 
2 2 2 
2 2 2 
2 2 2 
2 2 2 
2 2 2 
2 2 2 
2 2 2 
2 2 2 
2 2 2 
2 2 2 
2 2 2 
2 2 2 2 
2 2 2 
2 2 2 
2 2 2 2 
2 2 2 2 
2 2 2 2 2 
2 2 2 2 2 
2 2 2 2 
7 2 2 2 2 
2 2 2 2 2 
3 2 2 2 2 
2 2 3 2 2 2 
2 2 2 2 2 
2 2 2 2 2 
2 2 2 
2 2 2 2 
2 2 2 
2 2 2 
2 2 2 
2 2 2 
2 2 2 
2 2 2 
2 2 
2 2 
2 
2 2 2 
4 2 2 
2 2 
2 2 
4 2 
4 2 
2 4 2 2 
4 2 2 
2 
2 2 
2 2 2 2 
2 2 2 2 
2 2 2 2 
2 2 2 2 
2 2 2 2 
2 2 2 2 2 
2 2 2 2 2 
2 2 2 2 
2 2 2 2 2 
2 2 2 2 
2 2 2 2 2 
2 2 2 2 2 
2 2 2 2 2 
2 2 2 2 2 
2 2 2 2 
2 2 2 2 
2 2 2 2 
2 2 2 2 
2 2 2 2 
2 2 2 2 
